-3.953831750372087845e+04
-4.093418913867131050e+04
3.127806804182469845e+07
7.758164364260314964e+06
7.695441552088208497e+06
8.934392568994816393e+06
8.973473974960263819e+06
9.021336447876889259e+06
8.948829957346593961e+06
1.455002039011817425e+07
1.453165016273668408e+07
1.409843564725049958e+07
7.319885176678615971e+04
7.796009572436587187e+05
1.270153274703214765e+08
7.947234519137923828e+12
9.137522686124525964e+07
1.255526218243626505e+08
1.446913661887519807e+07
-1.873709978789323941e+03
-1.882797006298205815e+03
