-3.681622997659310931e+04
-3.813825176837287290e+04
-3.851255495195890398e+04
-3.889323469608028245e+04
9.194796763478720188e+07
9.193683536131575704e+07
6.727778038316633552e+06
6.857519893941345625e+06
2.252872521416843310e+07
2.168701778615223244e+07
5.209675286728151143e+07
5.454644626203518361e+07
5.213117791204662621e+07
4.879342396096920222e+07
1.443620658558419673e+06
1.949445901103718439e+06
1.270714168623447418e+06
3.176711893070639344e+05
3.841223741246412043e+06
3.830394837621920276e+06
3.802043354059315752e+06
3.707690783465696499e+06
-1.666962636025302345e+03
-1.657150362718472024e+03
-1.658281182963255560e+03
-1.688631413315830287e+03
-1.675023653911979636e+03
