-2.173339978536227136e+04
-3.650223588076410670e+04
-3.684732844228296744e+04
-4.039877116568429483e+04
5.191463313101859689e+08
6.420932932846144773e+06
6.279289141695938073e+06
6.455366896144460887e+06
6.425932120835495181e+06
6.387105067641054280e+06
1.705964247615263239e+07
4.135226087095718086e+07
4.236078075194951892e+07
2.840210434463592172e+08
2.834962570160863549e+07
4.993119837278160267e+06
1.308444898181944937e+08
1.163774723765126895e+06
1.182792658695515633e+09
1.419133272373370826e+07
4.282554387414888740e+08
-1.401160286552243633e+03
-1.387571034285792848e+03
-1.384064345543883974e+03
-1.425670718609151663e+03
-1.384969164294161601e+03
