2.781155423091506585e+06
2.736612019125313032e+06
8.760968603016363923e+05
9.845160582714862061e+11
2.051225647620274170e+12
2.381134052039645612e+05
5.134721411900663748e+06
5.247413977136776783e+06
5.178152805792813189e+06
1.176246671011184342e+06
-1.493023346209880256e+05
2.236498732037383020e+08
2.358524420025117579e+05
1.962419516525510116e+05
1.362677161879420467e+07
5.641133055416525269e+10
4.667729666113194078e+07
6.137779855267651081e+08
-9.264197931376693305e+02
-9.132651478545449208e+02
-9.198847961410065182e+02
