7.669842436504481360e+06
7.850557577032937668e+06
5.456041717345666885e+07
3.602772038100758218e+05
4.655637499743645079e+06
4.711923237428191118e+06
9.020045011050085449e+11
2.115557258478184960e+17
1.926961659217463255e+09
3.397759120172892581e+05
3.410776394584510708e+05
3.760621616357740713e+05
3.305918609249748406e+05
3.354096524644412566e+05
2.724531441492705941e+08
-5.803625370734953322e+02
-6.607670377258618828e+02
-6.386154448916786350e+02
-6.591870736299024429e+02
-6.386337590247567277e+02
-6.412871433225809596e+02
