-3.328846674844143854e+04
-3.453303869049253990e+04
3.270315912151259929e+07
7.634003533849152923e+07
2.580263757221946027e+06
2.309946271983087528e+06
2.390436562070372514e+06
1.273979099548674524e+08
8.543150806494790316e+07
2.265675563973650932e+09
3.274461139406397939e+08
1.306490146559490589e+06
6.157901423513789661e+06
4.287006697945836931e+06
6.265792384234772064e+06
1.552502296676344797e+07
5.271857681417511404e+07
2.501282240583561733e+07
3.304691622905113036e+03
3.204496844222303480e+03
3.360387078750703949e+03
3.161862102459155722e+03
3.619064316568023060e+03
