-2.147349486306772815e+04
-3.047231358080013160e+04
-3.263624084062274778e+04
-3.432934881900395703e+04
-3.594149289242331724e+04
5.444085258340881765e+07
1.482722217215082347e+08
6.232373082382013649e+07
1.116304528781776279e+08
2.191684249417819083e+08
3.372466470815366507e+08
6.374711964313151836e+08
1.548483899416427314e+08
-8.347660567791807989e+04
6.047890565380904824e+06
2.858547077336765081e+07
3.656277918390064500e+06
3.150083061979181366e+03
3.318876088581659133e+03
3.310829885695944540e+03
3.479184206206991803e+03
