1.174124049137529801e+04
6.052387132749572629e+01
-8.482407228029751423e+03
-1.246216345945905778e+04
-1.118285136566192887e+04
3.918997554506052732e+08
9.776492002391160889e+11
6.581095576148840904e+09
1.269009352201379538e+09
2.540703697327958047e+07
1.543634663672326365e+06
1.872109144314910285e+06
2.475215257235906087e+06
3.653141096529850271e+06
2.673219639757547528e+06
2.178180202110919654e+08
2.391692315151347779e+06
5.242866562298483215e+06
5.638780878778214566e+06
2.506498191037176549e+07
4.700740013604911044e+06
2.133233233175737143e+09
1.210597735170068452e+06
8.101932554945413023e+06
1.731259222580797672e+08
2.881500834223695099e+06
3.454672805077100754e+09
2.644336429856659379e+04
2.631363721931248438e+04
2.498893414698584820e+04
2.411016987191475346e+04
2.422104652491162415e+04
