1.540872662714537792e+07
4.831976850759862363e+07
1.222131064857537625e+06
2.337507970426928252e+06
9.592893314623713493e+07
2.584403912201382592e+07
3.595764235019149724e+06
1.707945581332622096e+07
1.762171391884934530e+07
4.335032731864090562e+08
9.569563054619313916e+05
5.544066327960359864e+06
3.254013496631546412e+06
3.256249639539388940e+06
1.514582712377258301e+09
9.630351296990932465e+09
1.856426244612333775e+08
5.781621829483256675e+06
2.459635428243078059e+04
2.563164881068791146e+04
2.662711855637762346e+04
2.622847273144099745e+04
2.497145065260722185e+04
2.487051184589095647e+04
2.541236294051841833e+04
