1.928315206601131649e+03
-2.568644730115287530e+03
-4.486134924719182891e+03
1.043482656320531853e+06
7.882115000815808296e+09
5.514700145149927586e+06
6.209308573522472754e+06
9.885153469537667930e+07
1.735200947028545290e+07
6.717852259400376119e+06
2.209978224619720578e+08
1.622258822238783352e+07
2.446965785283975303e+08
1.406801404624173231e+07
2.215005680795636368e+10
2.495229725162448734e+07
3.392780303303182721e+08
4.762267223003272084e+05
2.113020053761581898e+09
1.962902523605904579e+09
1.265340615571556538e+08
3.331170832674269332e+04
