4.973576432022233348e+03
3.219935436694824602e+03
4.552340042950818315e+02
2.414731360701262020e+01
-3.993692082671237586e+03
1.467615109121834338e+08
1.566612825637455797e+06
2.715760183103407035e+05
5.370316828085969543e+10
1.003388789105037285e+05
3.874148124282805715e+06
8.852196267600037390e+04
2.720486269081943901e+05
1.468449431181120453e+05
7.506934708344640676e+05
3.388380710846683360e+04
3.498230547545553418e+04
3.285362595989019610e+04
3.322821674769057427e+04
3.445376287156791659e+04
3.462452194862917531e+04
