1.102340346998703899e+04
1.068211546649052616e+04
8.835583154578671383e+03
6.553474103043939976e+03
1.944990650179548264e+08
3.096299256778010178e+10
5.330135358949688263e+06
1.278741927569333315e+08
7.813237676396350098e+10
6.548657631490182132e+06
3.538635707452266216e+08
2.029507809374282956e+08
3.902619582820305973e+07
2.335999772180523200e+16
1.733403539530499140e+06
1.137712149287336506e+06
7.386831792774645146e+05
6.277594509052298963e+05
4.940896240545689361e+05
1.000526290013530641e+06
4.502221573005671962e+04
4.676606232721300330e+04
4.322716277346087736e+04
4.400390171103994362e+04
4.397794447315824800e+04
