1.458813204299081553e+04
1.873867817552630186e+09
1.927719684953871965e+08
8.092907423105984926e+05
3.065455244238410592e+08
8.255222825957918167e+08
1.958598598457112967e+05
1.874973979718779912e+06
2.118873193408806249e+07
9.971441074253044790e+05
1.227508178316690326e+08
9.949675671562260250e+05
3.828429363631589338e+06
7.647403015274555422e+06
3.730314808635355377e+10
6.897104786697984314e+10
1.244081505685069114e+08
8.231837111442229152e+07
1.594836041345535517e+08
9.710639370848723920e+05
8.461716984777539968e+06
4.711060090768017108e+04
4.407611022946838057e+04
