9.553526881832411163e+04
6.894469079712423263e+04
7.129589165310755197e+04
6.608720005086694437e+04
6.461190701982456446e+08
1.516741763213298321e+08
6.357374589002991915e+08
1.196723648310271092e+07
2.301489564884532243e+07
6.783795788278393555e+12
6.914111891052281189e+10
1.397519645166324684e+06
5.893523992136643501e+05
1.417152031126549840e+07
1.188559431899690256e+07
3.315911338865590210e+11
4.009241002916960418e+07
4.055414953743551392e+06
3.460133022232651711e+08
1.029476434200077783e+05
9.721958289270941168e+04
