7.193200132588297129e+04
7.196788517625522218e+04
1.255921706276487559e+06
3.796971848439610749e+07
7.901002071771693230e+07
9.460968346206889255e+05
2.793481434982172966e+09
3.993898345076754922e+05
7.361249281089399010e+05
1.646202709977924824e+06
5.700985024500720901e+05
2.307062497764269356e+06
-5.094251889959289110e+04
3.691843704584634979e+05
4.535617093320596963e+07
3.375061103512768745e+08
4.049469018491529860e+05
2.301581488982178271e+08
8.875541863866966248e+10
1.695445293076848378e+06
1.472315589204388205e+06
8.751296559894334059e+05
2.506511387836030335e+05
1.618355241347272098e+08
1.061807195898814825e+05
9.749014751386159332e+04
