1.188429138608031644e+05
1.185061538087905938e+05
1.455649683413389884e+07
1.743638918170809746e+07
1.602702592360305600e+06
6.194616529144957894e+05
-6.420597207419937331e+04
2.148491161379398346e+09
1.082407041201279312e+07
1.302962190269838905e+10
4.695016218036293983e+06
2.959428927153547294e+06
6.729186298668119125e+05
7.724475942299908027e+06
9.317871839456913993e+06
3.106476409674268216e+07
5.337210813645643234e+09
6.672288167292810977e+04
-3.180875262939938810e+06
3.453496758801414166e+06
1.052474053122478072e+05
3.859546620879023671e+08
