3.018387594538042904e+05
3.152124830106566078e+05
2.921505146060618572e+05
2.852966348172611324e+05
8.573947280651750043e+06
3.209226014466431458e+06
1.676532082541829944e+08
1.882315724975978956e+07
6.207332242859323509e+06
1.773936327322713041e+05
3.214073489292785234e+04
8.939188155279309750e+08
2.575537066472119186e+05
2.468165520968631376e+06
2.528809134447790682e+06
7.366307250704822363e+05
1.165258757760393666e+06
5.050886247761292383e+06
7.975648950457590632e+06
2.412127116978887934e+06
1.349311420198216103e+07
8.702904963322749827e+05
