-2.225044095916528022e+02
-4.855101183342143486e+03
-9.490954595302049711e+03
-8.641280671442240418e+03
-1.225244728636877699e+04
-1.385291097418882418e+04
-1.805963439366134844e+04
-1.813726427244794468e+04
-1.923959447819331399e+04
-1.696813402419992781e+04
-1.878092219030049455e+04
-2.410923229843223817e+04
-2.296730243928552954e+04
-2.446250755757714796e+04
-2.829043868420331273e+04
-2.839086521819018526e+04
-2.973861330437372817e+04
-2.846770887646667688e+04
-2.786969880557777651e+04
-2.917088851790593617e+04
-2.967612509343701822e+04
-3.092319330964145774e+04
-3.064523469892372668e+04
-2.518949787687830394e+04
-1.714452175705373520e+03
-1.710138496192288585e+03
-1.722158340092137223e+03
-1.721705955580226146e+03
-1.710708597625314724e+03
-1.707024675857275724e+03
-1.742187301872909302e+03
-1.706941598066128790e+03
-1.742334758580866037e+03
-1.717948217607481638e+03
-1.726495910790021298e+03
-1.726259110295999562e+03
-1.717515579907427309e+03
