-3.048826816366061394e+03
-8.254717253030459688e+03
-8.429950316920112527e+03
-1.297534087836639810e+04
-1.174244116307549120e+04
-1.342387646403123654e+04
-1.191247958332973940e+04
-1.674417977703097131e+04
-1.676167069686216564e+04
-1.788249579178446584e+04
-2.130464312714719563e+04
-2.290086235544204828e+04
-2.143401716124593804e+04
-2.080918578849757614e+04
-2.089780719853441406e+04
-2.252017028107280203e+04
-2.404571768290676118e+04
-2.204516149634757312e+04
-2.264142067702088389e+04
-2.605414294749693363e+04
-2.378064860567665892e+04
-2.378567781226700754e+04
-2.456977301598762278e+04
-2.533795094955334207e+04
-2.408837394023186062e+04
-2.262482767180190422e+04
-1.373413489186321385e+03
-1.387333426613477059e+03
-1.407809026583796367e+03
-1.404847969937953167e+03
-1.370103133239899762e+03
