-1.505382977993875102e+03
-1.095463768629269907e+02
-4.780230148431728594e+02
-2.147727806817129022e+02
1.708080300281362724e+02
-8.539116567550299806e+02
-3.619320674342467100e+03
-2.538926571364398114e+03
-2.726024005416940781e+03
-4.252267104833736084e+03
-5.368222048689131043e+03
-4.802909565654626931e+03
-6.650732425342343049e+03
-5.437822157470916864e+03
-5.843610080687532900e+03
-4.825569099807878956e+03
-5.127787264985890943e+03
-4.693870946542898309e+03
-6.966881945573142730e+03
-4.430601818973969785e+03
-4.665049400532909203e+03
-6.655407055662653875e+02
-6.336988681314396672e+02
-7.074370797148003476e+02
-6.774340676315041492e+02
-7.483558179024403216e+02
-5.711155321295227623e+02
-7.647134397940390045e+02
-6.994753159762185533e+02
