-1.011294738526041328e+03
-3.682808879537391476e+03
-2.352268825265309715e+03
-2.942728864929420524e+03
-6.550064367920647783e+03
-6.840728765641448263e+03
-5.071873612444651371e+03
-6.737616261409086292e+03
-6.381885227988321276e+03
-5.765743818404975173e+03
-8.023716499619498791e+03
-5.933643182417428761e+03
-1.192066718166689679e+04
-1.168960912267003005e+04
-1.066156138541344262e+04
-1.201788161555300758e+04
-1.709739468858510372e+04
-1.548887157344991283e+04
-1.781504057887310046e+04
-1.741344492780306609e+04
-1.822575695485185133e+04
-1.252159523085196270e+03
-1.221938264297641581e+03
-1.231447782534378348e+03
-1.206896868420153623e+03
-1.197869874532800168e+03
-1.197591687106032623e+03
-1.215936313302634517e+03
-1.288351941298955353e+03
-1.217897318941482808e+03
-1.259689102295960765e+03
-1.229719011408247752e+03
-1.280951873689889908e+03
