-1.612104169213052955e+02
-6.903846348930819659e+02
-1.280590455634417594e+03
-2.613518147726237657e+03
-4.110513264682944282e+03
-5.030098195062470040e+03
-4.798965138576386380e+03
-5.047308202039494063e+03
-4.742568308247457026e+03
-6.014047866680601146e+03
-5.597349389964365400e+02
-5.411302420013089431e+02
-4.554742218523606425e+02
-5.996644107034371700e+02
-4.906931581643875688e+02
-4.739925251532258699e+02
-4.795993087246752111e+02
-4.526153882674407214e+02
-4.898760326688061468e+02
-4.532238283722253982e+02
-4.049150233173859306e+02
-5.960982955592480721e+02
-6.510326324717752868e+02
-6.325719821492239134e+02
-4.768240943195123691e+02
