-3.030537079298665049e+02
-1.536980389515803836e+03
-4.265206587800421403e+02
-3.796850901055287977e+03
-4.705118051846337039e+03
-3.534426758057583356e+03
-2.773675834890549595e+03
-7.708888733268773649e+03
-8.727292920666332066e+03
-6.797466402910446050e+03
-7.153449037459824467e+03
-8.349252283609959704e+03
-6.047506818492496677e+03
-7.855599161976861069e+03
-1.101854767984584032e+04
-1.327067383362801047e+04
-1.342254975957341958e+04
-1.246533171079949534e+04
-1.289275269400209072e+04
-1.209051226112774748e+04
-1.367863705541531090e+04
-1.428555302117121755e+04
-1.371194095704253414e+04
-1.221616887481723097e+04
-1.465289571148529649e+04
-1.351333293029552442e+04
-1.548086450548804714e+04
-1.250462156654638238e+04
-1.204701387639634777e+04
-1.487026141632176586e+04
-1.433264139923872426e+04
-8.599145915447443258e+02
-8.538745206411113031e+02
-8.487475397039379459e+02
-7.951146598145423923e+02
-9.364112907615490258e+02
-8.474665069615002722e+02
-9.008962208343727980e+02
-7.798591329077607952e+02
