-2.547437363884819206e+01
-6.402107575069094310e+02
-5.682533419295214117e+01
4.212313210796273779e+02
-2.195161788288038224e+03
-8.726354757474618964e+02
-1.053605992286175024e+03
-3.009146288917530910e+03
-1.989266071001213277e+03
-2.932651987569886842e+03
-2.673462416547379689e+03
-3.452831227721311734e+03
-2.044976178069817252e+03
-2.101218926705405465e+03
-2.984223234044824494e+03
-1.331792381593259051e+02
-3.028940977971069515e+02
-2.252103119125968078e+02
-1.460392876959958812e+02
-2.904113340819894802e+02
-2.520453337427752558e+02
