2.661134112348809140e+02
1.653738549431727733e+01
1.755607747368048877e+01
-7.317515730516606709e+02
1.414654953454009956e+02
-4.926481915009499062e+02
-7.267738557959237369e+02
2.473954725419898750e+02
-4.179716221784037771e+02
-9.954759227468894096e+02
4.863370253177999984e+02
5.063547680067276815e+02
5.829527598683052929e+02
5.450107773054478457e+02
6.999587036816083128e+02
4.830215481725608697e+02
5.564661976261413656e+02
5.289964548411080614e+02
3.742158406309172278e+02
4.483150455487193540e+02
5.941225176795996958e+02
6.799120589327212656e+02
