-3.763384593619494990e+04
8.706390534967882559e+06
8.836928924694946036e+06
8.729044983456429094e+06
1.228867864631875992e+09
1.464939579790686846e+09
2.816831572433083496e+11
1.493191620039842557e+06
1.354874922172062565e+06
3.320117410098941922e+08
2.264663399546076655e+08
8.564770138591335297e+09
1.090523459884668589e+09
1.100370568599569321e+09
1.079343272645668268e+09
5.853107803756552935e+08
6.447740908280150890e+08
1.981899283328476304e+05
1.984947368968236551e+05
1.970087901268004789e+05
-1.818136725724179996e+03
-1.826043193799821893e+03
-1.832996862796862843e+03
-1.816603618735302007e+03
