-3.714361421743426763e+04
-3.781509619411450694e+04
-3.852054543679375638e+04
-3.890945167370248237e+04
-3.976057283463128988e+04
-4.071737465501112456e+04
-4.125061834366290714e+04
3.559908220766115002e+06
3.672485660035719629e+06
6.011005845210148953e+06
3.365691753058051300e+10
7.565523010609805584e+08
1.609061345410144702e+07
5.073812886251652613e+06
4.896438666474103928e+06
2.637522374843786621e+11
6.316615847444465332e+11
2.563543558781324463e+11
1.011774869995543701e+12
4.110611710005839821e+06
4.214352454704708420e+06
-1.683903187862859340e+03
-1.658931076066452079e+03
