-3.623789905421386356e+04
-3.906071841846718598e+04
-3.996362528543810913e+04
-4.041013248703612771e+04
5.440139160242278595e+05
5.215295004618488019e+05
-1.128455491613888444e+05
-1.031192249522971979e+05
-1.088888048617008608e+05
-1.143484214819698682e+05
-1.060789761643438687e+05
-1.123941616794640431e+05
-1.152867451578634209e+05
3.743569662994468957e+07
2.038959537404205501e+08
1.656533958952083886e+08
1.991686844218891859e+08
2.021159836531643569e+08
2.074165995134951472e+08
8.187448666931231499e+09
2.213719950985723175e+06
-1.412834313742321683e+03
-1.394992657052876893e+03
