3.297697171846543625e+07
3.181673423953406885e+07
8.408985148213880137e+06
8.483489956545475870e+06
8.667858022814959288e+06
1.427871965346443604e+12
8.721025515145134277e+11
5.317593967433623766e+04
6.039674017867101356e+05
4.598058810608085245e+07
3.396032449501766562e+08
2.148783082739948109e+07
2.451178618003640696e+07
1.053699453571592021e+05
3.998398262617079258e+09
1.537266092501842117e+10
2.236108844393371582e+09
1.217169288133730316e+10
4.652495062634202957e+09
2.609207879538394928e+09
-1.187014801209908910e+03
-1.238151182887726463e+03
-1.226563200952397892e+03
-1.179945437827525893e+03
-1.252970225096854847e+03
-1.218078144894971047e+03
