-3.781237318959782715e+04
-3.904793721583506704e+04
-3.941429069238784723e+04
-4.000799428550844459e+04
3.156222265419863397e+05
2.195356526905285567e+07
3.041161366440195218e+07
2.416973354413975403e+07
1.543584657351477304e+06
1.603953677208730485e+06
1.669026491606171010e+06
1.593404731025917456e+06
1.369344476210126886e+06
1.420277911869441159e+06
1.402740243400560459e+06
1.356703211231238674e+06
1.436308099583822768e+06
-9.349295017382537480e+02
-1.002384063526871614e+03
-9.490208085470949300e+02
-9.662491429464134853e+02
