-3.596912801341528393e+04
1.580479708543079495e+08
1.584376147754617035e+08
6.329904005444018403e+05
1.044678278055404067e+09
7.743132238995128870e+08
2.757246174149809405e+06
5.509481759794250131e+06
5.134152619924906731e+09
2.331168220653907047e+05
8.620794947699693298e+10
4.351883155462250113e+08
5.574448637201856375e+08
2.835151163719784737e+09
8.166130129324865527e+06
-2.750280791902750498e+05
1.430956678699098349e+09
1.204111540876046289e+06
-2.581505684418661986e+02
-1.741703315652557649e+02
-1.982228695647791028e+02
