-2.962256242762554393e+04
-3.081743682036708196e+04
9.564892116964334622e+06
1.078846511590331979e+07
1.460036978099577501e+07
5.169623901103563690e+10
6.462902305830359546e+04
5.161745186658027649e+09
3.377881332047275268e+06
3.724684860128502548e+07
9.430341845726501942e+07
6.880586383752587438e+07
5.710538373769632541e+06
5.008101799165962264e+06
2.213843089859282598e+07
3.325304284504036233e+07
2.609249998294021934e+07
4.432652399331885576e+07
2.823491474650499970e+07
1.875942204328269064e+08
3.908280927302510291e+07
2.011244263696177900e+08
4.775767332403658656e+03
5.333915977783617564e+03
