-2.471720188227856124e+04
-2.503988439067322906e+04
-2.789576521877331834e+04
-3.077635251291124587e+04
2.621025332181638479e+08
1.250779332986328192e+07
1.563860923357758112e+07
1.186813719743879890e+10
1.344606777919719696e+09
2.411194838256845623e+07
1.258927529209251106e+08
5.010414952708926052e+06
8.381735071348499507e+06
1.042210410156284086e+07
3.842910081134328153e+06
9.324326804233785629e+09
2.594914143850499630e+09
5.172390920834829211e+08
7.168469326611142606e+03
7.613144748313061427e+03
6.928480201943631982e+03
7.310234944066876778e+03
7.042190735500917071e+03
