-1.564600377240458329e+04
3.177128670505074784e+06
1.093689655494360253e+07
9.406633266950350255e+06
-3.831903549178935646e+04
6.726954295147542969e+13
4.617248317307867110e+06
4.970061494935346094e+13
8.700367645946096629e+06
1.586782428274022293e+10
3.598787480358793400e+05
1.055728805521509377e+06
6.130118028717865944e+08
8.057206954502808861e+06
2.206021500342908859e+09
1.220872149721464328e+07
2.014586512788993250e+15
1.341219919348305315e+08
2.633040069648186564e+08
1.891843215838461765e+04
