1.054529533259777236e+05
1.074361028247285576e+05
1.055052951906538947e+05
5.860774381460932083e+06
3.143084139295102656e+07
2.237414605941859540e+06
3.263335247123953421e+06
9.783233893649345636e+08
4.953822034043893963e+07
4.839636614058466256e+07
1.280623833620157093e+07
6.552243143895047760e+10
1.561700887627557755e+10
2.155064660311706364e+06
3.794344979753850102e+08
1.655451968679335833e+09
1.082996842373220995e+07
9.374437739771929932e+10
4.181339013900639117e+07
2.295390734655854702e+08
-3.682114696216983721e+06
7.248257680283533409e+04
9.832214967728266492e+04
-2.888092947973045520e+05
-3.023564221408703178e+07
