1.618101825215694844e+05
1.574760360768816317e+05
1.568569521371619485e+05
1.416396455448975612e+05
5.641323559467252344e+06
1.943664238386724854e+10
1.004843977593811133e+13
2.389524160418413162e+09
1.025136515055643860e+06
1.460823495719751576e+06
2.009907929755401611e+08
1.721591418444387054e+10
3.363740248428935185e+06
9.670214340284982422e+12
1.900648794866340002e+06
3.421379987528991699e+08
4.025761572422805429e+07
2.034567142018907703e+06
2.900985558015835285e+07
1.771438376324414015e+08
-6.965465442328690551e+05
1.403725718477711780e+05
7.780750340781912804e+08
-4.548786731043528416e+05
