2.802222492525815032e+05
2.914705283416922903e+05
2.811692025083922148e+08
8.448559381759241223e+05
1.505775178993083071e+06
9.968515570309904218e+07
1.150490791026862183e+11
2.002698763936082274e+07
2.933968494703566190e+06
1.189837357376706839e+09
2.063994072293657780e+09
1.366140803768415749e+07
6.060868079654702451e+05
5.568527417789237807e+05
1.000567070699683041e+06
3.479379209371361416e+06
3.766122643182958709e+05
5.728386050605860353e+07
1.766974220839380519e+06
1.497192942999793682e+06
5.015208222616708875e+08
3.079948504898554230e+10
2.985701073178685188e+09
3.472252528782528320e+12
4.657208370204815865e+09
