4.034687170953470049e+05
3.861012986978584086e+05
3.807066512623243034e+05
1.358459106541195186e+06
4.324940733646293640e+09
1.145336799722901732e+07
1.796379625235639648e+12
1.204301705024726456e+06
1.275218027014711872e+07
3.041248202266514301e+07
2.595489302522528544e+07
3.616267164628093690e+07
1.359492898636365309e+06
4.814309656105577014e+06
1.389732829700247850e+06
7.693744843517085537e+05
1.926661714778404857e+05
6.528262749629030004e+05
3.290400559767935774e+05
-8.843070172917853342e+05
