5.873700432846347243e+07
5.274387290983450413e+07
7.161475095278379507e+06
1.475109211217868996e+10
6.387609367006679997e+06
1.356275590819438232e+12
6.340335037225205078e+12
-1.206460431274137809e+05
3.644647647525045555e+06
3.687596637079423759e+06
3.729521809806924779e+06
8.173070629555927007e+04
8.466783721487934235e+04
8.239394288288333337e+04
7.366038624004875601e+04
7.039761832566621888e+04
7.511873386113597371e+04
5.361789184932335047e+05
1.625949832521024533e+07
1.292202643955725012e+06
3.561924335845269525e+04
3.889836929861161392e+06
4.381324264089547214e+05
3.966139148286572890e+03
-1.724076193046132394e+05
-1.758952777397467289e+05
-1.816112543466521311e+05
-1.784697141836909577e+05
-1.867532103589632607e+05
-1.737742765542740526e+05
-1.732957316138484457e+05
-1.810342874591572618e+05
-1.819724655600533006e+05
-1.781232326727268519e+05
2.329312937387137890e+09
2.439884017781690598e+09
2.335665743191092491e+09
2.435996061633152962e+09
-1.825348973496118560e+03
-1.820589778020075755e+03
-1.827849507169419667e+03
-1.834938410365721211e+03
-1.827794391546543920e+03
-1.816381677193538053e+03
-1.817499144590605283e+03
-1.833860636494908249e+03
