-2.502963864449467656e+04
-2.706677906173191877e+04
1.531889364040285826e+09
1.259882573102910519e+08
4.478499336933349967e+08
2.351056790359462611e+06
2.359212273400765378e+06
2.358961217678660527e+06
2.352276477023894958e+11
2.846390712832557983e+11
2.736096406441827393e+11
5.586926661377356201e+07
1.101929706072314002e+05
1.118286468255034415e+05
1.140323575979892485e+05
1.195989695926283021e+05
5.019631829852962494e+10
2.293830530034913719e+08
3.288653051501282491e+06
3.283335693791931029e+06
3.265464763711609412e+06
3.272849916744539514e+06
3.304239241017291788e+06
3.271263983618797269e+06
3.299750554962666705e+06
3.305673220974805299e+06
1.009379000446120381e+09
1.052502566796968222e+09
1.224584747042598486e+09
1.078668121506219149e+09
1.270093673150239229e+09
1.066337151252388597e+09
5.708138324731491506e+06
5.780903237945388071e+06
5.843520564464566298e+06
5.730906328521470539e+06
5.853051829992624000e+06
5.850076848282155581e+06
5.840739185736023821e+06
-1.833787093783146702e+03
-1.833084471305424813e+03
-1.835724383348075207e+03
-1.819790923342399765e+03
-1.826358150031737750e+03
-1.821915701646066736e+03
-1.816679668864875566e+03
-1.824106128740677377e+03
-1.818202073832391761e+03
-1.823856549425690901e+03
-1.833584401187457843e+03
