-2.543658077044067613e+04
-3.313517066487896955e+04
-3.371003172454724699e+04
-3.625493191747032688e+04
6.902356171182239056e+07
5.012041382708472013e+07
1.147167957771887770e+06
9.333706845048651099e+06
1.046992505392933078e+07
1.455318814441941162e+12
1.708707678390624467e+06
3.350455598715060949e+08
3.280658614948412180e+08
3.312487559825825691e+08
3.458604662909736633e+08
1.208354606817267895e+09
1.581697522159416676e+08
3.317573929815281555e+07
1.169200373476583099e+10
3.879414976313856989e+07
7.106033580666073799e+09
4.044084422306036949e+08
8.614750563607145309e+09
-8.692757779891324753e+04
-9.296136600495316088e+04
-7.759354426877704100e+04
-8.801190267983956437e+04
-9.167535064247291302e+04
-7.558329963967621734e+04
7.760821435332235880e+06
7.750369819496494718e+06
7.703250210694205947e+06
7.784451951888993382e+06
7.745279700424436480e+06
7.721358858551234938e+06
7.695385831444754265e+06
7.753385871240516193e+06
7.767113362588631921e+06
2.800449136328883842e+07
2.824366436502152309e+07
2.855274897614275292e+07
2.786793778751129657e+07
2.821863531874366850e+07
2.899381597806800902e+07
-1.834079394917207537e+03
-1.817394518220738973e+03
-1.823338169628812466e+03
-1.820479409290244803e+03
-1.829286577572260285e+03
-1.832232858758594375e+03
-1.822459162203362212e+03
