-2.998075697027203569e+04
-3.784132812245302193e+04
-3.989768042300926754e+04
3.874765421153982170e+06
3.858927178724324796e+06
4.672954715537424199e+06
2.060285667908441101e+05
1.835646352897424018e+06
5.348770751655107597e+05
5.350821980685461313e+05
4.560828968491930515e+07
4.439228787638658285e+07
4.711075272162768990e+07
3.705465198885008693e+07
3.769608769914747775e+07
4.583562636863877624e+07
3.801553604665591568e+07
4.265865867686721683e+07
2.449441860918397009e+08
3.029291875592344403e+08
2.905685681730504632e+08
2.762734916967377067e+08
1.280249534134412650e+06
3.647552097670785151e+06
8.216252181485557812e+13
8.990012197818343639e+08
-2.002331215555374511e+05
5.476338115519726649e+06
5.548532569945465773e+06
5.537016554584455676e+06
5.505397751844594255e+06
5.531677089030873962e+06
5.488248982819977216e+06
-1.817200857408024604e+03
-1.824837201098882360e+03
-1.833300145018030889e+03
-1.818729116944596171e+03
-1.836564607915148372e+03
-1.823459133006457705e+03
-1.822328667927387869e+03
-1.828999746575427707e+03
