-3.783659675683134265e+04
-3.858140967784045642e+04
7.722949635526860948e+04
7.252432706784323091e+04
1.658703776637719246e+06
1.654924948852662928e+06
1.555666812036984563e+08
2.078271604938645959e+08
1.488525357551235259e+08
4.677619370883300900e+07
4.253892964341847599e+07
4.198049260812276602e+07
4.364083683658406138e+07
5.929370199684841558e+06
2.638656743558431789e+07
8.867952928162686527e+06
1.859585616854078323e+07
1.192176259068352890e+10
3.803232352700228691e+08
4.690178302752631187e+09
1.843931141895383835e+10
9.261039584356863052e+05
9.448535221845507622e+05
9.162643926163256401e+05
9.148805909739884082e+05
1.937221650377631187e+09
8.478057025570116937e+06
3.912961221653082408e+06
2.219452301620330513e+08
5.589253854698605835e+06
3.076072866174012423e+06
4.172716808660532814e+06
4.742211806712509133e+06
3.077457034932519868e+07
4.233288931601996720e+07
-1.757041167775401846e+03
-1.761542798147449503e+03
-1.749272313269524602e+03
-1.752078716080257436e+03
-1.767682858761894749e+03
-1.747740298596298089e+03
-1.772476335941901198e+03
-1.751187752849742537e+03
-1.760001029187260428e+03
-1.765145256703166524e+03
-1.763574146033002762e+03
