-1.716418587380950703e+04
-3.813526107086196862e+04
-3.889352131821215153e+04
2.552393845087284088e+09
2.214646326946530342e+08
2.330770619317739904e+08
1.591763961956939427e+06
8.829137903498660773e+06
8.609470300098290667e+06
1.067173103175085597e+07
1.045513509789325856e+07
1.771479473914014921e+07
1.658678155894466117e+07
1.686600333270044252e+07
1.739853710809082910e+07
1.761409718598682806e+07
1.626674786220137612e+05
3.346982186635136795e+10
-2.043090800251313340e+04
3.031928481781000737e+06
2.045670907420303106e+09
3.258465310199372768e+09
1.184002487910030596e+07
1.403366417363208160e+07
1.428546642630633339e+07
1.577643823473413661e+07
1.389559256216334924e+07
1.477113350387650542e+07
1.179622747875669785e+07
1.907757694609772110e+10
1.436357016738763079e+07
9.575205975789523125e+08
7.595767676793684006e+09
-9.934132745586708188e+04
-2.346262986495360383e+05
4.386097962782478426e+05
3.179332490032855868e+08
2.532117161114867311e+06
3.220264452329284046e+06
1.733082055669697002e+06
-9.800664039088385471e+04
-1.677818925953790313e+03
-1.660201398828648962e+03
-1.673215218351891963e+03
-1.673847197242488619e+03
-1.666573901893687434e+03
-1.671713970401004190e+03
-1.681376747314992826e+03
-1.670392235508392332e+03
-1.658544208556500962e+03
-1.668768503326165956e+03
