-3.457700857065204036e+04
-3.678009751685662195e+04
1.087162834696185493e+10
9.083787920526815414e+09
5.540832695290010422e+07
7.013907451099739969e+07
2.542438026466271484e+13
8.751584410672771931e+08
1.007942979119228199e+06
5.664661156722923279e+09
7.369291653447457314e+09
5.689789018415776253e+09
6.267085420797915459e+09
6.935106567828921318e+09
7.630424383831702232e+09
5.202843241452161789e+09
1.912025213136017323e+07
6.101421714858172089e+07
2.474986877241966128e+07
1.576440339834580811e+12
1.188413294405078739e+08
2.034773728702069493e+06
7.347865274679809809e+05
1.344277186751753092e+06
4.542639542973305215e+05
8.635040299609247595e+05
8.634955887499767123e+05
8.622214910880184034e+05
8.639081641470617615e+05
1.158741875016184989e+06
1.155046717184142675e+06
1.162318062305943109e+06
1.160926444510790054e+06
1.158943610759334872e+06
1.156635502353742020e+06
1.152570436798461247e+06
8.558359732640783768e+05
8.500898150011064718e+05
8.489235187232289463e+05
8.423587394862477668e+05
8.623565924772642320e+05
8.534530650272927014e+05
8.441701504074828699e+05
8.618845691916329088e+05
8.479941111621472519e+05
8.524450504885191331e+05
8.600597661670777015e+05
8.479526116001924966e+05
8.610282092301425291e+05
8.503506981152537046e+05
-1.654915232200408354e+03
-1.659887451715650968e+03
-1.683152086808986496e+03
-1.673855581297655590e+03
-1.682843042506574420e+03
-1.686921554880857002e+03
-1.655252887711016228e+03
-1.666468015926453518e+03
-1.678676867005095119e+03
