-3.333583764803708618e+04
-3.435788020931303618e+04
-3.509572786484532116e+04
-3.715456494247050432e+04
-3.754053580178244738e+04
1.076525775262739420e+09
9.829685223647412062e+08
6.208776398568019867e+08
2.971732933087328911e+09
1.070039027482799999e+07
1.705200520528018475e+07
3.049938240537481848e+06
7.515805059886212647e+07
4.515408564729337231e+05
2.755757990490163118e+07
2.675309241518948600e+07
2.549019826104070619e+07
2.585489073387070745e+07
2.754168034376320243e+07
3.101039103619921207e+07
2.960964883384891227e+07
4.085518436136814207e+07
3.778471236390662193e+07
4.002186802579542994e+07
3.925945969542871416e+07
2.813262784949363403e+11
1.890628896018292999e+10
1.252868481365223885e+09
1.888737361898802185e+11
3.769697828321446180e+08
2.371008124988990128e+08
6.274944946351531893e+07
4.467808820225594938e+07
4.170353634868478775e+07
-1.569194154226395767e+03
-1.564258894482743926e+03
-1.564477228165284032e+03
-1.560078224880940979e+03
-1.537732027630438097e+03
-1.577758471812965581e+03
-1.560023226233955938e+03
-1.555976221146294847e+03
-1.567926922334590927e+03
-1.578043987313081743e+03
