2.501243461818003096e+06
2.491394797157249879e+06
7.066003676621020772e+06
1.029048387007626414e+09
6.881435978286127793e+05
1.002743169551237297e+10
1.215307105813896751e+10
1.406267961029339027e+10
1.436954064117038727e+10
1.308433984125107765e+10
5.948763354912771320e+04
6.267706902141548926e+04
5.027692739898744039e+06
4.879260876543791033e+06
4.214673120499677025e+05
4.307794236055067740e+05
4.356233462381855352e+05
4.429185204910666798e+05
4.170155261486905511e+05
4.002433053105924628e+05
4.464236260493986192e+05
4.135286720161808189e+05
4.385931501062978059e+05
5.543853941128211096e+06
1.301611860695383325e+07
8.648413893241552636e+06
9.754963952482586727e+06
4.149074355869567022e+06
5.695297302077250555e+06
2.339604960373633367e+04
3.375741117940086406e+04
2.384402142914070282e+04
1.284025154581233801e+04
1.445671329929555941e+04
3.194058027077442966e+04
1.080387273950677500e+14
8.005515061516291250e+14
2.823489607483282422e+13
4.653014173039698125e+14
9.502421191236707500e+14
-1.405121841961925384e+03
-1.429461485573003301e+03
-1.440624316648027161e+03
-1.385974870223755715e+03
-1.425764077848958550e+03
-1.428735248929704539e+03
-1.428709014488704270e+03
-1.381418099334376166e+03
-1.414054063049290562e+03
-1.385994313289702404e+03
-1.383582113836775534e+03
