-3.124358078461906189e+04
-3.284336264476683573e+04
-3.740987464576589264e+04
-3.797952030597577686e+04
-3.845582286947701505e+04
5.253377310652205721e+06
6.160982546940989560e+05
2.308505182063514832e+06
1.716090171806741972e+06
1.720810447278164327e+06
2.806301206568706781e+06
1.161376743177711815e+08
2.902459522548532113e+06
1.819014140210297657e+06
1.790568426441157237e+06
8.728707763589764014e+06
8.880871220345752314e+06
5.925199226146363258e+09
2.778112465044910554e+06
1.040429221439571411e+05
1.245897420795401186e+08
6.712119753501506150e+07
1.117625695330983251e+08
2.741655267713999748e+08
7.420089413100953400e+07
6.555431700541131943e+07
2.469160373809585273e+08
1.128463955900131841e+05
1.126802245482116996e+05
1.128580442629600002e+05
1.129499195569204749e+05
1.126278579477628955e+05
6.565230592382600784e+09
6.791526877243842125e+09
7.868021125158982277e+09
5.793464879511601448e+09
-2.197642805657714198e+05
1.165446891744936875e+04
3.317455693428007071e+05
-1.140722925386314164e+05
8.592324740244443528e+05
2.924133857166475616e+06
-1.380971849132882198e+03
-1.397908178953919560e+03
-1.397947714624373475e+03
-1.406284973150322912e+03
-1.424260584261326585e+03
-1.383932613688695710e+03
-1.387029733444214799e+03
-1.383933497472375166e+03
-1.404222737957519712e+03
