-3.602767236691495054e+04
-3.671710339367225970e+04
-3.712881180776105612e+04
-3.762054077369882725e+04
4.050263616876486301e+09
1.147814829543226433e+10
3.122779288141631484e+08
1.343863513234650716e+06
3.219816002913854644e+07
3.430290213958859444e+07
4.645185866892216355e+07
2.029776938499839453e+05
2.027000391066995217e+05
1.048383047527828366e+08
5.417193612276853062e+06
5.460608668866972439e+06
5.115647498983442187e+08
5.156010288548810482e+08
4.737645204656238556e+08
4.171028557124161720e+08
4.505593537839837074e+08
5.020416533043071032e+08
4.600483261522576809e+08
4.587923190731779337e+08
4.310007833322468400e+08
1.880619306546155167e+10
1.655391848211803894e+11
8.068168420797833252e+11
7.957484926245909424e+11
2.292473339208629227e+10
3.811720339891334176e+08
3.963833982512326241e+08
3.759165187272843122e+08
3.333589253054348230e+08
5.033622537326380014e+08
5.837598066218886524e+05
5.807297554007295985e+05
5.802572854737658054e+05
5.887860959769529290e+05
5.823965827632641885e+05
5.881734754115456017e+05
5.856717740025068633e+05
5.885517843159801560e+05
-1.431697167182283010e+03
-1.440681558855401818e+03
-1.420219282119011041e+03
-1.440820262190245558e+03
