-2.101354047532705590e+04
-3.754673814051279624e+04
-3.812729757181126479e+04
6.200973423669940792e+06
2.758345531815310940e+07
1.116851007801565342e+07
6.707301508109480143e+08
1.002927610876873779e+11
1.641039821922405701e+11
3.324276781980680084e+10
1.109034967236156017e+08
1.745407614104720205e+07
2.183807161590008065e+06
2.104572141377512831e+06
7.307123911910865456e+06
6.268440458963895217e+06
6.579356099074967206e+06
6.526535815396868624e+06
6.451247949733406305e+06
6.576048936434544623e+06
7.646208491244551726e+06
7.591487617021369748e+06
7.215045781154898927e+06
6.687474183829855174e+06
7.146672204226509202e+05
1.001647085263564135e+06
3.211112685832194053e+06
2.300903087978721200e+16
1.329508082140020500e+15
8.000124762109812927e+10
1.071550849337846289e+13
6.692344099076951250e+14
5.705183041906406250e+14
5.014086878239198029e+07
8.329285287930504419e+06
4.283147354666469246e+07
4.027949870194122195e+07
8.843277834456693381e+06
5.639662159288236871e+06
2.977441281296394393e+07
2.433594027402537689e+07
1.777623288116439059e+07
5.331561489371751249e+07
-1.218278886168962345e+03
-1.184002072460600175e+03
-1.235590056253859075e+03
-1.230819432418618817e+03
-1.232699019399908138e+03
-1.202225661462347489e+03
-1.228048894074716372e+03
