-3.884117253427766263e+04
-3.930295116255438188e+04
-3.972130531350699312e+04
1.487743864537395835e+08
1.986081443541730642e+09
1.828058933523463011e+09
2.761192409000605810e+06
2.774293931892626453e+06
2.761543564054153860e+06
2.678814493243027478e+06
2.791537254129249137e+06
-1.466173788856430474e+04
-1.575822983997170377e+04
-1.607812991221045377e+04
-1.526139365109858772e+04
6.908379937714850530e+06
6.920273778335350566e+06
7.155928567411140539e+06
7.469834809287352487e+06
7.337487793250757270e+06
6.991912055087556131e+06
6.965623688416008838e+06
1.859713963075927168e+05
1.016477049782388926e+09
1.141110176622392377e+06
1.936601991179222532e+05
1.305683066584427375e+06
7.966792726893239887e+05
1.338359483614500612e+06
1.134867906270159001e+05
6.298244495330069913e+05
9.842021551865625661e+05
4.137811551169131417e+06
3.178104109145570546e+07
2.823914890853562355e+08
6.977250915414728224e+06
1.740888084243565500e+08
-1.203207682636420941e+03
-1.195479272881639190e+03
-1.178864600709115621e+03
-1.249475419396505458e+03
-1.228151835136377485e+03
-1.192779916173283709e+03
-1.185284829613461625e+03
-1.212036070542817470e+03
-1.223878474153141724e+03
-1.254788465826219181e+03
-1.212459203823644202e+03
