-3.034042082530768675e+04
-3.232420440844873883e+04
-3.770948009416348214e+04
-3.803912452660291456e+04
8.132167992960360646e+07
8.131761296555694938e+07
4.756159616186895873e+05
3.468321475134596229e+07
3.603302364948478341e+07
3.390209558095020801e+07
1.305596450603746027e+08
6.453968804090293497e+07
1.212423950481268344e+06
1.219692696906764759e+06
1.217077292951970128e+06
1.194556884175111540e+06
1.223923501554316841e+06
2.514864906504022121e+09
5.802780542286824226e+09
2.456316707966473579e+09
2.661554344019251347e+09
3.881286886874070168e+09
1.971189671434014320e+09
1.017785396800646931e+07
1.036691753303308412e+07
1.058998371351583488e+07
1.011007204842277430e+07
1.822018231689515337e+07
2.427138553949434310e+07
2.245165838228673115e+07
2.312645496973412856e+07
1.576683202672505379e+07
2.438052678359336779e+07
4.601609973512308672e+06
4.824664515869565308e+06
4.725180365815760568e+06
4.936215832283225842e+06
4.397832051052001305e+06
4.504510020861594938e+06
4.378071525947884656e+06
4.444976105250586756e+06
4.008357342787181959e+06
4.932634425257901661e+06
4.569654012265758589e+06
1.503581696603931189e+08
1.117880125646462850e+07
5.367964568160116673e+07
5.734256756008935161e+06
1.188935599824317324e+05
7.009976406081928313e+07
-9.957828547491226345e+02
-9.769379525330441538e+02
-9.647224322313268203e+02
-9.101338005332218017e+02
-9.500132042256591376e+02
-9.910135129935515579e+02
