-8.741047313189962006e+04
-6.893140348525435547e+04
8.634115305870957673e+05
1.213119113441052148e+06
2.869742297127977014e+07
1.158577583481457271e+07
1.162995621470779739e+07
2.165783126676112671e+11
3.752774465479926147e+11
1.637535090516377869e+11
1.754573718869167175e+11
2.402226782010854187e+11
2.064159963797996752e+05
2.361487819269938045e+05
5.240833373496034183e+06
7.711329582436820492e+05
7.559656648715324700e+05
8.047159166345078265e+05
2.410864803736530710e+06
3.945368800266460981e+06
9.106673633625907823e+06
4.837998261519353837e+06
9.876781223592439666e+06
2.373589579780198401e+05
2.027869301887554466e+05
2.318801703062790912e+05
2.003675235841649119e+05
2.201993524420726462e+05
1.678043095719603822e+07
3.574971538074837066e+06
1.008341393497351441e+06
2.784068125317459926e+06
8.181630668254499324e+05
4.670288468541363254e+06
-1.004204833231458906e+03
-9.554257033874455374e+02
-1.004188944531371817e+03
-9.669840006900485605e+02
-9.647443590173206758e+02
-9.124349206815240905e+02
-1.003258790537831374e+03
-9.324403554211603478e+02
-9.321697760222887155e+02
-9.333134869399364106e+02
-1.005822505102871219e+03
-9.477767524059745483e+02
