-3.553901489752165799e+04
9.586700594804998254e+05
8.202980921775443712e+05
9.552906225189213874e+05
3.085420760857658461e+06
2.629933275391318202e+08
1.493472166437654495e+08
1.347086511082027853e+08
4.939308608164725952e+11
9.002716076196649170e+11
6.108403050606093750e+11
5.898664960871453857e+11
4.441445029553309723e+03
3.547914784004427027e+06
6.132123228471383918e+05
1.570228647761017643e+07
1.818262526098537259e+06
6.625843749521504343e+07
1.233888078167840242e+09
6.159364816380127333e+06
1.966882949661107501e+06
1.920722430953454692e+06
1.899774259462165879e+06
1.901551367275334895e+06
1.964997396550096106e+06
1.955761780401122523e+06
5.630778647183519788e+06
6.158045685366537422e+06
7.459971809266343480e+05
7.227047969727671007e+05
7.594359594558645040e+05
7.567670325107409153e+05
7.635245387272413354e+05
7.280923319777841680e+05
7.250491087100007571e+05
7.231835835075175855e+05
7.399569426442949334e+05
-1.005400249678816181e+03
-9.796914995801053010e+02
-9.698429404264024924e+02
-9.309484612256928813e+02
-9.198015946579689626e+02
-9.718553310174029320e+02
-9.093285245011211373e+02
-1.001870700417988701e+03
-1.010084978706174297e+03
