-3.660200292872393766e+04
2.018387671252712607e+07
-7.163555997398668842e+04
6.057912440634870902e+06
2.786882032523409929e+06
1.745868187342690770e+06
4.025617342931299936e+06
8.486864704083212852e+09
4.036373425242526531e+08
9.265367021090498750e+14
4.661954873522501562e+13
8.333314876013367188e+13
6.814521468148807812e+13
2.631601052184471562e+14
5.856982601613701554e+05
1.878890382880673110e+08
4.671628705111606978e+06
4.843890497655512765e+06
4.703226800357102416e+06
4.556122836206653155e+06
4.840931208768033423e+06
4.573716342336355709e+06
4.618256778562730178e+06
1.907452959906585747e+06
2.026833575558451004e+06
1.864778582792494912e+06
1.980063294620669214e+06
6.276928056585329585e+06
6.784173675145500340e+06
6.552728226052257232e+06
7.645502648193743080e+05
8.117227972696196521e+05
8.247533971072805580e+05
7.616780391263209749e+05
8.053475229327200213e+05
7.711036509241475724e+05
7.715437780391110573e+05
7.615436133788459701e+05
7.788003127960095881e+05
8.068124367463716771e+05
8.052688638947986765e+05
-6.062619995107233990e+02
-6.292848767206014600e+02
-6.372537447177455761e+02
-6.309118089793191757e+02
-6.582890303897438571e+02
-5.845504563686845358e+02
-6.278967357303481549e+02
-5.684880500911676791e+02
-5.768523875455721281e+02
-6.194628765409870539e+02
-6.473273304719477892e+02
-5.988752013679477386e+02
-6.595932447565428447e+02
-6.447914266233565286e+02
-6.774490414415195119e+02
-6.753442653671954758e+02
