-3.574176600346820487e+04
1.118057778131813928e+07
1.061661185341177881e+07
4.912383795089223422e+06
5.005076655814174563e+06
1.091596434965116531e+08
1.949933273845334188e+05
5.840303111311086267e+07
4.529497053013397963e+05
4.131209675568356179e+05
4.841883390939844539e+05
-2.728059189259769846e+04
6.587858641407973482e+04
9.185938604186271550e+04
2.020495615522350371e+07
7.487791320362287760e+07
6.434695685594646633e+07
-4.255168962001944601e+04
2.029759709508320084e+05
2.395933071850106935e+05
4.487727616661373759e+05
-3.435386688226070692e+04
-1.488451919449881534e+05
2.926788293928970234e+05
8.422749571509943344e+05
8.482761359524189029e+05
8.336422241363391513e+05
8.336223643054582644e+05
3.332919397286261368e+10
7.131058459678827286e+09
6.000294082302066803e+10
7.913647001962931156e+08
8.810343201983184814e+09
4.168317939987653809e+11
3.373657431874520779e+09
6.090551544350666046e+09
-6.616250398275442421e+02
-6.241115685512777418e+02
-6.415597911455843132e+02
-5.815939406593388412e+02
-5.839077524731401354e+02
-5.788549983705743216e+02
-5.735336776025942527e+02
-5.639970656530058477e+02
-6.372878369001555257e+02
-6.553582828569342382e+02
