-3.074522980182496394e+04
1.151158306009066999e+08
1.700862141258973181e+08
3.991784239796237350e+08
7.645522927341899276e+07
9.272184542026437819e+06
1.245426620929064229e+07
1.562553068383412994e+07
4.549791986217870712e+08
2.237403155481693149e+08
1.472999428171660900e+08
8.607749805379228666e+06
1.383163557978022397e+08
1.679963493460730612e+08
1.396043991142015457e+08
5.036997225243775845e+08
6.746732183744437993e+07
6.071105238585110903e+08
1.364398866851185560e+08
5.420698704831924988e+05
5.861753454675467219e+05
6.477193516025106655e+05
6.802382402481114259e+05
5.160200998570405063e+05
5.582499506162517937e+05
3.420398173338009045e+06
3.470881238836540375e+06
1.534465394828675548e+06
5.496072364461768419e+06
3.537739230221501738e+07
1.215316100576378219e+07
7.463803880712062120e+07
3.795641921285538375e+07
1.166263174947280623e+07
3.411492392906132340e+07
5.199207213994507790e+08
8.730108217514572144e+10
2.409267750089665890e+09
9.888201579773017883e+09
2.412902940814279785e+11
2.221516242200503475e+05
1.225579511269699549e+06
4.650361752391282320e+08
2.050522490642382763e+03
2.034144999540847493e+03
2.107576799367321655e+03
2.043245433556672651e+03
2.241709380251151742e+03
2.192968687393178698e+03
1.987147712325910106e+03
2.061261289430869510e+03
