-3.039207076499840696e+04
-3.217565575589765649e+04
-3.354560707521616132e+04
8.233787555667260289e+07
6.779974103568220511e+06
8.672030947238416970e+07
2.220633514045922086e+07
6.084854809307374060e+07
6.386102184873166084e+08
4.990349995253359079e+08
3.406152950260813236e+08
5.343937937696999359e+10
6.316415186776163330e+11
9.083485957284191623e+06
9.361794110296368599e+06
8.188368082608398981e+06
5.431557923098588362e+06
6.292647266190650873e+06
4.921866922382576391e+06
6.009759315038134344e+06
1.363135733159565628e+08
2.866412403435811866e+06
5.402990965485366993e+06
2.027328194438495487e+07
2.182082238054719940e+07
1.250393030847824365e+07
1.393900983222449012e+07
1.455879525802622549e+07
2.213546596634008735e+07
5.518712086816226691e+07
8.468003524801802635e+07
8.637102820779539645e+07
7.259657677931740880e+07
4.889131019485265017e+07
5.910061257197434455e+07
8.222343274618141353e+07
8.626476654400801659e+07
4.877365051948814839e+07
7.168994686434502900e+07
1.321667212928288849e+06
1.407982915266007185e+06
9.996981271505589830e+05
1.405738442991827382e+06
1.066234315201208694e+06
1.975122740386432270e+03
2.221437681412789971e+03
2.249123586040164810e+03
2.206516412413708167e+03
2.295207459137396654e+03
2.265917346146394266e+03
2.052640895326418104e+03
1.993621214882441564e+03
1.927984230869187741e+03
2.226432205361663364e+03
2.153241836507455446e+03
2.114739166955841938e+03
2.057673706755158491e+03
1.948523933757882332e+03
