-2.232688806068733538e+04
-2.962534404592234205e+04
-3.104374328031633195e+04
9.593138313467469998e+05
1.073483458924842998e+06
6.040715082795676589e+07
2.465372994971207157e+07
2.008135066664237976e+08
9.869869129997960990e+05
1.075143396081425250e+06
9.061970992969084764e+05
9.959419905353222275e+05
1.965911731297395229e+09
1.051561840182024054e+07
2.092107806780104399e+09
2.831328046275938034e+09
2.663515122220289707e+08
2.349599304219548106e+08
5.777170590631286055e+07
1.449332789555517137e+08
1.133932326028876305e+08
1.870092283544223290e+06
5.953263831838294864e+06
8.292017501891616211e+11
1.011617206119997025e+09
3.823687091932962894e+09
6.029734064288876534e+09
2.001245440249129757e+07
2.755876331461275741e+07
2.758305239747570828e+06
1.396671893378269196e+09
2.929141240818141960e+06
1.024325813886648417e+09
4.006676467391223181e+06
5.833700424970332384e+08
7.173531133161981124e+05
6.352002244014497846e+05
8.487316494596919511e+05
5.034949602003791332e+08
1.366883968372491002e+08
3.143323842982092174e+03
3.349988589626154862e+03
3.530624861752847210e+03
3.403916820408980129e+03
3.231064604019891704e+03
3.201659825383423595e+03
