-2.461108683310268316e+04
-3.443201761945980252e+04
7.389804257980781794e+07
4.534051460257215798e+07
1.104348734525162168e+07
7.011650953363916278e+07
1.610366790328837000e+07
2.792472578985189321e+05
9.021913469675226137e+06
3.208275654365052469e+05
3.200725119453205843e+05
3.232647824764850666e+05
3.391007971545587643e+05
2.698076012837827438e+05
1.697177312830059975e+07
1.892357745795784146e+07
2.256707269767791033e+07
1.861524925000344217e+07
1.588051879940627515e+07
1.491298298644394055e+07
4.442090082210958004e+06
4.082637112804623321e+06
5.024895278423951939e+06
5.833816451927039772e+06
4.448620625311749056e+06
4.082833907939802390e+06
4.097150637016563211e+06
1.388719044018750787e+08
1.157992137864720635e+07
1.027956749219128489e+08
2.198996817132252753e+08
6.629322391932416707e+06
4.512947403306959569e+07
5.627650331859159283e+06
6.040752361430187710e+06
3.035068350543918554e+06
4.389225713099928573e+06
3.610408823390748352e+06
3.513446209336951142e+03
3.512570119726355188e+03
3.419382426000112901e+03
3.553971907732222462e+03
3.526727406146732392e+03
3.460069397658953676e+03
3.497328804533288348e+03
3.561160609086829936e+03
3.586969296874536667e+03
3.149228066489304183e+03
3.441733489476348041e+03
3.219950361800118117e+03
