-1.893060979419318392e+04
-3.210993679989725933e+04
-3.331495448264097649e+04
1.270656677783813886e+07
6.486027934114484815e+05
2.828502747710867882e+09
1.410678787240395788e+06
2.779303699222814757e+06
1.415042193802167429e+06
4.266549768670687452e+06
4.986003620417761616e+06
4.554305495776551776e+06
4.028618103051964283e+09
4.088749737407088280e+06
2.687572274970869999e+06
1.394282940371138742e+06
1.009120747543875128e+06
1.847663441901212558e+06
1.230598535030320168e+09
2.939911302429830283e+07
6.372220934345572442e+07
1.424044258769938350e+07
3.044548442200035974e+07
3.718202681400507689e+07
1.511206774205407128e+07
7.110510959051097929e+07
5.192133509697840363e+07
2.310497458879877254e+07
5.367725035945318639e+07
4.256128152221349627e+07
-2.047823283609579958e+05
7.221868833926770091e+07
2.227176744739066064e+08
5.418481229143872261e+08
2.520636600404112134e+06
1.989846251284812689e+08
3.717764464127116837e+06
9.572164247620724142e+07
9.735785744070638657e+09
1.535074747190267742e+08
3.641583619438373717e+03
3.275129890470067039e+03
3.514240850282512838e+03
3.621703009881661274e+03
3.299638079293741612e+03
3.615893422528402880e+03
3.226867396515823202e+03
3.267061112751165638e+03
