8.923990432945071459e+08
7.027611528907310963e+08
2.585097594374592975e+07
6.301551117746820450e+08
3.650812577396349609e+07
2.264054031518810689e+08
8.250368885122685693e+06
5.625110476348023862e+06
1.265441392303234711e+07
4.999700538857574575e+06
1.825424257614097372e+07
6.672985445502472110e+06
5.523155366016204469e+06
4.681123070462909527e+06
1.015775252096582390e+07
5.819195138677048497e+06
4.660560073886179365e+06
1.002257000176033005e+07
1.848086814830132201e+07
2.037079727347261906e+09
-1.820425791455336002e+04
1.043322282344928756e+07
1.672204918765668012e+07
4.822076064399135113e+07
3.711958379446309805e+08
3.545375513834361732e+07
2.762081425203861594e+08
4.495562318118742853e+07
1.579149378364553154e+08
2.992680071510863304e+07
-1.384842468800311326e+05
-1.687020815115931036e+05
-1.366921033451675903e+05
4.814000471577590704e+07
5.170769186836638255e+03
5.180487723710568389e+03
5.031449297108367318e+03
5.245636634562921245e+03
4.876531445740081836e+03
5.088550239332485944e+03
5.297452019196061883e+03
5.163246735272230580e+03
5.361681807234854205e+03
5.435311789034458343e+03
