-2.793206977046078828e+04
-2.938430359453270648e+04
-3.045953561394055214e+04
1.209546551878294647e+08
3.298820455019244552e+08
1.236709076363489866e+09
1.007863652067029357e+09
1.327695476588573217e+09
7.868242564794653654e+08
4.226204145883010864e+10
8.685342918219802901e+06
1.202915954524671426e+06
4.426688086417660117e+06
4.565336816246755421e+06
7.288495307866008021e+06
2.952312875869316980e+06
3.947827730435428675e+06
4.314178780948062134e+10
1.841858333457638277e+06
7.399439651708437502e+07
2.425852158002916723e+07
2.491438256335533515e+05
3.227861132257153746e+06
2.940370780464169802e+05
3.246951615734262392e+06
3.126756624944521114e+06
4.520349647599208169e+06
4.431668617113783956e+06
4.499299274108696729e+06
2.209806331566009670e+06
1.352213794454135234e+06
1.324946698427237105e+06
4.132562035819347948e+06
4.878247126127719879e+06
1.647634720231779478e+07
2.210283493495232239e+07
1.083918252043771558e+07
9.297936493730707094e+06
4.383375825266043656e+06
7.383801579835184384e+03
7.307812006229185499e+03
7.519959075382357696e+03
7.388469108827703167e+03
7.203184883894602535e+03
7.773019635176373413e+03
7.225333078423107509e+03
7.563826591534365434e+03
7.651275433923176024e+03
7.663316195184626849e+03
