1.916550646595545411e+08
2.477324159048635662e+08
1.061624337203304619e+08
1.109030431653318554e+07
4.757313672097491455e+11
3.036620203777172565e+08
1.094182051195093750e+12
2.381767978416031003e+08
7.395017288840413094e+08
8.914034292410179973e+07
4.730149416731850058e+07
8.635199249083567411e+06
4.412951760580351111e+05
1.919079873571239412e+08
2.218676799677279778e+06
2.025070119817286301e+10
2.671247717214731965e+06
4.036881782759902477e+08
4.374104670092031097e+10
9.168217630841445923e+09
4.484210821695541382e+09
1.106194674533054978e+08
3.366327613710511923e+08
5.340953769805649519e+08
3.434421256060489416e+08
3.781400491412232399e+09
1.252172245062668025e+08
5.422046653766595125e+08
9.048733339282709360e+08
1.106393686767867279e+10
6.006660120424444675e+08
1.189840198897948563e+08
3.893400884773131609e+08
1.330405387216879725e+08
1.214338127638446999e+10
1.360063340076113939e+09
4.625084541033266783e+08
1.296750583249071240e+08
7.190246946739905979e+03
7.528795196142717032e+03
7.346464393199799815e+03
6.893407243859255686e+03
6.857959928764728829e+03
6.889256064591871109e+03
6.920420834795717383e+03
7.201684301095228875e+03
7.706861515121039702e+03
7.707490344423858915e+03
