-2.428063853804101745e+04
-2.536070929401449393e+04
3.327158207630972900e+11
1.152459966683111250e+14
5.572421488753647804e+08
6.199909005846837536e+06
3.571259639164692722e+06
6.744104747004341334e+05
9.539826210310582537e+05
1.144887874334480911e+08
1.851681437105582282e+07
9.416307819546911120e+07
3.120729832374059036e+07
4.097861407259226590e+07
1.594507420022760052e+06
3.084022574213534826e+05
1.921172857363001211e+06
1.878129349589083111e+06
1.159158655559993116e+06
1.167376947270710021e+06
1.796129763045028551e+06
7.373681102572995238e+06
8.167566917822751217e+06
6.946460875896390527e+06
1.151920362757143937e+07
2.728311579713611281e+05
4.611103955151247646e+04
2.859009066969026462e+05
-6.984066840582116856e+04
2.611583845855382737e+06
4.174242497617436945e+07
1.228034149081502855e+07
4.964508124283549190e+07
4.244379894831597060e+07
1.653950417543699406e+07
7.118762535677697659e+08
-7.717098000635232893e+03
1.135370452003439714e+05
8.592797094514787896e+05
-3.279941829994786531e+03
1.151238668455720617e+05
-1.087649935681920615e+05
3.132575091439384818e+08
1.134424148589270044e+05
-2.624652565777345444e+03
-9.369755371201477828e+03
4.028010743920873385e+06
7.126180446092347614e+06
3.225728187590111978e+06
1.062860936090390896e+04
1.016411026982308249e+04
9.758961904599622358e+03
1.077243806646662415e+04
1.068749013692524750e+04
9.708840183331922162e+03
9.602331482760724612e+03
1.074627584376302548e+04
1.031509906132082688e+04
9.751749563864141237e+03
9.706322916858742246e+03
