1.287261703914048849e+04
1.052345836728643917e+04
-2.492513793926435028e+04
3.528102166569646914e+06
-4.178639944976017432e+04
3.925982101035457850e+07
7.400447738414856791e+07
1.391629312010101676e+08
5.596151752910505980e+06
2.737062148875498176e+08
1.086116179810144186e+09
7.371102713261828423e+08
7.902471047951697111e+08
7.357962754050640797e+04
2.788455267620759550e+05
-1.316935147215719189e+04
3.262392554978206754e+05
4.914256057906361297e+06
4.765026054692781530e+06
1.888387825531298760e+06
1.021959222021296388e+06
1.628262662307942519e+06
8.703103598565777065e+05
8.546634404424302047e+05
9.213894461119464831e+05
2.126613801379757060e+05
2.403828440075171292e+08
1.665893404173997417e+07
1.885303649908214722e+11
7.607431700673168525e+05
5.639431055006915703e+05
8.127153111469051801e+05
7.372235335809962125e+05
7.650655013959056232e+05
8.609866365101342089e+05
7.069633918519784929e+05
9.557718155370927416e+05
8.590363694547526538e+05
9.953750687143277610e+05
9.834188805148447864e+05
1.078106794607240590e+04
1.074427978373764199e+04
1.022428438264806755e+04
9.752442632416175911e+03
1.026851170584352803e+04
1.020017169448742061e+04
