1.829415246471122652e+07
7.964687839472446591e+06
1.084728861960051209e+08
-2.699641852371616551e+04
1.557804117791422643e+07
2.501053759566963464e+07
9.616338293810388073e+06
7.758295603128081560e+07
-1.391118751292855450e+04
1.716977692817646312e+06
9.250503609091546386e+06
1.554044935691510327e+06
1.746126771256142044e+10
2.840646556503304005e+09
1.135812250876062965e+10
1.796185584305502241e+06
1.794254382462891052e+06
5.949181679515828937e+07
1.131261712951907655e+06
3.112159214324149117e+07
4.922331506114944458e+09
2.186400896557575092e+06
1.260815736115726875e+06
1.005592639696316421e+08
8.228562518000343323e+10
5.204047760786324739e+08
3.191633006704301238e+08
1.662507266680292188e+13
1.237665861788764894e+08
1.272889830051437467e+08
8.090495639153260272e+05
6.851788474704741966e+05
5.999531074180899886e+05
1.023177558151383535e+06
8.103846134866849752e+05
5.776267438131661620e+05
8.782951377470949665e+05
8.533503615228234557e+05
1.454736451457964722e+04
1.353272315763132065e+04
1.342401967813409283e+04
1.346446030664711725e+04
1.383248358662379906e+04
1.448632199441638659e+04
1.450312807271972997e+04
1.395383604869421106e+04
1.353076330891618272e+04
1.449412542749239947e+04
1.436559596454715938e+04
