-1.317068272582866848e+04
-1.904258365353471891e+04
1.822766051419062540e+07
8.348796813003821298e+06
1.125306362090641074e+07
8.742111138997504022e+05
1.604094533633813029e+06
8.805613111706384225e+05
9.431543302854404319e+05
4.843468717100592804e+10
1.156488207305311371e+05
2.502658263445086195e+05
6.796088048248974606e+06
1.909785280616300583e+09
1.317550547900429487e+09
2.524306279649256229e+09
1.612963514059723854e+09
2.468703381765633094e+04
1.352770272062463284e+09
2.587376126959635544e+10
6.642086297753022518e+05
1.058790042041685805e+07
1.518578450545716099e+07
1.635217231681956291e+10
5.102087828369284421e+07
4.721414370188015699e+08
6.465568280029024929e+06
6.517236382357435301e+06
2.617700052076743916e+07
4.138807504896415863e+06
2.410992538486089000e+15
2.106764551725769881e+06
9.870110620152656920e+05
3.950362098213922698e+06
4.751976935419499278e+08
7.009728909474080801e+08
9.163438478779301513e+05
2.126014126820977777e+06
1.004100625885952963e+06
8.879098401819810970e+05
1.036391207763186719e+13
2.418273476939445361e+06
1.282495211344279815e+06
1.116080777204566170e+06
1.593553599301672075e+06
1.567821160774858952e+09
1.353660574031155556e+04
1.441918435329641216e+04
1.401305274924830883e+04
1.418129509803978726e+04
1.410192445742082782e+04
1.452435716489833430e+04
1.373602569179475540e+04
1.333000880683455034e+04
1.465419887762764120e+04
1.465122617632767651e+04
