-1.071542588846449871e+04
-1.482693785397065585e+04
-1.963336380677326451e+04
-2.038244407860246065e+04
-2.161400873040691658e+04
-2.165134336432403143e+04
-2.357389737022827103e+04
1.477449013335265964e+07
4.270970960518445075e+07
4.768322865861231685e+08
3.121897433741666749e+07
3.201423488373855874e+07
1.542321752921555750e+07
1.014142791889778711e+07
1.558057900801633252e+06
1.439736146627574693e+06
1.240187979664025595e+06
1.152283525142535102e+06
1.341935680463521881e+11
3.172402614490879774e+08
2.789167412188252640e+10
5.331654611487686157e+09
3.614862141570094531e+13
1.347632547176727839e+07
9.825341853507654741e+06
1.359963664841650724e+09
1.071040760088013194e+05
1.643629078211286105e+07
2.861513211085688788e+06
8.615950920433295891e+06
5.521180513308873400e+06
4.049919076193367597e+06
8.413833312740887403e+08
4.759801782303173677e+05
5.370200396406871267e+06
1.383059356305006077e+04
1.406616612774328678e+04
1.467204760230594547e+04
1.382127624477591598e+04
1.369930880583767430e+04
1.462484430316442740e+04
1.349527421481252532e+04
1.462679732065519784e+04
1.341683467591187218e+04
