-1.361173579667127706e+04
-1.547070691968032042e+04
-1.724386848668633320e+04
9.397583067045728683e+09
2.336746730533850379e+06
4.543097392354683951e+06
6.370567963159541599e+06
2.724218956496624276e+06
4.831498404004744254e+06
3.554006923616687302e+06
2.599211940777774900e+06
3.156295291550915223e+06
1.833666234725229070e+07
2.446873641506928951e+06
3.823185302067212295e+06
6.428073350184707902e+06
6.308998610071992502e+06
5.920683159297013855e+10
7.136625011450439924e+05
1.785497072494082153e+07
1.616464697152222991e+08
2.707570093436598182e+08
4.034000505292825401e+07
2.348393759488805294e+09
3.292312553923659027e+06
1.993857771331747818e+10
3.521962952744626673e+05
2.740913206109203771e+07
2.947955394002911169e+06
7.482153487791858613e+07
1.367410476250796579e+06
4.120974616367198527e+07
3.666306766634853929e+07
1.127677990927637815e+09
2.252227677497575525e+06
1.249765828822896242e+09
1.494607707780710936e+09
3.324508284325610381e+06
7.826476927810136080e+08
1.529124085665980820e+06
1.747711173866640776e+06
1.068658629109469941e+06
4.172180787598184496e+07
8.584459109801517725e+08
8.792833246460773438e+12
1.918681399069805047e+04
1.839300408863506163e+04
1.958276405224861810e+04
1.909646417008157005e+04
1.934221984273000271e+04
1.877913206385323429e+04
