4.512864382496472099e+05
5.659253176207044162e+05
3.704784347537066787e+07
1.140734559947828297e+06
3.640745050905768294e+06
5.231003922339130938e+07
4.237720646635093093e+08
2.872549821134860992e+09
1.610635916047795677e+10
1.328446697063929939e+10
6.267600965977791786e+09
3.412751336932459380e+06
2.342325222791971464e+05
1.101194669264737167e+05
1.067869351785446525e+09
8.456666791893510381e+05
1.390531475194066996e+06
1.018545327543199348e+10
2.092122805346103851e+06
4.545845608667855859e+08
4.706115534498810885e+05
1.440036151977623114e+06
7.156085547385077225e+05
5.924666930606679525e+05
5.888854736784569686e+05
5.184906146978485049e+05
8.329474360058140755e+07
4.875547501775260083e+06
5.150280585735156201e+06
9.176173602017309517e+06
5.350019202295172960e+06
4.053179566245732363e+06
8.501974405489113182e+06
6.051649609121532179e+06
1.858299298498547822e+07
1.895126303156747599e+04
1.834721088807069464e+04
1.868975927443456021e+04
1.889583033310101018e+04
1.809110529968750780e+04
1.814455123078823090e+04
1.911197548231316614e+04
1.892645678685366875e+04
1.838808445412019501e+04
1.839138000002465560e+04
1.951268638414243469e+04
1.921667324498028029e+04
