-5.198900866717271128e+03
-7.491266240273085714e+03
-1.029923824172057357e+04
-1.073940227993371445e+04
4.011940851416075602e+05
1.230587497451620549e+07
5.540702465990565252e+05
3.470809152879783651e+05
3.185274686650445461e+08
9.140741512850565836e+06
2.425585966482994080e+11
1.658016120932372808e+09
1.225855283044298172e+09
6.496197130005786419e+08
9.376567442625817060e+08
8.526220552346961498e+08
1.496463708340450656e+06
3.619175661768119931e+08
7.536784217855821364e+06
1.832235721303243423e+06
4.635316763856320176e+05
2.327035839367777407e+08
1.389145947915504512e+05
1.216300373415031936e+06
3.406029664280565381e+08
5.274356153939134674e+05
3.580717229560800362e+06
2.533581599285061937e+06
2.161351174450784456e+05
-4.715232599852303974e+04
6.597817261081865692e+10
1.004064547621435642e+09
6.376762021944315338e+10
1.786979531469249129e+08
6.063322311510974169e+07
1.468187125343302965e+09
1.528239574506949186e+08
1.505520903688560799e+07
2.470362513433364802e+04
2.584624068337315111e+04
2.639755522687619668e+04
2.423494096764095593e+04
2.617030910987540847e+04
2.578328176035449724e+04
2.588063881925871829e+04
2.603457937526798923e+04
2.459090716138252174e+04
