2.767993878716881591e+04
1.195898397737837149e+04
2.456797770052318810e+03
-1.337290884224421461e+03
8.222131142443104181e+02
-1.179103330790632754e+03
6.550427164717586711e+06
1.129301778501761332e+07
8.645867809025563300e+06
1.462526597525568912e+06
5.637577109443976544e+06
4.801389119235167652e+07
1.309249632266860269e+07
4.411186746346754953e+05
6.780844119980013428e+11
6.796288494153993204e+06
8.001637527614380233e+06
1.110164392996340245e+07
8.559780159564528614e+06
9.172111919572569430e+06
2.093350876840091944e+09
6.137522470258415677e+06
1.389285559531916864e+06
1.322305613239259911e+10
1.146199563852224499e+07
1.536171500559041509e+06
1.990905648183711455e+05
6.919921628805579618e+06
2.667804347055607289e+07
-4.285840992869932961e+04
1.481124458455530694e+06
3.266024035734889563e+06
1.051333262230836414e+07
2.130302065400398254e+10
3.940065062833077461e+07
9.149806472782626953e+12
1.309083959147351027e+09
-1.009685629542006645e+05
1.580055380847025394e+09
2.755610094425124645e+09
1.133570195132036954e+08
3.950135234942024946e+08
1.170974715199664002e+06
1.214926516209493857e+06
3.281035362065176014e+04
3.244561143855404225e+04
3.335275138548848918e+04
3.315484016644989606e+04
3.466794188883350580e+04
3.516508469522817177e+04
3.464782211083182483e+04
3.287615117184622795e+04
3.326782176282399450e+04
3.472786966608290095e+04
