2.319640998158501679e+04
5.931211756009375677e+03
1.360270591495464032e+03
-1.041521936759527307e+03
-1.182912584309800877e+03
3.368911186467742175e+07
4.038892197708294261e+06
2.364480888736353149e+11
3.831115135743357986e+07
1.376629670817434974e+07
3.514903688298068009e+06
9.182584242258671671e+06
-2.357402384341980724e+04
5.935710871347472191e+09
1.795062753080103314e+06
2.780100316017076746e+07
6.473251705376167083e+05
1.347524664219685365e+06
8.879754618261282444e+08
7.615936191078532487e+06
3.002540612436532043e+06
1.755681155208475189e+06
9.466023923442021012e+06
9.628191184035183862e+06
6.512640532069585286e+06
2.195165692363934994e+09
1.956881836083013564e+07
2.115729635124515626e+05
1.780340328769597473e+11
5.420932673800925016e+08
-5.297330871433092398e+04
2.846827201250758395e+07
3.298296260189817986e+04
3.473467406219837721e+04
3.449788139996054815e+04
3.505086035034543602e+04
3.441245045746854157e+04
3.539087805040567764e+04
3.406794019328919239e+04
3.517371787235309603e+04
