9.604848731264773960e+03
4.595356864553104970e+02
-2.182656299756825319e+03
-2.726329425469142734e+03
1.755701638801901639e+08
4.689824731271340847e+08
2.067754739892333746e+07
6.703000299864862114e+06
8.104152719356129877e+06
3.722814239523809403e+07
1.543360374102935410e+10
1.840129454366853461e+07
9.603789789846520871e+06
1.756304443366020918e+08
4.673202575464591980e+10
2.927439895283185318e+07
2.890259609986005783e+09
3.300519531142167747e+06
2.611948005615947768e+07
7.243708891030395508e+09
1.172002873647373438e+09
2.075382430615415275e+08
1.733148287181885004e+09
2.959943420690123457e+04
2.551389994317774102e+07
3.206807512933576584e+10
4.621849783408232033e+06
3.381872274383313209e+07
3.949647176580991149e+08
3.784355584378923289e+06
2.434084503621580005e+08
1.951036798462360620e+09
1.762605897477068473e+06
8.659952995432409225e+05
1.476454958285366185e+07
3.249917397708992939e+04
3.341419355109339813e+04
3.356285384912893642e+04
3.223559752101817867e+04
3.320425145883701043e+04
3.356441743971151300e+04
3.305158571588329505e+04
3.544189468418911565e+04
3.490957186245938647e+04
3.491165066032091272e+04
3.433585432009262149e+04
3.564283071823534556e+04
