1.317325380203068562e+04
3.357827531310438365e+07
2.207079057821941016e+13
6.020627319613884203e+06
1.515379094152691588e+07
6.344059927249162458e+06
5.197927379138474166e+07
3.463243703406117391e+06
7.822121602733545937e+06
6.407445680265145302e+08
9.011769368791878223e+07
1.189184338969931453e+08
5.302047421415681763e+11
1.662941644364374690e+07
3.349434318288727663e+06
2.939336935077637900e+06
1.112136844516646118e+11
8.970623607425442338e+07
6.761016182131987810e+08
3.649654857070814352e+06
8.794224661698266864e+07
7.760659419368961453e+07
2.549563611454808712e+09
5.440140845581637573e+10
3.308694692339773774e+08
7.752745858158497140e+05
4.326212180515727028e+06
9.568800584731323242e+10
1.137420714322559303e+06
3.047411595682742000e+08
2.487490569140568733e+09
2.121080830670763731e+09
4.475912287634325912e+04
4.412786395062576048e+04
4.491127414792255149e+04
4.371240344306794577e+04
4.313198550650133984e+04
4.651137937679662718e+04
4.573976402579873684e+04
4.419980016837985022e+04
4.621297023229295155e+04
4.394994843653336284e+04
4.679290077950624982e+04
4.670330835312127601e+04
4.412905496215724270e+04
4.321159567539239652e+04
4.709253931610292057e+04
