3.803890384347739746e+04
3.379610656208057480e+04
3.192629507627439307e+04
3.118218676901743311e+04
1.182739364237132482e+07
1.132081000132080168e+07
1.084902145036522113e+07
1.237678320347058624e+08
2.042762949686669931e+07
3.497261310540083313e+10
1.493681704444983508e+06
4.517082614088298082e+08
3.078545299289925606e+05
8.957428839403431863e+06
9.150381190013134619e+05
1.339006391557667971e+09
6.095394023236052133e+06
9.687176069332222687e+05
2.212431943626405671e+06
-7.062200296363563393e+04
2.067683348657449475e+06
2.222578400293711107e+06
-2.836859106707904357e+04
3.344280728614444658e+07
5.398338439744289964e+06
8.168918129579174332e+06
2.934691735203862190e+06
1.157428756840990670e+07
4.797978559044038057e+08
1.298665427246539854e+06
6.406180062100246549e+06
5.591640053905892372e+08
5.426696548795247078e+07
1.427328658617294952e+07
1.461641028535898402e+07
1.435352513023128919e+07
6.563388211209612274e+10
1.592552274140518717e+07
4.556230477408666909e+07
4.269172929860042408e+06
1.459672635557277203e+08
3.348788213588058716e+05
4.172643347227076069e+06
9.148594272454926372e+07
4.210242502821868286e+06
3.688968657710825652e+07
1.562682588923326507e+07
5.991649852430191822e+04
5.786403058274593786e+04
6.069935705609191791e+04
6.078665230585684185e+04
5.891512184483653982e+04
5.969432906311747502e+04
6.106221776690939441e+04
6.162546912017607247e+04
5.679986311761321849e+04
5.720747719734435668e+04
5.732556749790732283e+04
6.117654261452864739e+04
