3.816722962143081531e+04
2.658179540850358084e+06
1.454514214226820506e+06
1.110982651934149933e+10
2.952845902891274076e+06
7.717440584305831790e+07
2.873602970302405301e+06
2.212168384073757101e+06
3.046352483561139554e+07
3.391165386126027443e+06
6.255385103019064292e+06
1.432460088170352392e+07
2.339264832809822168e+06
6.375345651443751156e+07
2.431512208545570262e+06
1.099901718394213766e+08
3.895457392383103725e+06
-1.835342806360180839e+04
2.148375226960056648e+07
1.577406780752555653e+07
1.512484108028464951e+07
2.922172808915529400e+07
1.511134589943243749e+07
5.090034349796506882e+09
2.749073553996357346e+10
2.658290841508956626e+06
6.915230880147119761e+08
2.748057650501045398e+06
7.895272182916693389e+06
3.217431312627785653e+07
1.220178709550394118e+08
1.036665937828252614e+08
2.212427108508693054e+05
1.426782539199338913e+10
7.490942075227679312e+07
6.149132445847251802e+04
5.751758184038923355e+04
6.208158075976709370e+04
5.791983254784683231e+04
5.806913958079557051e+04
5.939737168868939625e+04
5.829685964348106063e+04
5.650793414261611179e+04
