2.789696124018090632e+04
2.880544634212187520e+04
3.249364721649909392e+06
3.624168493549635168e+06
1.889438539459164143e+08
1.399906185610334203e+07
1.558947879767915234e+07
5.554105803502257913e+06
7.252015145455598831e+06
2.733518480618523955e+08
6.928710083093436435e+06
1.091218388806812000e+06
7.848235385564428568e+07
2.913215990020256042e+09
3.075460957425144672e+09
7.757234727716315985e+08
3.909038124132351074e+11
-4.786450704575472628e+03
-1.533286034926207503e+05
1.336838957863006508e+06
7.572450420176992193e+06
5.698472411188248079e+05
4.615652544675577432e+06
3.967224407477954712e+11
1.831350796805701065e+10
1.676508567513789609e+07
4.474871054424533620e+06
3.820487090723529458e+06
6.189995331917676544e+10
2.246121005450267717e+07
2.055404465314582288e+08
1.065980075351070985e+07
5.865492705863123410e+04
5.672495692864820012e+04
5.764153340953774750e+04
6.077955747880862327e+04
6.129841135003374075e+04
5.742504285358052584e+04
6.211088640713601490e+04
6.040032049837629893e+04
5.897887662034813548e+04
5.857108066317398334e+04
5.913126922246351023e+04
6.203684537511671078e+04
5.890452935605964740e+04
6.040531074026232818e+04
