1.407813890981701314e+08
4.331037627675071359e+07
1.835108556183906555e+10
3.412195477880620003e+09
2.587477754508456215e+06
9.391140697385165095e+07
5.803426228168614209e+06
3.855683349149912596e+07
1.686283426398817301e+09
2.107823872846983948e+11
4.183367610918300599e+07
2.222046719760784507e+07
1.762042327671727538e+07
5.867440140232769772e+06
4.889933908466871828e+07
1.944106892118114606e+07
2.917388093453869969e+07
1.820200798872642964e+07
4.806647876058003865e+06
2.447522042118251324e+09
6.403232837585144997e+09
6.979074751089203358e+07
2.101554552039051758e+12
1.561183745187376812e+07
3.011849138818403240e+06
1.496906457243410645e+11
5.307601527334282175e+06
4.419402099255715148e+05
5.267719555673480225e+10
5.711553000471905107e+05
9.007591983374329284e+06
1.328882420190660923e+04
2.360875570331355091e+06
5.507564769296805382e+09
-9.896192116783552046e+04
9.188014728257497773e+05
1.688788057705926001e+08
3.163199470541331250e+14
7.078671746506902855e+05
9.344956954176830053e+08
6.119116013030538335e+06
7.312131578495602123e+06
5.926802132499922067e+07
2.223168177337581583e+05
4.999207725141284987e+06
5.840579826199039235e+04
5.651803768727325951e+04
6.086108951563495793e+04
5.851860818866753834e+04
5.833641282648817287e+04
