6.332217519539398199e+04
5.732843249962386471e+04
4.782859543445008603e+04
4.689583272002838203e+04
4.865988137611110869e+04
4.160309198737479164e+04
2.104587336275225878e+07
1.739683892993593216e+07
1.000595555997660160e+08
3.461095484915914945e+06
1.953505258436703491e+11
8.524712483394496143e+06
5.472555416424766881e+05
2.997210634470119700e+07
2.014568268918336369e+06
3.238570701421929989e+06
2.619813287848361768e+06
4.644690464537419379e+06
4.510583424417597198e+10
3.408639999200743623e+05
1.526946016549544875e+06
3.832916485499532521e+07
8.354626875956826843e+05
5.666998260291715851e+05
4.506225042694106814e+05
2.356752654621820831e+10
3.301071822514467835e+08
3.663934631358678453e+05
4.669532671167646185e+03
2.191521599516366608e+06
3.995381623972328380e+05
5.184608609656719491e+05
4.885111498307255097e+06
8.884450661994409747e+05
3.384582942623524461e+06
4.352907747524949082e+04
4.510843462055233540e+05
1.002403732505477266e+06
7.018215757484757341e+06
1.817294881758800242e+06
9.200182473661613185e+05
1.513922601669136202e+06
1.773921431992041762e+05
2.292298634874508716e+06
1.442341134914968628e+06
8.058940159313793993e+04
8.045627888754458399e+04
7.476988514683966059e+04
7.675053430079336977e+04
7.848881365352921421e+04
7.592591853635350708e+04
7.865788642305415124e+04
7.451596124176902231e+04
7.642360142128675943e+04
8.135616881632385775e+04
7.671557355824456317e+04
7.567087112197256647e+04
