1.577718418874696016e+09
6.656992922554232597e+09
1.944969490545881093e+08
4.312708768552158475e+08
1.053719595574013889e+07
3.015365123475509696e+06
2.225668363912629895e+06
3.552789050364111364e+07
2.272881116891601682e+07
2.365649749757870450e+05
7.850526219776484370e+07
2.500809015477864072e+06
1.039177267621819861e+06
-2.769929652271567102e+04
5.235333973689997219e+04
1.884229728268116887e+05
4.107803611442381382e+09
1.289772656978294440e+07
1.877831331315763667e+07
1.563024695448279381e+07
2.343478998977595475e+06
1.084920928444741666e+07
1.040978473718124628e+07
3.067868647718824819e+07
6.804681456580908969e+06
-1.263764705204395432e+04
3.491017205018862151e+06
8.284626840905059362e+04
7.322070225233675912e+06
4.115641135456473351e+09
9.289088024829417467e+06
3.729119377746930113e+05
7.456862883702388499e+05
2.632932288233496249e+06
2.723863208118215669e+06
1.446733463654502109e+07
1.240303470022562444e+08
1.283263873626894802e+08
1.843294378787931055e+04
-8.559884666227488779e+05
8.600555658502201550e+04
2.470110922240045294e+07
-5.427052362163621001e+04
-9.631752149366852827e+05
8.515665977882593870e+04
-8.459608161662612110e+05
1.330918685096781701e+04
-1.093765210652109236e+06
9.616357187224808149e+04
8.413939370583370328e+04
-3.277308469440096058e+06
