1.466904244626445579e+05
1.326707622272227018e+05
1.210984321631271450e+05
1.178084019412150956e+05
4.851532374378556386e+06
6.779570547654243419e+05
-4.313956214470654959e+04
4.798725789883763194e+08
9.793656569489148678e+05
9.236774894741440658e+05
2.824458622410440445e+08
2.758225359929823279e+08
1.185885100405091187e+06
5.934649078635718822e+08
1.147643331228735447e+09
5.620724510011164099e+07
1.824114828911881149e+08
6.527682765710138716e+06
1.353626597990272101e+06
7.846402320719754696e+07
6.079593666902486086e+08
1.784513584612448141e+07
3.090587999800584093e+07
6.068405202285983562e+08
2.593924821565149818e+06
1.462565945327686146e+06
1.693313849600912258e+07
2.818052353367159609e+06
7.626521635048295138e+04
8.032411198759387434e+07
4.102082408676463645e+06
5.803762436789227650e+04
5.042789575242456980e+06
2.379194022374209017e+07
-1.645327985480558127e+05
-3.807117582096698461e+05
-2.814495852139010094e+04
