2.394274482419030683e+05
2.260015738889234199e+05
2.205736530172227649e+05
2.069458590355863271e+05
5.413449523300582077e+05
1.363005699807051569e+06
3.998989570399441756e+06
3.520669409315884858e+07
1.030404676905289642e+06
1.288026339026333392e+08
3.522933586717192084e+05
1.040716410609684419e+06
5.250787874351707287e+05
8.123338015207883436e+05
8.923051155959216878e+06
2.069299173319406062e+07
4.661229730753334588e+05
2.996422925335692614e+07
2.614035110510050133e+07
1.310725351284964709e+05
3.059884636842134953e+09
8.957357162682044145e+04
-5.980744728218083037e+04
1.710204456756073341e+05
1.149589738555347547e+07
3.176176950236551762e+08
6.119607780993162841e+07
1.943171785033565247e+06
1.513620148562849283e+09
5.234437587486391664e+08
1.321334225185113773e+07
1.399667185361784220e+09
8.280384720701439306e+06
-6.332549483548651915e+04
7.479666155866065025e+08
4.017655001127825584e+06
2.305562634134252556e+06
2.827442319642246002e+05
2.420987426108872984e+06
6.061991912811289541e+06
2.273117143259813020e+04
-2.971039481052765041e+04
1.441933070088498294e+07
9.724683697068376541e+08
4.118502176886663772e+06
3.069679504506317899e+06
1.997479298608993879e+06
2.239104026906164829e+06
5.480352877969355322e+06
2.152485307454714552e+06
