2.598467544282059534e+05
2.691760095404766034e+05
9.917511406526160135e+04
2.213894468215160305e+05
1.005421913164754398e+06
1.468329826549125835e+06
2.199929040243248164e+04
5.739282069913472515e+05
1.347403214582019718e+05
7.648270852728052139e+08
7.192094996282000793e+05
9.659909617423549062e+05
1.266315368013738916e+05
3.539941524943740573e+06
4.834822899152273312e+06
1.619683843262847280e+06
5.621816727382890880e+06
1.651459229784192285e+06
2.415744270135540143e+07
8.602460229276995361e+07
4.035530410681264102e+07
5.302008613522108644e+07
9.043742358467231691e+07
8.056076682335637743e+05
3.504327092575255665e+05
8.484286280187178040e+10
2.717996256675710938e+12
1.025504829374950205e+05
3.684213593714195728e+09
1.562979354205933167e+06
1.932110134123539319e+06
1.006605192371341167e+06
6.409492477154299850e+05
1.117974845534143038e+06
1.981772744288991904e+06
9.416462818622316699e+05
9.684072810814251425e+05
7.964684535923080985e+05
1.123544096807276597e+06
2.352320673160170913e+08
4.688858145233448750e+14
-1.065263783616369183e+05
3.647863723394206259e+06
4.491394806464794159e+10
4.306811250114454888e+06
2.402981493315601256e+06
7.093904223834100412e+05
3.906351624416923523e+07
2.076254827627670765e+07
-6.562770063356979517e+04
-2.717067252449016087e+05
8.744646356308043003e+08
6.203361541239430428e+09
1.015146879187177867e+08
1.003810953904813230e+08
1.047245850596283227e+08
1.914620110965087414e+09
4.489186383478698134e+08
-6.128015219074890483e+05
1.625208930233340561e+08
3.922558049482742697e+07
1.234538609602351665e+09
1.717550551631754875e+09
1.058608205652784705e+08
-1.263342101529844222e+05
