-3.763871192163345404e+04
-3.907979670828067174e+04
-3.947223912178728642e+04
-4.087809788301429944e+04
3.641185997106317431e+07
7.942198974934039637e+06
7.965803064103015698e+06
9.081361272030403838e+06
9.222422811790687963e+06
9.255751366611447185e+06
1.450267488924693316e+07
1.479400698255044967e+07
1.071691769157822967e+09
-1.383050283212525246e+05
2.600225815681481734e+07
2.591364307922989130e+07
2.690135828849936277e+07
1.533464993467257321e+08
1.832931646039982885e+07
1.428337405372174382e+08
3.204380509813277721e+09
3.505888406852069497e+07
-1.816415346645517275e+03
