-4.134306544218547060e+04
-4.191380358457704278e+04
3.699163025172287016e+05
2.391968083536018066e+12
1.236020464212244629e+12
5.553099698796853423e+06
1.107984759592989385e+08
4.308029252138126642e+07
5.711614060472425073e+07
-5.844968364553047286e+04
-5.931473083373572445e+04
2.623958667018344116e+10
2.301680249771216202e+10
1.911753788655479439e+06
1.655213949071286619e+07
-1.929005536972948175e+05
4.687175258274111897e+06
-1.027130989307666896e+05
-1.765919160577759612e+03
-1.747843393305782229e+03
