-3.892332922264336230e+04
-4.069853419963636406e+04
5.715963281105259061e+07
2.340579415884401649e+06
2.302969672768295743e+06
2.362252891970914789e+06
8.205494802355583012e+07
1.022717759703252563e+11
1.854825613284309860e+06
1.797706816384014208e+06
1.807160790828289697e+06
1.850263373966017039e+06
1.846600749436459271e+06
1.841614835351272486e+06
-1.658308422240283107e+03
-1.679638585281965788e+03
-1.669246226180111989e+03
-1.659019197453890229e+03
-1.686939415124215884e+03
-1.664112860904657282e+03
