-3.653074256437709118e+04
-3.851009461787384498e+04
-3.889807242441538256e+04
-3.973650100589900103e+04
-4.022070729704117548e+04
2.617868468603745401e+08
4.283982365077499417e+05
4.132985130311817017e+11
2.855778642455305481e+10
4.571917485174858011e+06
4.386534136515098624e+06
2.653624208299137536e+05
2.850706541747545125e+05
2.671496093758245697e+05
2.732380021129738307e+05
2.540718904143004911e+05
2.626117024221580941e+05
5.066912751239633188e+06
-1.679587052084738389e+03
-1.675547100770403631e+03
-1.679831125232711202e+03
-1.674819787792890565e+03
-1.686124278416245943e+03
