-3.638450977053548559e+04
-3.862714797040734993e+04
2.652496017767016776e+06
2.670286596525700297e+06
4.149902256403639447e+06
4.216820153134264983e+06
1.455493007554751587e+10
3.894335074366040230e+09
1.419840910977801308e+06
1.348997094992119586e+06
1.404530619759714929e+06
2.610036637118666504e+12
5.935283624320681393e+07
-1.408634095202377066e+05
1.043498401710343510e+08
6.767307639784578234e+06
1.790493436101909727e+07
6.557725847368227318e+06
1.293552049377294779e+08
1.981003795928642899e+07
2.345098994477323140e+04
-6.317704081036208663e+02
-6.833517972500703763e+02
-6.025119073960231617e+02
-6.036347656191792339e+02
-5.617081643570563756e+02
