-3.736436094019220036e+04
-3.781483291168784490e+04
3.380637211574150781e+13
8.767783673939467188e+13
1.782199655846485840e+12
2.106641592325005680e+07
4.303951898860189438e+09
3.525764282635921000e+15
2.190543135352590680e+08
3.429629066733358800e+07
8.007544938888875008e+09
5.141870535895332694e+06
1.232454919086386710e+08
6.264855612790168524e+08
1.088221013838331401e+08
1.510551377345706224e+09
1.581795375387237594e+07
3.146045870448797196e+07
1.759139615575427562e+07
1.372300811514522322e+07
-1.906435055885522161e+02
-2.472086330773017835e+02
