6.904986246232265472e+09
2.863359506922323722e+06
1.224013844918707199e+07
2.201345302152553558e+09
2.172888355103068829e+09
3.093428881295688823e+07
1.040313669126882404e+08
7.703668900854615867e+07
1.093532712892478146e+07
1.094020657094246894e+07
2.781595571928851679e+07
3.315083051154595017e+08
3.989685980587702026e+11
3.098606981285000610e+11
9.170229999554746875e+13
1.043931209079843945e+13
4.415930900833918713e+02
3.097195235539984424e+02
5.095843781221483368e+02
4.558577069504826795e+02
