-3.378024976430393872e+04
1.005232245431171775e+09
3.530746063604351282e+08
2.977189748173675314e+07
2.184197292203237489e+07
3.905432441813187003e+08
8.964795457108836621e+06
3.268439024817670137e+07
3.041227893039496243e+07
1.302813013317707443e+10
2.695959700646967292e+08
1.326956824491585046e+07
4.208759997922889888e+06
5.616780372943242788e+08
1.228586271113055013e+07
1.138541612031819671e+07
1.613409623450075835e+07
2.155471129998327792e+07
1.071251203897011653e+07
2.028173264678829582e+03
2.298774350052786758e+03
