-3.079654042233509244e+04
-3.127767804575307673e+04
-3.460840055435930117e+04
-3.524307317052382859e+04
-3.567145305521183036e+04
6.281131218148615211e+06
5.333448453548745252e+06
6.083850012097813189e+06
2.053232076780340195e+10
2.705875321691287231e+10
5.323068367803536377e+11
1.415673843344966173e+09
1.585178915102587280e+11
3.815650798300969124e+09
5.093947426436198354e+08
4.186344226638822556e+08
8.857254349652371407e+08
2.172012229316115379e+06
5.609912006412202120e+07
3.267711483601829968e+03
3.180678451727813808e+03
3.250917972764058504e+03
