-2.965971409358816891e+04
-3.101551342862877209e+04
-3.147984279542199874e+04
8.160712249426534176e+08
8.607670848752049729e+06
6.147682327711493708e+06
6.722762012611571699e+06
3.245623273765869439e+06
4.979459712073152768e+05
1.475691864286090434e+08
2.662292051508178469e+06
1.896915940055628493e+07
9.840782854758534580e+06
3.331047296638966203e+08
1.794819200899939751e+06
1.476801911834319588e+06
1.608319597834749846e+06
1.122229555954609532e+06
7.651155365625388622e+08
4.878224844479787862e+03
5.143910009125684155e+03
