-2.400423399589033215e+04
-2.583092285618505412e+04
-2.713973377921668725e+04
1.301669288821917325e+08
1.779737585761976661e+06
2.399552917062396184e+06
4.007586111518347263e+07
3.411858316121782409e+05
4.140364074510007049e+05
2.068716109401869297e+09
1.349696007066714600e+12
4.244857849833067507e+07
5.000943536396593787e+06
2.193427248951866932e+04
4.846300408555033617e+06
8.274349580884879455e+06
9.685203628494780511e+06
7.146588181930590421e+06
8.981737872807988897e+06
7.016280503694947064e+07
7.819406404955688864e+06
1.352372044809727557e+07
1.057392033397295745e+04
9.625677570536616258e+03
1.003071678443864221e+04
9.655344995844585355e+03
1.071663330852420768e+04
1.008799193708764506e+04
1.081920390996494098e+04
