-1.727968028551266616e+04
-1.824694410461940788e+04
-1.800758599363642497e+04
2.056455193748343587e+08
4.351576012443374097e+07
2.826892538162726164e+08
1.162038658991805273e+13
6.814587099027008517e+05
1.167938096149889985e+06
1.629637361930072308e+06
5.737299619788012467e+06
4.104487909688600805e+06
2.124873877532816841e+05
-7.774877904239576310e+03
1.989349071851890767e+06
8.981199995094384253e+07
1.083745223719788529e+07
8.383566355640783906e+06
2.464940193274759054e+08
3.524200199592468329e+06
8.615054943633943796e+06
1.377916220876978245e+06
1.896394973608624423e+04
1.958620192903018324e+04
1.871878093194813118e+04
1.899630291853571543e+04
1.993284664881613571e+04
