2.115213484982528985e+08
2.018437597739245370e+07
2.553460742178356171e+09
3.418035327144051902e+06
2.456458038568524361e+09
1.205679249096277046e+10
2.503850628409268750e+13
6.420165136006476730e+07
2.370779721511665557e+05
2.675779839463844430e+06
5.193874597910682983e+11
2.808125436132847797e+06
2.463584982380326837e+07
1.840922969579968974e+07
6.601276129902323484e+08
7.985615911655977249e+09
1.251432964451247215e+09
6.166389328111163923e+04
6.153081799676275114e+04
5.795381648692578892e+04
5.810751861830134294e+04
