4.941993616649646719e+04
4.242503133806004917e+04
4.335800016348183999e+04
4.487298170437646331e+04
1.264012265031978313e+05
7.362979852642567130e+05
2.367306146308037266e+07
7.045121795387062244e+06
5.745280834604351548e+05
3.108906747667832533e+05
1.124544869210772276e+09
1.344222180777771759e+10
2.393863286869720614e+05
4.612693153521713102e+05
1.661719857545240549e+06
1.856104020051799715e+06
3.097409699561676942e+06
1.460992047231402947e+06
1.568490975206949282e+06
7.812385863768460695e+04
8.038327245836972725e+04
8.030121570276131388e+04
8.138491427432693308e+04
7.897922817136708181e+04
