2.962825294853340602e+05
3.009318438547216938e+05
2.762220588898546412e+05
3.008529337774785236e+05
2.973197106902198866e+05
2.851275580010005506e+05
8.833215067767912149e+07
4.191826317408970743e+07
3.715199623379446566e+06
4.185631491780988693e+09
4.058034898369435966e+07
3.598449135683171917e+06
5.094635161810255051e+09
1.356548427191621875e+13
1.296998958888615370e+08
3.266692931758168125e+14
5.907254645019242969e+13
4.870964218620111234e+06
4.182546080528657883e+06
3.861735013456889343e+10
8.916235758869020501e+05
1.184336248561405111e+06
3.478033273951505423e+08
