3.799959747371412814e+05
3.973124101205056068e+05
4.010179891081409878e+05
3.753700041676246910e+05
4.028987302606853773e+05
5.680078446908557089e+05
5.593246786325891735e+05
6.076104410632762909e+08
4.107383726330874488e+06
1.129032880192681774e+07
2.911862923024662305e+06
1.648372173252869397e+06
2.583654984497377396e+09
2.844630368470611572e+08
4.296965549498036504e+06
2.557893134836425781e+08
8.880563253672834253e+05
-1.240186878771894699e+05
6.288793076157907024e+06
6.983987266162890592e+04
1.184775303398104850e+06
9.326315926653277129e+06
2.703757091514637470e+09
5.932519022011889610e+05
