-3.475480727738573478e+04
-3.620897186085145222e+04
-3.873093840209381597e+04
-3.913350304003521160e+04
-3.996665901565435342e+04
-4.042766476307887206e+04
4.239484471159115314e+09
1.653450804308018181e+06
8.757391725107232332e+08
4.003822879169433564e+07
1.627274263427773118e+07
1.209385996460056305e+08
1.171473721716907024e+08
1.283403873356848210e+08
2.680709413859147578e+06
2.693151689116476104e+06
1.726176455347957146e+19
1.295062734496949799e+07
5.833907668099433899e+09
5.036742830227275848e+09
9.913053235651291907e+06
9.610015053291790187e+06
9.741363838544661179e+06
9.934913717067843303e+06
1.003170317565324716e+07
9.528418677030788735e+06
9.507467173363790512e+08
9.740578481087764502e+08
1.015124260222982168e+09
9.874453308339648247e+08
2.029846252615916019e+05
2.030453581516870763e+05
2.027503547257836617e+05
2.019550314235955593e+05
2.027644544360305299e+05
2.031467302202920837e+05
2.018370916491789685e+05
2.033757392325114924e+05
2.032370508920347493e+05
-1.873985701048048213e+03
-1.881858414841932245e+03
-1.869406387337279739e+03
-1.873433018966083182e+03
-1.874173367916984716e+03
-1.881621003107546130e+03
-1.885180312310723821e+03
-1.874901385224453406e+03
-1.883648116526572267e+03
-1.880306238873949042e+03
-1.870390868605754804e+03
