-3.874379233021834079e+04
-3.912238786804586562e+04
-3.953592098391029867e+04
-4.043687306840741076e+04
3.331899347540290654e+07
6.702779961605468988e+08
6.422260175033969879e+08
6.952437787874534130e+08
6.943820035224844217e+08
6.346357325243003666e+06
5.171344249546457082e+06
1.508383184823502973e+07
1.510111117707500421e+07
1.500872506125491485e+07
1.299460429088453799e+08
1.296565165405289382e+08
1.296851439722525179e+08
1.307703976642564386e+08
1.290558049810557556e+10
1.093810161444817924e+10
1.063265262992622375e+10
1.195052586479540216e+06
1.191538985765086487e+06
1.184649098076529335e+06
1.201150366660973988e+06
1.203486785086618736e+06
3.726665302451703465e+05
3.720456283270128770e+05
3.690742521852748469e+05
3.718646661732221255e+05
3.715879154463337618e+05
3.735873957844041870e+05
3.718869164405796328e+05
2.087244265140834332e+09
2.694868013266398907e+09
2.864325080465958595e+09
2.183898342111416817e+09
2.271833722051307678e+09
2.681494508008535385e+09
-1.871706979751266772e+03
-1.869924146098201163e+03
-1.877841761343443068e+03
-1.884119302587001584e+03
-1.872173560492723482e+03
-1.878440206638915697e+03
-1.870456397104746429e+03
-1.881278316267678747e+03
-1.878336605522345053e+03
-1.877996742203977192e+03
-1.879447035188670270e+03
-1.872736202395288274e+03
-1.877038731224776711e+03
