-3.736831278011351969e+04
5.388553545892813683e+09
5.222836150920571327e+09
1.292364928985056250e+13
2.839527531536818314e+10
2.823709996569966507e+10
3.573379705678378344e+08
3.576059370391199589e+08
3.685271033781977892e+08
3.419082434355099201e+08
3.471004484440312982e+08
5.656786749983503906e+12
4.958063162643206055e+12
2.970980422537114471e+06
4.509552850742115639e+06
2.845354635109329131e+06
2.452960093755068630e+07
3.228650553032357991e+07
2.127482924657029565e+06
5.056303239127717018e+08
2.730412155626670271e+07
2.743820831891520694e+07
2.717892033987658471e+07
2.724457271797842160e+07
2.812859663225838542e+07
2.793677391881733760e+07
1.647397260739770174e+09
1.636249151498665571e+09
1.435550402151203632e+09
1.606429063209118605e+09
1.481097321693222284e+09
6.276143972141800821e+07
6.020827603892731667e+07
6.165598029426077008e+07
6.170945726819790900e+07
-1.870311669098562561e+03
-1.871221382571762661e+03
-1.872462338815239491e+03
-1.876961474132112926e+03
-1.885008571777842008e+03
-1.883991784348880174e+03
-1.885161921865830664e+03
