-3.768375817802867095e+04
-3.801637300684676302e+04
-3.840314165894124017e+04
-3.878204355288625811e+04
-3.917465426144327648e+04
-3.961125837399058219e+04
1.994485665691244125e+09
1.176016776600068331e+09
1.374707651980302811e+09
2.276434091054348946e+08
3.233628176890290380e+08
4.082106701947770081e+06
4.369505925451383926e+06
1.357967849285656586e+07
8.887272855410857499e+07
9.337216116084048152e+07
9.520978979796992242e+07
1.312390098262761354e+09
1.199751954516371012e+09
1.255243037688091993e+09
7.757313410559855402e+05
2.824244763443911797e+05
2.763057797846311005e+05
2.955442221587024396e+05
2.903699471534500481e+05
2.833336425260876422e+05
2.884664424864490866e+05
7.718017440830104053e+07
5.377603878385957330e+06
1.223939461856950998e+09
5.992964762908767462e+08
5.693760700564185530e+07
1.925173028148548678e+07
1.123801452583543539e+09
3.793663322372689724e+09
2.304004938758628964e+08
6.612354656186644733e+07
3.228779714173344895e+07
8.053788238630782976e+18
-1.580565269236802123e+03
-1.582277955868572462e+03
-1.576773742702178424e+03
-1.578864296148298308e+03
-1.551429088982811663e+03
-1.572388803114852635e+03
-1.552339803421375109e+03
-1.535574730730091687e+03
-1.577307789806305664e+03
-1.543242575021664379e+03
-1.577976257928705309e+03
-1.573647954979678616e+03
