-3.586449480990049051e+04
-3.734195984549858258e+04
-3.768645300839239644e+04
-3.801516260758158023e+04
-3.878087893554077891e+04
4.562327281534779668e+08
5.012026018696539998e+08
5.098931837106169434e+11
2.622821358961333036e+08
7.308479654952607816e+05
5.168312377961155027e+06
4.895290326355658472e+06
4.787884005044125021e+06
4.976569749890529551e+06
6.029070194262311794e+06
5.903323923179569654e+06
5.946583284367017448e+06
6.259141295791030861e+06
6.209626966191456653e+06
5.798645047004687600e+06
6.240075370175054297e+06
1.399397899290472036e+06
1.420791255772152450e+06
1.431311633456816198e+06
8.902479807047073841e+08
8.018325726258569956e+08
1.014942516861620918e+07
2.711878730924411392e+10
7.432259416285928488e+08
1.207743358284783125e+09
6.725381090955156088e+08
9.526549327731378078e+08
3.871616609560192823e+08
1.195628117725066662e+09
5.668008010527237654e+08
4.475925829213178754e+08
1.189290211477474451e+09
-1.573591934554628097e+03
-1.574350715527951252e+03
-1.565992012338247150e+03
-1.577183003670856124e+03
-1.559896230985381408e+03
-1.542140980661846697e+03
