-3.608109115764465241e+04
3.558518002401188761e+07
3.559180954816360027e+07
9.491302957524833984e+11
2.752547636227918323e+06
8.249866384428812500e+12
3.785787246449790895e+06
3.605247529038021341e+06
3.649978806546516251e+06
3.615903371275888443e+09
1.499022214448605299e+09
1.099952443701007217e+07
1.080898692269126140e+07
7.066794688924503513e+06
2.225362624433126450e+09
1.713428779495313764e+07
4.777798685631310195e+07
4.047117669323546346e+06
7.561063403282758594e+07
7.477053648989850655e+06
1.069672683960791677e+08
1.072073854711042047e+08
2.715782813375558376e+09
1.026907837341951847e+09
7.108061694829920530e+08
9.241532196705368757e+08
1.054714840588329196e+09
6.159977845877484083e+08
8.393008164730589092e+07
9.604258059959404171e+07
3.895018415546628833e+08
1.088113327726195306e+08
2.034641607718815804e+08
1.662961751380349696e+08
1.597896320698728859e+08
2.023383312801907349e+10
2.842901064335531235e+10
2.270399391618953645e+08
4.662989167087633057e+11
3.200271697918335907e+06
2.732879736890654080e+06
3.171121444129812066e+06
2.834910000329363625e+06
2.773159099265731871e+06
2.089875328797071707e+06
3.266034510719486512e+06
3.149720596663041040e+06
3.017287846003163140e+06
2.933551086427896284e+06
2.231070038230876438e+06
1.820634981763301883e+06
3.011848341878236271e+06
-1.225376716465980280e+03
-1.244704916701390175e+03
-1.206816049068176653e+03
-1.184665948874113383e+03
-1.222678032873780467e+03
-1.211468638628313784e+03
-1.227355888897669502e+03
-1.219971063041215530e+03
-1.233653855859563919e+03
