-3.635437689974072418e+04
-3.734741019451015018e+04
-3.773680166209614254e+04
-3.904131370087685355e+04
8.266627182366344929e+08
7.098783742470223224e+05
7.061143881542335730e+05
3.898176123901907704e+05
3.811098554858953576e+05
3.724674576228598016e+05
1.941540360909644127e+09
2.707229373848652363e+09
3.654804994611950397e+09
2.867503387176882812e+13
1.140879307141633224e+10
8.336601286462859375e+12
1.986116980571346283e+10
5.719950932934245793e+05
5.547433618753507035e+05
5.231019976546856924e+05
6.588860674851214844e+12
2.096607580719394237e+07
1.238401945389210433e+07
1.636993713115414791e+07
1.440002664767934475e+06
3.423937005880905533e+10
9.924773631696535647e+07
3.320028968412484392e+04
4.301574361733619869e+07
6.788559618171405047e+06
1.852154412508250475e+08
2.490278491032056045e+06
4.828415947514274740e+04
2.423504281799019501e+07
-9.184387575314904097e+02
-9.448269649596768431e+02
-9.311317541783791967e+02
-9.387416883773112204e+02
-9.604648711484624073e+02
-9.559677854709734675e+02
-9.419780544943932910e+02
