-3.554834866932302975e+04
-3.575043495245794475e+04
-3.771388579807557835e+04
-3.820501652815459965e+04
-3.853556022671145911e+04
2.588188741026146317e+10
4.239408892869056702e+10
1.391114517767709447e+06
4.494706251370635629e+07
3.158191656740744039e+07
9.168145137758976221e+07
1.187900102591847815e+07
1.672882900588913634e+07
2.076448629815525189e+07
1.537974641326263500e+15
4.847775921872656250e+10
5.796039558914851397e+07
6.704656321512721479e+07
7.342784560700787604e+07
4.063737792549041566e+06
2.499982805587205570e+06
2.870442057962916326e+06
1.798064973919461016e+06
1.778081244708257960e+06
1.767043909655446885e+06
1.841297544663140317e+06
1.861469474934549304e+06
1.769728874433567980e+06
1.610955527335651917e+06
1.644581445493485779e+06
1.642283759237310383e+06
1.552738035926168784e+06
1.638653587601443054e+06
1.570644979956717463e+06
1.557064328454801813e+06
1.644383569619592279e+06
-9.636891632537299301e+02
-9.640681610215106048e+02
-9.405700225554464851e+02
-9.948038150429201778e+02
-9.696818591777409893e+02
-9.132986993625527248e+02
-9.267397549433517270e+02
