-3.552262101520778378e+04
-3.637296987709314271e+04
6.451407272661375999e+07
2.684659798856296763e+07
2.275442879454061687e+08
2.832567807006605901e+06
5.246338111613932997e+07
6.108594002769934386e+07
1.683091550566572230e+06
9.514398123318102211e+06
1.010603890169031546e+07
1.106804850896119606e+05
6.351882169220128174e+11
-4.836280912022885605e+04
3.322256316244833171e+06
6.434760105344639160e+06
6.401830516876581125e+06
1.047241844311309862e+06
1.219515300368943281e+05
1.198319790138239769e+05
1.231640660892533779e+05
1.197716258225365455e+05
1.241854327190285840e+05
-1.423541045819914143e+05
-1.123578535234406736e+05
6.557483428745130077e+06
-1.515430084413680597e+05
4.219043216210641479e+10
3.091775513922493458e+08
1.243595260218431473e+09
5.207185109366249847e+10
4.749812675538737178e+08
1.312064504248269653e+10
8.282272827525816917e+09
8.081940557103620768e+08
1.363242775949132144e+08
1.215444077768443298e+10
4.447855671677391529e+08
6.627141915242479324e+09
2.068991752921580811e+11
2.011017858348209763e+10
7.246314397672327881e+11
3.115912493684957504e+10
3.599236235265016937e+10
6.628313185325266113e+11
5.202004656416796265e+11
3.945528513336518097e+10
6.654292161585541534e+10
1.046423713228625336e+11
-9.642224070067459252e+02
-9.512497233012982178e+02
-9.145209780511213467e+02
-9.621844046617334243e+02
-9.333647017983021215e+02
-9.130533765805012081e+02
-9.588161064726009499e+02
-9.815366686080815271e+02
-9.598874462106032297e+02
