-3.486986748911851464e+04
4.919578503649755859e+10
1.097188696736431681e+06
4.864566283599166572e+07
1.341638750105280662e+06
1.354455200840409379e+06
1.667713108851934597e+07
1.618731451950339787e+07
3.290834586575890891e+06
3.144602139227052219e+06
3.262069347443699837e+06
3.274765933692402672e+06
7.940977723556376994e+07
8.721553396772116423e+07
7.392109416160617769e+07
8.762334109354096651e+07
1.261351722034494728e+08
1.178127735593442768e+08
2.833670681452533230e+07
2.608551026778633147e+07
2.776353978500255197e+07
7.535232152034819603e+09
1.113782408386080742e+10
8.350667927671028137e+09
6.815710776558897018e+09
1.020861174415709991e+11
2.961092790234178770e+06
3.065455730025790334e+08
2.950947926987668499e+06
3.119660860333799850e+06
3.125097374694551341e+06
9.097560243751258822e+05
3.931031252172359964e+05
6.207171838094813284e+05
2.949188466933385353e+05
2.646709781995221274e+05
4.172500677475209231e+05
4.365172806364874705e+05
4.267090795086931321e+05
4.269914370702732704e+05
4.580756894316027174e+05
4.295028103881131392e+05
4.246106675534653477e+05
4.564169494013421354e+05
-5.899096899281430524e+02
-6.685268809453700669e+02
-6.357847118246718310e+02
-6.341400983531202655e+02
-5.766908571465173736e+02
-5.936215202815074008e+02
