-3.106765945976966759e+04
-3.172661105269801919e+04
-3.208519260279086302e+04
-3.364623082881669689e+04
-3.437457481469616323e+04
1.062937433117065877e+08
2.919561626640369743e+07
1.727107348360993862e+08
1.080676612121616992e+13
2.694003682503402699e+06
1.183642606324496306e+07
5.063514163263998181e+07
2.266767110133355078e+13
2.703962881640163281e+13
2.111235786554955000e+14
7.238970354675210547e+05
3.617845902640446472e+10
3.561078271591255325e+05
3.414651618788562482e+05
3.215600542950211093e+07
4.287181414907988906e+07
6.707437087104453705e+06
5.718823125096867792e+06
5.508250111701852642e+06
7.262315919115393423e+06
6.025301163151043467e+06
6.183380980975136161e+06
1.661304097371273041e+08
2.679729762889510021e+06
3.298632258898928165e+08
2.573560782560781538e+08
7.478432410737293243e+09
7.843508917056179047e+07
1.449172039653453231e+08
9.207369736277052760e+07
2.800037272921009734e+07
6.464749152842376381e+07
1.185513532518459558e+08
2.057519497686650157e+08
5.548444165660088062e+08
4.715994864300639369e+06
3.057704418882886879e+06
3.103588411731975153e+06
3.436453753138863249e+03
3.535564904435537755e+03
3.560620815507223597e+03
3.535347959397709928e+03
3.372535356418986339e+03
3.454575592631503241e+03
