2.438047174925771728e+07
1.924669843295319006e+06
1.845832099171436787e+09
1.261563586496232271e+09
6.210826408126698494e+09
7.693921619596151635e+06
5.267389599882774986e+06
1.549060919234366760e+11
3.805226634644200000e+14
7.078828389401608147e+06
5.268981279716982506e+06
5.502079577584474348e+06
1.021433685396254808e+07
1.825490052896417677e+07
7.935153389893266372e+06
2.629771147238038015e+06
6.570547795841673584e+11
2.172819654716762900e+07
1.776132690366298199e+09
8.234976714903749526e+06
2.326161737838791683e+06
5.701227545301124268e+11
2.509955611480830765e+10
8.711980067894679308e+08
3.891913304058819264e+07
3.534383559679293036e+08
5.450245000630927086e+09
7.014059853254064918e+06
4.181096463823895901e+07
1.640925329785388429e+06
2.099169681683510780e+09
2.063482753036605072e+10
5.131148957404890098e+03
4.755655401089636143e+03
4.972873785855859751e+03
5.278990297318057856e+03
4.826782712662883569e+03
4.861506269419740420e+03
4.962291147171083139e+03
4.905846932831365848e+03
5.432706028541200794e+03
4.943694427979819011e+03
5.394215088570374064e+03
5.201599159540171968e+03
5.096836680356878787e+03
4.886400578768341802e+03
5.119385479553428013e+03
