-2.496058060146599018e+04
-2.782079844476642756e+04
-2.818902625368616282e+04
9.878873001818389166e+05
2.994696387209538836e+06
3.340922666369709652e+06
1.850708767807628959e+07
4.126685273782107234e+07
2.195865086754526943e+07
2.964573873794458866e+09
3.920211619840469211e+07
2.763821341919075847e+08
3.068931522705127951e+06
1.409363128219622970e+08
8.602535780203436315e+07
3.934714434324613959e+07
2.618659838842429733e+10
8.675217856662970781e+07
3.799610315719975159e+06
6.341421040218682289e+08
1.532842409568412781e+09
5.739092713216953278e+08
1.452576707347967662e+07
1.532672052220441168e+06
2.201219503988767043e+06
3.223003853090965748e+09
1.184384461853583110e+06
2.152975594540552139e+09
2.286212076250580444e+11
3.335118326628382318e+06
6.596633976114525646e+07
4.907233942436490906e+03
5.231700107204815140e+03
5.336796090809395537e+03
5.388045142923219828e+03
5.139166747345123440e+03
5.181193369072454516e+03
5.256377103318576701e+03
5.153665325369423954e+03
