-2.741607072505274846e+04
-2.938118223261227831e+04
7.571453265118732117e+06
1.087444630931488983e+07
6.060877312334069051e+06
1.002009575918692164e+07
7.591633648238653550e+05
1.326069238381346921e+06
9.343769298848094000e+15
1.756594620519734174e+07
4.411320367802311897e+09
4.803411339077218436e+06
5.730820424695513211e+06
9.299977587020641193e+06
6.065986014511545189e+06
1.422087120430961484e+06
1.298866511046894128e+06
1.261279709458737401e+06
6.221954466578003019e+06
1.001973157202767022e+07
6.864485693759188056e+06
1.202220454117013514e+07
2.868110143435134739e+07
3.449731673009656370e+07
3.697350928637157381e+07
4.849278239244747674e+05
7.720194303332801210e+05
3.603811951226072852e+05
-1.661024526513406308e+05
7.687732751889076317e+05
1.564248023818328220e+05
4.574811283690080745e+05
7.601409263809968252e+03
6.956520530038775178e+03
7.354978177039796719e+03
7.055557910430390621e+03
7.539945278891158523e+03
7.469521943556639599e+03
7.302318711336993147e+03
7.455117111301398836e+03
