-1.443350079504712994e+04
-1.438559170740417539e+04
-1.705354498759443595e+04
-1.699256699996098541e+04
1.192686382646901321e+10
-5.487305482222165301e+04
1.339708597420248687e+08
3.858102281392985821e+09
1.833848310377818346e+07
3.517919673903325456e+05
4.964265508238381590e+05
8.938805224444868043e+06
1.006822624359661674e+10
1.653220329381039192e+05
5.085795115980694070e+06
4.510698128016138449e+06
5.003630190266423859e+06
7.094572113076893613e+06
1.101231937791403197e+07
5.200155711407096533e+04
4.918801415611798293e+05
2.795514866583582014e+06
4.259543526987674832e+07
-1.282878164752540179e+05
3.947033964746605605e+07
6.533587864180031776e+09
-1.308580151817941514e+05
1.403107675852098763e+08
1.035264276362483855e+06
1.897994084848827333e+04
1.902672160823320155e+04
1.895280088772499585e+04
1.911923929616424721e+04
1.925482482852757676e+04
1.854919143170007737e+04
1.917679139390282216e+04
1.872793267579190433e+04
1.946103588892330299e+04
1.999472372850088868e+04
1.858963000965010724e+04
1.882703123922951636e+04
