-1.594127176184990094e+04
-1.740620859178033425e+04
2.318297889914599061e+07
1.858909918702572882e+08
3.448469192249611664e+10
4.095727236969089136e+06
8.537682557854300365e+06
1.788015542084065452e+07
7.203634644939197600e+07
1.139350656571126543e+06
4.993084297430169769e+06
1.048788817591151595e+07
5.813708284189408878e+05
1.965078537500285311e+05
1.078405222287090146e+04
2.176669389747166133e+05
2.434916925960675580e+05
1.517816431348005295e+10
2.561208962756064224e+10
3.434826909575674217e+06
4.044581221007455140e+07
2.792069235869279131e+06
2.166106192772132345e+06
1.938278709743612912e+06
2.531426776956764050e+06
1.389624748505505268e+06
2.481181986718263011e+06
2.021375134217643412e+06
1.351767713292254601e+06
4.389044575765104033e+06
3.626564456929744920e+05
4.907299651507459348e+05
-1.546498397838919482e+04
6.540797188595503569e+08
1.130396771745245743e+10
7.343138536435863003e+06
4.546619899383555353e+07
3.039188388083236758e+06
3.097641335741242766e+08
7.974800465237002820e+06
1.810383763383477344e+04
1.998387707282369956e+04
1.818134642413759138e+04
1.838444858720380580e+04
1.823997567617567256e+04
1.911252168306469684e+04
1.862970272761638626e+04
1.794407473630658933e+04
1.861961463121706038e+04
1.923312668405828299e+04
1.868587043220788473e+04
1.821509048364052433e+04
1.883857438124541659e+04
