2.555453904238675022e+03
-1.349336015250082710e+02
4.194438022336689755e+02
-5.642630968846278847e+02
-1.594414737383362080e+03
1.476912331624191720e+06
4.798168082129538059e+06
6.464332604972156882e+07
2.413171094423189387e+07
6.674994563963940740e+07
7.471034696818547249e+08
5.912033045067786006e+05
7.025448740182972979e+05
6.404706698898690753e+06
9.251671122436386067e+05
4.485672779072623700e+06
5.319539882144830190e+06
3.928607684882399626e+06
1.407651524890168905e+08
3.672608879606837034e+07
1.205273439679575264e+08
5.307868971867867745e+06
4.597732828714299249e+05
8.854179012700805441e+06
2.939072124779944308e+06
6.330074736890859604e+08
8.669165020014941692e+06
1.284068793641206622e+07
4.655155001815737486e+08
2.189625343414854050e+09
1.591374128128073931e+09
2.503866280673199799e+06
1.270883192383286543e+07
7.560550789909762330e+06
9.015758568958927691e+07
2.959320359844196122e+06
3.427411315102760010e+11
4.799477309615210630e+06
9.591528561472213268e+07
5.611803292797258377e+09
4.976705632774372101e+08
5.939628756726359017e+06
2.710906379455745337e+05
1.297902456207637861e+07
2.950830769594812393e+08
1.881484513596129045e+07
4.304253010761075467e+07
6.215253067475379258e+07
3.048217159230564237e+08
1.144658768393560181e+11
-1.481293597240816162e+05
3.485805947476116125e+04
3.348518352912785485e+04
3.497364142129715765e+04
3.317126962069107685e+04
3.358876017786544980e+04
