1.569177849700544539e+04
1.277687261455005864e+04
1.139622237806096746e+04
9.227463480042657466e+03
8.025757397268243949e+03
7.570382534743295898e+12
3.027222448620693207e+10
1.183709450057820650e+06
8.382790307644357672e+05
1.861583737172015244e+06
1.528550843032204313e+06
1.939003206004055142e+08
2.467702853980484232e+07
5.349455731938620758e+10
4.308336918059191084e+05
1.743773885811055079e+05
5.854161235267556000e+10
4.223475969412537292e+06
1.225427499445643276e+06
6.838404579106997699e+06
7.274230236052397639e+06
9.426065638631289825e+06
3.064449497146454640e+06
1.581782914180087391e+06
9.594420946012274362e+05
7.176821285236808658e+07
5.130794103490424901e+07
3.574759073404158931e+06
1.652095632161643410e+10
8.439001685378124714e+08
1.320531757744074240e+07
2.688742347966467857e+09
6.927986229643230438e+09
4.968411556221222281e+08
2.039591184570858721e+06
1.437819865204655565e+07
1.140870733417980373e+05
4.859712915151060559e+06
2.570775300196302310e+07
5.290757851529311389e+06
1.703411027194412192e+06
6.161954011087226868e+09
3.306247639240157325e+06
3.617703245186946820e+06
6.285962262902850285e+06
4.383688347105900175e+04
4.573182442159895436e+04
4.568087381997008924e+04
4.682207677944391617e+04
4.355749040373912430e+04
4.546684382962065865e+04
4.701520666663974407e+04
4.704974156581755960e+04
