2.894989226033372324e+04
5.568439826029626653e+06
5.066315566970429791e+04
1.340326592014324851e+06
9.060468473680256307e+07
2.847763540470544249e+06
2.046319545223282767e+05
3.258020908463361557e+05
8.241264277962436609e+04
1.633880459529002383e+07
9.910621716246983851e+04
7.039979764474070398e+05
2.189743720623764098e+08
5.909405785046375822e+05
7.845951774601729736e+11
1.407371273657477461e+06
1.451326880755948834e+06
2.950822127358085155e+09
7.833272455805002246e+05
2.235602277591639198e+06
7.131296397080645508e+12
1.442880234857657342e+05
9.426431981889510644e+04
1.264352565450473456e+06
5.098737509140870534e+06
9.156263514926281059e+05
2.307974743787793908e+06
1.837242747114086524e+04
-1.238022519522447838e+05
6.495182524174666964e+06
4.314946096421055496e+06
5.113675961627279408e+06
2.637016009925463703e+06
8.333739717065580189e+05
9.597186628893578425e+06
1.206901881659741020e+10
7.620632903881710023e+06
1.274918810754227638e+07
6.013385161831744015e+06
2.685050387354535051e+06
1.467247495611982606e+07
1.222150605265988223e+07
6.006055200122907991e+04
5.960298165112384595e+04
6.206898581398630631e+04
5.644323457167873858e+04
5.632801375393784838e+04
5.647035861494418350e+04
6.170814986951099127e+04
6.188647980269114487e+04
6.057489835743478034e+04
