5.166231581067775551e+04
4.997950941321883874e+04
4.704549891095681960e+04
1.822952867437419295e+07
7.138273986104576290e+07
1.000324358757772599e+06
3.445951255920080002e+06
7.642762990671131015e+07
7.014854774662312865e+07
3.966556386526854515e+09
2.729036090982794994e+05
1.642323855184706151e+08
-1.390647839076534146e+05
5.795909162426832914e+08
3.993801768586412811e+10
1.294016490438226052e+07
3.737093941849232465e+07
8.854710185472763777e+08
1.110513485161354765e+06
4.545962461873412323e+10
3.259073066724437103e+07
3.358480968509750000e+12
2.846650445711744018e+06
1.162804722210223541e+11
5.854723793487205505e+10
1.361644743152517509e+10
1.951355641345706955e+07
3.298779270373089600e+16
1.699540787320547104e+08
1.021118030167613477e+08
1.963090312209789699e+05
1.400374123136216961e+07
3.427832926680558827e+06
1.806530137053498998e+07
1.550528767258251272e+07
2.176886584571869578e+06
5.856709558018089738e+05
2.767369967785128392e+05
8.160788364313694183e+04
7.808920917740487494e+04
7.785015897255123127e+04
8.089549301172595005e+04
7.700627066445216769e+04
8.176148793760460103e+04
7.440321233127685264e+04
8.018117665857082466e+04
