7.204437163810851052e+04
7.338041244024566549e+04
6.959153061857483408e+04
7.639770606048699119e+04
1.194629345401042938e+10
5.912826154394104004e+10
2.934676738852006383e+05
5.018332350599246472e+07
3.466153793319997191e+08
6.168278777085818350e+06
2.195447782159827054e+08
1.509240245689531267e+08
1.002888411041745758e+10
3.020799106521908194e+06
2.217838733103219420e+06
1.314510913803717047e+08
5.838081708815466613e+06
1.403262113617752686e+11
1.197427060973329283e+07
9.640892972733424976e+06
6.435283470145685133e+05
3.591217706789051183e+06
1.322292912860915363e+08
3.586851068551111221e+07
8.438747083136340603e+06
5.811315558901393414e+07
4.716383166729118675e+05
1.134681600344236940e+08
7.472280676556803519e+05
9.897360295788734220e+04
1.051931406808152096e+05
9.790201603970711585e+04
1.036825990213929908e+05
1.053148235305167036e+05
1.010149124306381564e+05
1.047905195402384270e+05
1.036024516302047996e+05
