3.041206864361673128e+06
7.628734822278122883e+05
1.391245903368127765e+06
3.332594842883193970e+11
3.976655295165835414e+05
6.384998462546357187e+05
5.058422655302947387e+05
7.215602443690679932e+10
1.596568058450574614e+07
5.043092901987883262e+06
5.237960998131465167e+06
4.690043732897793874e+06
5.020793976842845976e+07
3.088767611663058400e+07
2.674957954982099056e+09
1.567396927807165086e+08
2.199845134360056370e+07
1.849201121493311226e+07
6.847466863120616414e+06
5.034774232053758204e+07
1.120711040368229151e+06
2.007331583535427094e+09
2.525129822955707312e+08
1.623635795404058881e+06
2.292526092280379962e+06
8.888415133274815083e+08
1.873173043524784036e+06
6.082103627964918269e+05
9.935354783580912277e+06
1.390482446996843908e+06
3.199392309367232956e+06
1.452056311921329200e+08
6.709939595081763916e+11
5.670135409512475599e+05
3.745112982615535730e+05
5.141319366891800880e+09
3.336109398201681614e+09
4.913147491387136281e+06
4.745403118400972337e+07
3.033576328035306651e+06
1.014964515682721394e+05
1.066308319682643050e+05
9.818015631666075205e+04
9.803227948538720375e+04
1.030021342358235852e+05
9.749009663244977128e+04
9.778212461369839730e+04
1.013077815738100908e+05
1.046597069347986253e+05
1.001757230969496304e+05
