1.094205288132485584e+05
1.095902562141395174e+05
1.103611291806406225e+05
2.580625330142820720e+06
5.223371962839554995e+06
1.112981488022285746e+06
1.320440552238617465e+07
8.041310767227930482e+05
2.499196939801462926e+06
1.659447146325058769e+06
1.581221906615167856e+06
5.066941069830377579e+09
3.606440493362217210e+06
2.662721935774601880e+05
3.007686277945606038e+07
8.674077745862498879e+06
1.011697346047278680e+07
1.325954081716869841e+05
1.672155398570962500e+13
3.107761058780433238e+07
3.002098386906188130e+08
1.458913542852782644e+07
9.945673370975542814e+06
1.947128339899023473e+08
1.557763356811083984e+12
2.224465623786759097e+06
3.483684493086321745e+06
5.247328266383573646e+05
1.882174716474498389e+06
4.634810847821825409e+10
4.997531141956690550e+08
2.576793974901124835e+06
1.154824926417809213e+06
1.167634601792027242e+05
6.671248191398160553e+10
1.175962953657690808e+07
1.423640714247083664e+08
4.497886035856701434e+07
2.377910844332210720e+06
4.329303121128470451e+07
1.366065677889589220e+06
2.238999035330818295e+08
2.869555590237922072e+08
2.981999257625886202e+08
3.247753952147508971e+04
-1.843510385241202079e+06
3.743487526984419674e+03
3.024436660456648562e+06
-9.554945143104973249e+04
-2.610700356216938235e+05
-1.036427878656773828e+04
1.209560077423602808e+06
3.949309952496008575e+07
-5.156235435179157648e+05
