1.119728158383594273e+05
1.083115829136173707e+05
1.000921577999894362e+05
1.001247900229806983e+05
1.080139903859596961e+05
1.134341794316461019e+05
1.245273128805967420e+07
1.848321646992181778e+09
3.172571686096516903e+06
1.835543638844623417e+07
1.033670111222978234e+08
1.537684407063736022e+07
2.453428993420853512e+05
-2.472199563861682327e+04
3.312809252343666740e+05
1.248483711583997607e+08
-1.143419396219242772e+05
3.251651668862464844e+12
8.591305944220334291e+07
2.405949313646985590e+07
5.742766237187627703e+05
1.547896880302863428e+06
5.108110760514017195e+06
3.044023524354837835e+07
9.798068452868566383e+05
9.114209896728331223e+05
6.774343830520163465e+03
5.437138511902931146e+06
2.129379845566866919e+06
1.581581983222556533e+06
4.154816416853492856e+08
5.855716137611908913e+08
1.633670417408668902e+06
3.692358278392492676e+11
5.190166146771281958e+06
3.647607500898806000e+10
2.233241696206975728e+06
-3.008418156171785085e+04
4.349648108603363633e+08
2.729611002807272598e+05
7.399388605845406651e+06
2.823837747302076817e+08
1.421743770372604951e+06
8.260460641013942659e+07
7.367383168915566057e+04
-1.397030506254853972e+05
-3.214758297875698190e+05
6.605463094909723848e+07
