1.538440697584969457e+05
1.551351611604875070e+05
7.905646093473991156e+08
5.240053060745438415e+04
-3.096685983588874660e+04
2.668635139867771912e+11
1.426149740410855599e+07
8.499840020139370114e+06
1.210599288036566925e+11
4.600983501736513972e+08
8.163862665328055620e+07
2.154841144617200270e+07
6.689563489573648199e+06
7.866306129097610712e+06
4.878250599731983542e+08
9.302341798680962324e+08
6.065359347594725114e+04
1.049215509866299666e+07
2.067418513083279133e+06
4.522875273717166856e+06
2.103618499559572898e+06
5.173371757284397259e+06
2.759551690290595870e+06
3.272138777249204740e+07
2.692894205627671909e+04
1.395333021187015772e+08
9.233623391903597116e+07
-3.171328679600839387e+05
1.901708953449107939e+06
-4.276124428498141788e+04
-7.030329727490413643e+04
1.274066041911826236e+06
1.531154899958192408e+08
1.089762731281292289e+08
5.330074403317950666e+07
8.499167928548887372e+06
2.630657438043322414e+07
6.138448198673595907e+05
1.699360618368800730e+06
1.317424129175347984e+08
2.621592632471359968e+08
3.592321900047475845e+07
4.029505523477725685e+07
1.137216794713335577e+06
1.439428981729757506e+06
-4.098060001726336777e+05
-4.711767243043279741e+05
1.192172251747960448e+08
-7.824094047811777564e+05
