-3.642712239266114193e+04
-3.762587317891896964e+04
-3.867306940392783144e+04
1.431519809211407500e+14
4.107880227690767050e+08
9.536711717570282221e+08
3.563999225996128749e+06
5.783216903475797176e+07
1.478521138475806713e+09
1.103058999507128960e+06
1.101969991734646028e+06
3.776461409539885712e+10
6.882823176470079041e+10
3.169022622359012222e+10
3.186402939792661285e+10
6.296479376585623932e+10
4.060553278822160339e+10
6.618955632651300430e+09
5.843981791903608322e+09
6.464055760492536545e+09
7.031270115294152260e+09
2.563335759845489636e+07
2.564560967124728113e+07
2.565451097005754709e+07
2.344561527466776595e+07
2.322966990838170797e+07
2.415258703502687439e+07
2.365282533648166060e+07
2.489865102191343158e+07
1.063154684135408998e+08
1.018556200131445825e+08
9.266076909089174867e+07
9.489911662470191717e+07
1.014762133337355256e+08
1.072536697719658911e+08
9.557056449215589464e+07
1.017321915222539455e+08
-1.831900768393243197e+03
-1.834762286764773307e+03
-1.824879189981234958e+03
-1.830294425935222534e+03
-1.826456862521532457e+03
-1.833989521974552190e+03
-1.825281569941987982e+03
-1.832169472582463641e+03
