-3.333983522119527333e+04
-3.598975875816939515e+04
-3.816389997729285824e+04
-3.889822377562638576e+04
-3.932242111246792774e+04
-4.020839293353287212e+04
-4.071021938099355611e+04
3.057635061990821362e+08
6.231146450747924857e+06
6.250442895651440136e+06
6.287659315754737705e+06
5.980673190155795962e+07
5.864362729531458020e+07
6.157096256197115034e+07
6.491527164955216646e+07
6.207350943870487623e+06
6.168090102294333279e+06
6.193423719889908098e+06
6.225526072526657954e+06
2.855313296084992588e+06
2.914547465086990036e+06
2.746609490105118137e+06
2.907045755993730389e+06
2.897107186374865007e+06
5.929010071386809461e+06
2.895785734475100413e+06
6.946277113924015625e+12
1.629324771736640632e+08
3.755743757682822266e+12
4.319177746112003750e+14
1.496552312866216525e+07
1.435734971568470821e+07
1.436237602909759618e+07
1.481619501905036531e+07
1.428603829294690676e+07
1.478679670451451838e+07
1.397946228981393389e+07
-1.674718256943422602e+03
-1.678570811160607263e+03
-1.681188019457942573e+03
-1.682435865346516948e+03
-1.678630955502711004e+03
-1.685082948461378692e+03
-1.691076743821613491e+03
-1.660000048204063205e+03
