-3.432279324986578285e+04
-3.684336696323497745e+04
-3.779195664315226168e+04
-3.851692771843737864e+04
-3.933608035367941920e+04
-3.976212188644118578e+04
2.882643333118378800e+16
5.393038902968984000e+15
4.151014046341010332e+08
1.443803618934988081e+08
2.424109601490622014e+07
2.729869670403279364e+07
2.055364366653853655e+07
2.728174628475170117e+06
2.737316745568331797e+06
2.728696773951319046e+06
6.552499784836708832e+10
7.407671035094264221e+10
9.022075521725427359e+06
8.901001600831264630e+06
9.007613770171193406e+06
9.072081145926704630e+06
3.504666557900955528e+07
3.560071874918295443e+07
8.027762574915954590e+09
7.637693293159446716e+08
-3.786209114277578919e+04
-1.459260415446263505e+04
-5.629852091737709998e+04
-1.151712694117688807e+04
-7.844095028232861659e+04
-4.274060532585980400e+04
-3.132272401079978590e+04
-4.047632920386168553e+04
9.131449995196335018e+06
1.064511786719772592e+07
1.021150537995545566e+07
1.146591795172817074e+07
9.397398195214839652e+06
-1.687143259209493408e+03
-1.676298986309819156e+03
-1.662121551004878711e+03
-1.662173857883084565e+03
-1.669853136401681695e+03
-1.658184612314653350e+03
-1.663711463233863469e+03
-1.676616564148862381e+03
-1.659994860806211364e+03
-1.667777995175274555e+03
-1.672205338462837972e+03
-1.664995306936092675e+03
-1.671090884707256919e+03
-1.659702602559322258e+03
