-3.816663956983399112e+04
1.520931556077926457e+08
8.889607757936054468e+07
-6.120298321037404821e+04
-5.822530358662940125e+04
5.402873286196638830e+06
5.528945860635370016e+06
1.212516272896301422e+11
1.315410861789956665e+11
2.060911184723876715e+08
2.501320967182109654e+08
2.274220735655659735e+08
1.709608325573804975e+07
1.954263578993853927e+07
1.624218784383221157e+07
1.644587328025606461e+07
3.753582550557739258e+10
2.693080224494053268e+10
2.935233335080868149e+10
4.033831197229666901e+10
1.517266311553798020e+08
1.595737939202185571e+08
1.499906769087126553e+08
5.097915270116317868e+08
5.534821940383825302e+08
4.152359277727410793e+08
5.184280539169750810e+08
5.240856637131973505e+08
4.697688785922631025e+08
4.504128094504575133e+08
4.145009549279083610e+08
4.781415930835261345e+08
-1.661414653771294979e+03
-1.686871048413333483e+03
-1.691385821788600879e+03
-1.655734439719090005e+03
-1.673450271779001923e+03
-1.686479651123052463e+03
-1.677024686888937140e+03
-1.667848947548132855e+03
-1.684386415577348089e+03
