-3.802116987793499720e+04
-3.839104506274693995e+04
-3.962102858523892064e+04
-4.011067223092829227e+04
3.325263193408527970e+07
5.400033198876840994e+06
5.711652196880625561e+06
5.551193963677083142e+06
3.633667151365467310e+08
5.894554593609542847e+08
3.645072672241626382e+08
3.309385220577126369e+06
3.345516526406243909e+06
3.273099079970858525e+06
3.252840295217142906e+06
7.426288212540981174e+07
1.545013207375419438e+08
2.386442167747608423e+08
1.156095565638308227e+08
5.473682458980488777e+08
9.559813493989863992e+07
9.253437249032106996e+07
8.028252000419722497e+07
8.669568888930860162e+07
8.603374223276232183e+07
9.240495999887232482e+07
8.404170269360519946e+07
9.932093271976940334e+07
5.788206063366014957e+08
5.999553104695034027e+08
5.998955741825248003e+08
6.591271608653850555e+08
6.177240165790638924e+08
5.794346444219089746e+08
3.579110510983728338e+06
3.544410252640692052e+06
3.539916851371348370e+06
3.817808437904777471e+06
3.756669910195596050e+06
3.794328323522674385e+06
3.655279711198321078e+06
3.795194014999308623e+06
3.672496188522754237e+06
3.826441899903770071e+06
-1.557285966527764685e+03
-1.535512867409997853e+03
-1.557999373062630184e+03
-1.574070448173617478e+03
-1.574858372870861785e+03
-1.568386664318357361e+03
-1.550098462361405836e+03
-1.568015514855214860e+03
-1.562500810851546703e+03
-1.541898652930918615e+03
