-3.439585315544648620e+04
2.175877155982064083e+06
4.700835319974564016e+06
6.965235216057332039e+09
4.431335778925563209e+06
2.408349848371807486e+06
2.323821370435269084e+06
4.221843292364506423e+07
4.564520662351618707e+07
1.464407659789166646e+06
8.518092268728077412e+07
8.439136850630457699e+07
8.885353947750097513e+07
8.592927380159047246e+07
8.414754212659554183e+07
8.447340725916869938e+07
8.496569905338165164e+07
7.269835456702564261e+04
7.102939002918124606e+04
7.139966079061636992e+04
4.185380591236680746e+08
4.071238233353242278e+08
5.218183104356382489e+08
5.844345371727899313e+08
2.103792410818854570e+08
1.166432592614822835e+07
1.099509331243679672e+07
1.163489219951283373e+07
1.363593053576673754e+07
1.130746326806699857e+07
1.445402212807421386e+07
1.199285312029408850e+07
4.248344987481839955e+06
4.179032949499718845e+06
4.230768598197154701e+06
4.168779993783601094e+06
4.220517119686243124e+06
4.308755818432103842e+06
4.324540746780227870e+06
4.263850090246879496e+06
4.275715472983337939e+06
4.252657263946945779e+06
4.126843904438063502e+06
4.290861067109799944e+06
-1.555944370656303363e+03
-1.547634267818822991e+03
-1.535444116502825636e+03
-1.559416682319220854e+03
-1.557085057728429092e+03
-1.553570971507171635e+03
