-3.747655895527018583e+04
-3.772574427901099989e+04
-3.817075521507012309e+04
8.553479214359398186e+07
1.555964440160803199e+08
9.759285877842453003e+10
3.698957946510669708e+09
1.571681418415948391e+09
1.416199062270206451e+09
1.972525511679898262e+09
1.943872510408815145e+09
3.493160434283100534e+06
3.665921478591410443e+06
2.516553544695470333e+08
1.894251679249542654e+08
4.927321385719357729e+08
2.471780764054737389e+08
1.950536555414160192e+08
1.429680017284552101e+06
1.481847481471478473e+06
1.410140748924993211e+06
1.521858816141591873e+06
1.454474825129358796e+06
9.060727840513521433e+07
6.463466116318096924e+10
2.583258625217210967e+06
4.049563456175389700e+06
4.020883622467502952e+06
2.673006555197400507e+06
3.376234968164226506e+06
1.537027551629748009e+07
1.380982762202898227e+07
1.255359563294773735e+07
1.417748867994454131e+07
1.504657195343172178e+07
1.487686502474209480e+07
1.336530275373343378e+07
4.523287277620680397e+05
5.348261750966694672e+05
5.378633342944551259e+05
4.540822760481266887e+05
4.775552160264977720e+05
4.807334962768065743e+05
5.756502685374240391e+05
4.613322276029083296e+05
-5.817288770875602495e+02
-6.862594387002172880e+02
-5.995064625121594872e+02
-6.461454174880636856e+02
-5.850283439310733229e+02
-6.632965724771784153e+02
-6.404935116151464172e+02
-5.625617840903578326e+02
-5.737346678745525423e+02
-6.617355312787403818e+02
-6.186543096918612719e+02
-5.968425417434482370e+02
