5.162356781874315813e+06
2.424214683265226250e+14
4.488324764035165310e+06
5.087870406005581841e+06
3.706357468641993999e+09
1.434069108939876407e+07
1.263249521940438775e+06
1.141647261136776768e+06
6.597932148384859320e+05
2.962720999798231060e+04
8.026142094053933397e+04
1.624635703802188683e+10
3.220925991355927661e+06
4.987242471702472121e+07
7.001619913908711076e+07
2.339943972742111683e+09
1.722955382726983428e+08
1.110166947369851172e+08
7.650286485459153354e+07
1.387030711425965130e+08
1.097315776674802415e+06
4.703834283938370645e+06
5.607753966538406909e+06
2.863859879014203325e+07
4.038591179534197599e+07
4.441183404184507206e+06
1.240814108498299122e+07
3.759466368991898745e+07
8.663580386265968904e+06
3.583560360077329911e+06
2.159014658328804374e+07
3.572419199108728208e+03
3.554055888895527460e+03
3.399245711175870383e+03
3.542733471899584401e+03
3.682409029623318929e+03
3.179660399178275838e+03
3.437833831107884180e+03
