-2.595785658930835780e+04
-2.665459751390467864e+04
-2.814443065091483368e+04
1.222547835995770292e+06
1.047908040594549384e+06
4.042830179291791320e+08
4.632118202881119141e+12
1.656411186789070629e+07
2.373906424118972778e+11
1.408364460734402062e+06
8.870531633815714158e+05
8.630346783761318075e+05
1.085408242155161919e+06
9.584060235596774146e+05
1.029339386012932984e+06
1.311170672181536909e+06
8.467073649007687345e+05
6.685690327502139844e+05
1.886444100076074526e+07
7.618569433895952068e+06
4.410608528194700368e+06
3.973503073129741242e+05
4.100873436503153644e+05
4.646884215732089360e+05
4.011753396939306404e+05
4.968490093633484212e+05
8.213072430104324222e+07
1.964982161603747401e+06
4.881490127579609398e+05
8.487086951520473231e+05
1.477379204917304916e+06
1.238261975984105682e+10
1.770136293121463358e+08
5.965279490026059151e+08
2.091689609599216143e+06
-3.423970703168326872e+05
8.484516569655528292e+06
2.802277309332450386e+06
1.272437736361356947e+05
9.088307144700887203e+08
4.169246872893021256e+07
6.982080895313876681e+03
7.436268896289897384e+03
6.854917553665407468e+03
7.274858222325856332e+03
7.252540041907544946e+03
7.608910185991931939e+03
7.210280957792390836e+03
7.072648994884802960e+03
7.480113980822905432e+03
7.130300394974212395e+03
7.174154456399905030e+03
6.887115802496206015e+03
