-2.036623850715048320e+04
-2.193749676394310882e+04
-2.239736362455199196e+04
-2.226917839681611076e+04
1.661680586993304780e+06
6.474148562890853733e+06
2.213153352675122209e+06
1.530822087871819036e+06
6.718027642657911405e+06
3.882183275405703578e+06
5.100918594129047357e+06
7.933796857052900828e+06
1.417821573230127990e+07
4.000524155441880692e+06
1.548030490443430282e+07
1.361420183278459869e+07
8.148328374503705651e+06
2.546711026886272430e+07
5.139255091596208513e+07
4.384701935140075535e+07
3.355298227756243896e+10
6.175525186129643768e+07
6.386507014809744433e+06
3.514755470056813210e+07
1.430919691002533212e+07
4.888387175020670166e+11
6.807682645914954133e+06
4.724082105060595512e+09
8.343783950926086865e+06
1.474544578109495342e+04
1.460033493572237785e+04
1.369674571632736479e+04
1.460728924769145669e+04
1.400828172246523900e+04
1.390941370475912117e+04
1.353913182289764518e+04
1.390399310267626424e+04
1.364752609451673925e+04
