2.294097646130619978e+03
1.875883709443471162e+03
-2.003379381474846014e+03
2.521879417961639166e+08
7.392878694459266961e+07
1.992067794031155825e+09
2.188561551280963421e+07
6.441959009979265742e+06
4.230475146352975629e+06
1.274051119504464790e+06
3.152671553783179283e+09
2.848900334263838291e+09
1.153976604843024969e+09
4.238550077387425699e+05
1.519705434780407250e+08
1.632517270125352740e+08
7.714856906897688293e+10
5.648769006266118164e+11
2.013857144107864238e+06
5.330742959931821097e+05
2.023955845774485206e+05
7.411503038262085058e+06
1.914710313282702118e+05
2.138216811078620667e+05
1.760698783546819119e+06
9.501480649754807819e+05
9.062073697226528311e+05
7.921023384413167725e+11
1.810553110304104686e+08
2.059094029143385010e+11
-1.786779614349113544e+05
1.211214142402723245e+07
5.213598839529757500e+09
7.640039733043387413e+09
1.794665789462559158e+06
4.131168648639426380e+07
3.526006998214407940e+04
3.376201958105099038e+04
3.541069283496026765e+04
3.296677419707478839e+04
3.416776250633670134e+04
3.522775239074832643e+04
3.415869841310824268e+04
3.530222233848486212e+04
3.310687182631687028e+04
3.481133436078426894e+04
3.292961919174660579e+04
