-1.816876255966431927e+03
-9.230497807125793770e+02
-2.786587220736502786e+03
1.662402325024409220e+06
6.179052442945852876e+06
8.411431549396028742e+06
5.823468650894318390e+10
5.223786604215829074e+07
1.690795848140572384e+07
1.301703392854961567e+07
1.208753136919701472e+06
2.060299021246685646e+06
1.244669937454264145e+06
4.295633061492600245e+05
-9.852893902081405395e+04
1.150975499397072243e+06
1.111416885757787852e+06
1.972916921087752562e+06
2.050721153432199499e+06
5.321383129937530495e+06
1.271114005283480510e+06
2.463121687294947915e+06
1.897932916293642716e+06
8.810356225656311959e+06
4.237377348074680776e+05
4.781033849358458817e+07
-1.616172928464359138e+05
7.551052378521692753e+07
9.438180986697107553e+06
2.146712226025333221e+05
1.165293111543973237e+08
2.234866570599116016e+13
2.900170285375297442e+07
1.220627383445041627e+07
3.836514546557642519e+07
4.079616779723968357e+07
3.358136079167580465e+04
3.447949604172082036e+04
3.362688257711849292e+04
3.513668519640062004e+04
3.305079352358783945e+04
3.505186474303365685e+04
3.397674802440713393e+04
3.313339481092515052e+04
3.548698184833553387e+04
3.390358511379966512e+04
3.513827927473530872e+04
3.397195799887226894e+04
3.387735417815527762e+04
3.328828069548631902e+04
3.432653222133894451e+04
3.225331330543267541e+04
3.214313994127049227e+04
3.430794513207260752e+04
