4.676414532707009494e+04
4.785682310317862721e+04
4.927176954903559090e+04
6.197529059080571868e+06
2.596855565663226604e+09
9.449732599401222542e+06
8.707183222163923085e+06
2.608347552366212010e+07
5.092772554333263077e+06
1.640642941267071059e+06
3.189522001442771405e+06
3.266661495075285900e+06
9.219203718101354599e+09
9.876477553945214844e+10
2.409956820874889851e+09
7.041986103139893385e+04
1.523651465395217761e+07
3.968935606299754232e+06
3.133839397835971043e+07
5.406750025360647123e+05
4.786300903710347484e+05
7.984701101788055152e+06
8.239677207371970639e+06
1.162767903424635716e+07
4.085327399488520026e+08
5.804106675609003007e+07
1.974596471600200608e+07
1.090605624492743530e+11
1.964530558649315266e+06
2.950591665224113159e+11
1.022674606822195530e+09
2.927786284871737361e+08
3.953604705059795082e+07
1.876518145092249289e+07
2.751133825710397500e+14
3.892009127227472534e+11
2.830542597400084138e+06
3.314034311662905812e+08
1.181295923148611747e+07
2.090798523179939017e+06
1.660802018299479969e+06
1.638500884996945858e+08
9.503549298847222235e+05
1.566441040073940820e+13
7.539017277512716828e+04
7.811867980408080621e+04
7.778469516937952721e+04
7.616613397038535913e+04
7.432993473342416110e+04
7.863718783204135252e+04
7.888324145783827407e+04
8.020808137132745469e+04
7.834097479926882079e+04
7.617965521689818706e+04
7.761527853142836830e+04
