1.584127649336474715e+05
1.572074408212869312e+05
1.553590368785243190e+05
1.468061811033199483e+05
1.488221965229229536e+05
1.303227432635448407e+06
4.098536916534632568e+11
-6.757615783644819749e+04
2.497018017773987949e+08
3.801073889093976468e+05
1.558923821655184589e+07
7.875873683428820223e+05
2.567053156618652400e+06
9.113844703224435806e+09
2.000164416335020796e+05
1.042101102830838680e+09
3.945211804811920166e+09
2.856900744593102485e+06
1.255358433915623836e+07
2.551607149202357978e+07
1.013392722355420142e+07
2.504600437138032019e+08
5.587602803981100209e+06
4.960892987465155125e+07
6.601511284509669304e+09
7.132509369473509490e+07
1.611352094896727204e+08
3.899955775292309523e+08
1.555725110515803576e+09
2.687276327433159575e+06
2.314684417158815637e+07
4.275964083441306353e+08
4.950102772647263482e+06
-6.897886739108662121e+06
1.524133668090372346e+06
3.007634924724981308e+10
2.737695428419823293e+06
1.540217178625020981e+10
