3.805648140568161034e+05
3.789205268118014210e+05
3.833786813000891125e+05
3.772565954835435259e+05
3.797927287208808120e+05
2.107173520921263695e+08
1.388853830110383034e+07
6.419296298361549526e+07
3.622790922594390512e+08
6.368444862591402531e+08
4.912731396405206760e+05
4.767607428283624268e+10
1.825089582851175219e+07
6.021703867077841610e+07
1.510099856036182027e+06
4.130826357182652224e+06
2.533936922657986637e+06
2.886596778228970710e+06
1.676826043316170573e+06
4.425276624909287319e+06
4.260116398141834140e+07
1.585076788833265426e+06
4.973349825210757554e+06
3.886275917661511805e+06
1.864807991452302694e+09
3.620903589909899165e+05
2.251604361461983528e+06
1.168857140517254593e+06
1.246397266102991343e+09
3.614254412758306414e+07
6.596456755704593379e+05
3.979629811142606195e+06
1.301023643565331268e+11
4.591754649781686603e+05
2.185278088305811957e+07
4.619368098845790955e+05
1.949443679133789614e+06
2.604241557991250418e+06
2.399819275657117541e+05
1.406055419520730898e+07
8.251396967142978683e+06
1.710341569742000429e+06
7.966491555284424685e+05
1.691770362610558048e+06
1.588593865942713106e+06
1.471349321512202034e+06
1.226838578858490102e+06
1.204868277629886754e+06
4.331087245065493509e+06
3.061136072214531247e+06
1.024644928557601175e+06
5.060396510519776493e+05
-4.568687876182408072e+05
5.525094305131665897e+05
-1.990470579923197511e+04
5.875297963737074751e+05
4.048423772332387511e+06
7.358005889309549821e+04
5.259097075158391381e+05
2.765054003589131753e+05
1.674456824356765137e+05
-3.200032542130382499e+05
5.814592462456085486e+05
-1.229049255604356527e+06
-3.251626061500030337e+05
3.780074175961963087e+07
