-3.856062456850810850e+04
-3.946836245069756114e+04
4.839952448079932481e+06
4.757021436797062866e+06
1.893301767739935894e+05
1.566736867360506440e+05
1.548527200591006549e+05
1.455222682846184180e+05
1.436783289295552822e+05
5.253497012151859701e+07
5.050983677342898399e+07
5.117107896666990966e+07
1.739849901030557975e+07
1.657776000299505331e+07
1.569566202029480413e+07
2.824657893160921335e+08
7.605898680013614893e+08
9.121101059197111428e+07
1.318423932784221411e+09
1.431807469713565826e+09
1.313507555798340559e+09
1.283932190494168043e+09
2.541463071620557923e+06
2.517332376873582602e+06
2.508559374187950976e+06
2.514315935330105014e+06
2.525590634480455425e+06
2.514701777341301553e+06
2.510813976475758478e+06
2.602309893903781660e+06
2.566194722654804122e+06
2.564519267898213118e+06
2.667606676869248040e+06
-1.880913622731197393e+03
-1.870806935916945804e+03
-1.881802302370982943e+03
-1.875655871209804900e+03
-1.871944870545528829e+03
-1.875278066493337974e+03
-1.871404555989312939e+03
