-4.374675790319088264e+03
-3.533245727162178810e+04
1.966921285836062431e+08
2.685676911349903941e+08
6.128084115372078896e+09
1.788538587858599145e+06
9.794639287385852635e+07
1.247090444769244641e+08
1.260409245989964604e+08
1.276881454188386947e+08
1.301115723648824990e+08
1.327543430574100763e+08
5.670076870605996810e+06
5.831359623246582225e+06
1.204107774167196266e+07
1.139557035958935879e+07
2.036236441906008869e+07
2.064098301436216012e+07
2.008082577734581381e+07
2.089832216619719192e+07
2.028984853547485918e+07
5.846575964270873927e+06
6.708785779902638867e+06
6.132087496234702878e+06
5.871603469367399812e+06
6.446494095980582759e+06
5.778820702115418389e+06
5.827925040859002620e+06
5.903721678281097673e+06
5.827035646349280141e+06
5.749481804992686957e+06
5.886747569947002456e+06
3.139511351277419366e+06
9.162693082666549599e+05
3.189702382180045359e+06
3.690875646064289031e+05
1.615821423450822942e+06
4.913348395854413509e+06
1.883900187651706394e+06
1.492930846215883968e+06
4.516497724852362880e+05
5.799445881866605487e+05
3.787203529785181163e+05
-1.816110705564700766e+03
-1.816162311357824365e+03
-1.818027785936486907e+03
-1.828767748280515661e+03
-1.834614128308458021e+03
-1.831367097415641183e+03
-1.820709268387639895e+03
-1.826870231245469768e+03
-1.824998596648831153e+03
