-3.102778703408193542e+04
-3.806083573320449068e+04
-3.860665898292610655e+04
2.452429092915175948e+06
2.461838090331002604e+06
2.442127120865746401e+06
2.483134401395510882e+06
2.438567526643601246e+06
2.436285989923509303e+06
6.882221881583751738e+07
7.098781236031036824e+06
7.064390640458936803e+06
7.006496824578626081e+06
6.972475342044255696e+06
7.120600554142160341e+06
1.701193176294101179e+08
8.299194941711081192e+06
8.237467198541698046e+06
8.224813145605962723e+06
8.308485871223769151e+06
8.003280176833203062e+06
7.363907277908603661e+06
2.455293094586657360e+07
2.474889178002577648e+07
2.448784099268020689e+07
2.460458977462696284e+07
2.465837007334877923e+07
-7.445923485598037951e+04
-8.437751201015817060e+04
-9.210692986701738846e+04
1.079994742454262450e+03
-1.389163822546821029e+04
-9.181154450630139036e+04
4.953203714066530764e+07
4.928393444966300577e+07
5.484396979386034608e+07
5.248629027079696208e+07
5.481723525105120242e+07
4.988787514505789429e+07
5.584022286658949405e+07
-1.766128287074941909e+03
-1.755980179973528720e+03
-1.773185450887016486e+03
-1.754720053680561250e+03
-1.758789023193647154e+03
-1.765623958912648959e+03
-1.752612430777691770e+03
-1.754988697548425989e+03
-1.751365325777733233e+03
-1.751712708408856997e+03
-1.766690952737058979e+03
-1.764345098092831904e+03
-1.754759211899188813e+03
