-3.753460695020858839e+04
-3.811841935240711609e+04
-3.920009875084859232e+04
3.907776041813545227e+10
4.477183669989571381e+10
1.108187113937349059e+06
1.437596055949399471e+08
1.523513946742258072e+08
1.647850075814893544e+08
1.346027243734417558e+08
1.115218723283557743e+08
3.348826975022880435e+08
1.933244858436135948e+07
1.989529758695968986e+07
1.911056742513650656e+07
1.968774302444779128e+07
1.625238923308758996e+06
1.676473242703129770e+06
1.696303013673482928e+06
1.623995669045661809e+06
1.689010371007110924e+06
1.692125417419143487e+06
1.679917513206471456e+06
1.676783237187882653e+06
1.683906359740623971e+06
1.474025402167363325e+06
1.463019496573531767e+06
1.467892508922935463e+06
1.466612600419136230e+06
1.468203072290209820e+06
1.473726751061141025e+06
1.462492877190683736e+06
1.464458299115381902e+06
-1.756698718344734516e+03
-1.752440824729972519e+03
-1.768978311100916471e+03
-1.753490929591673193e+03
-1.748811241221585078e+03
-1.769863983220042428e+03
-1.773494571772112977e+03
-1.771433442558714887e+03
-1.769636455553525593e+03
-1.746346292636997532e+03
-1.748359403784532333e+03
-1.757435544602951268e+03
-1.769464662227517692e+03
-1.771087405769823818e+03
