-3.504951132777780731e+04
7.937159723625803599e+04
1.728743096447888529e+05
1.992099901774607301e+08
4.090207586284851655e+06
3.299429862566439062e+07
7.692085776543461084e+08
9.007529058571083546e+08
9.375362197526601553e+08
1.058814809336461782e+09
3.509609133566486359e+09
4.235488552656781197e+09
4.863083574617694020e+08
5.276362054528194070e+08
4.194292520858442783e+08
5.906782409233081341e+08
6.987983472232438660e+10
7.618193975203330994e+10
9.214465874649229431e+10
1.772130691570635140e+08
1.629988488362650871e+08
1.344391497354119420e+08
1.472766478331677020e+08
1.582141032067644894e+08
1.267325604255012721e+08
7.423440340570626953e+12
4.013657478316228906e+13
3.550994212047881470e+11
1.460691310227472412e+12
1.475421250408074036e+11
2.828577041062621250e+14
8.704731131209069824e+11
9.202306111852994561e+07
9.174368143117524683e+07
8.652568939260439575e+07
9.050332077828939259e+07
9.457295099846003950e+07
9.004701192175634205e+07
1.074644587937125936e+07
2.158981793289452046e+07
1.990913617401105911e+07
-1.690765798512875335e+03
-1.691106619637546828e+03
-1.667114028894226067e+03
-1.685203426521387883e+03
-1.685659684231766732e+03
-1.669856362349470146e+03
-1.661715600484487368e+03
-1.672951091855880804e+03
