-2.043532734228940535e+04
-3.479973919953083532e+04
-3.624488900793832727e+04
-3.722592653785675793e+04
1.722204342973930528e+06
1.794942762612361228e+06
8.891644933852849007e+08
6.717606246400753174e+11
7.596827319491325684e+11
8.514687762001927490e+11
5.913583865742183838e+11
6.597040935997757568e+11
9.938134295144606934e+11
3.690106532613831572e+06
3.777450348107185215e+06
4.041984898996559000e+15
4.879896778937428000e+15
2.649766809932844713e+06
2.633548971840939950e+06
1.230001802271898240e+08
3.800298937192174792e+08
4.615818262059613466e+08
1.810684006053393707e+07
3.417701358834245801e+07
3.502544040153050423e+07
3.391464324309539795e+07
3.512216647233388573e+07
3.403135626051263511e+07
3.389622591233325005e+07
3.622704942473655939e+07
3.487139306512628496e+07
3.506295488955088705e+07
3.361076980502688885e+07
2.025305390795966089e+08
2.202492678966740668e+08
2.085518770960198641e+08
2.249413402114015818e+08
2.119279342536350787e+08
2.572425386909112800e+06
2.609219416414278559e+06
2.534127614462456666e+06
2.531468971472030971e+06
2.501523645652313717e+06
2.576168055695023388e+06
2.508528227815886028e+06
2.487185272235900164e+06
-1.582798095744714374e+03
-1.561179212592775002e+03
-1.546019140763150062e+03
-1.546521980282443110e+03
-1.541070392629451817e+03
-1.560830362286302261e+03
-1.550675468859990360e+03
-1.582707203391037183e+03
-1.549211469898000360e+03
-1.557354978243034566e+03
-1.556320338578312658e+03
-1.565053705150610767e+03
-1.568629744450532598e+03
