-3.031227917697100202e+04
1.223174439901874866e+06
1.067538553778594173e+07
1.114673860989643261e+06
2.124930885899570618e+11
2.281346192828963697e+08
1.388148927891576430e+06
1.406964635714514181e+06
1.507770469728704542e+06
7.637160363804229535e+06
1.333845641721661538e+08
4.578328865857384168e+06
4.695029479480950162e+06
6.085586826140836477e+08
1.259380144487886131e+07
1.166897444267204776e+07
1.257132240258998983e+07
5.932002502332877368e+06
5.619108915967645124e+06
6.045507957239391282e+06
5.753470904898242094e+06
8.831553062271038070e+05
8.813794823334385874e+05
1.065279318843294750e+05
1.060028271220737661e+05
1.008437787161803572e+05
1.002966455461849691e+05
1.026070508293786552e+05
1.070414264521240984e+05
1.048297510485945095e+05
1.211849400218087673e+09
7.170579953739366531e+09
4.088850299527446270e+09
2.405806199622529602e+10
2.026486421984248291e+12
2.145796704929964066e+10
5.494371484971931152e+11
2.606752307271230957e+12
5.897481047631027832e+11
4.095009179357135010e+10
2.669702944080268250e+11
4.950109781972540915e+07
5.853592948163847625e+07
5.899794686654140800e+07
4.851807966787851602e+07
6.187726154628361762e+07
-1.569405434274900472e+03
-1.554025118754070718e+03
-1.565282591182651231e+03
-1.572259945355152013e+03
-1.567817697286431212e+03
-1.571562450559198624e+03
-1.557383049440191826e+03
-1.564206541519844905e+03
-1.558168698949797545e+03
-1.558879990852088667e+03
