-1.492526740660096766e+04
2.656077283694121614e+07
2.445415129215807468e+07
3.708613399628347158e+07
1.517547904409989119e+08
1.339184273567443788e+08
1.038568425144127198e+07
1.160616125323124044e+07
7.298924155123781413e+06
7.263805893936347216e+06
7.076563343581231311e+06
4.568218477064605713e+09
4.556627904270251274e+09
4.657023005725234985e+09
5.121495479822457314e+09
4.208751881362057209e+09
3.682370354214377403e+09
4.141597317554361820e+09
3.346642277768091485e+07
3.813108334434636235e+08
1.077139409257636815e+08
6.834239606194069982e+07
3.425269224845667928e+07
7.057549566330303252e+07
1.168519135378421936e+11
8.385509531821264648e+10
1.016971018763982544e+11
7.792466579739920044e+10
-1.394598809715185780e+03
-1.424335882310289890e+03
-1.395602974757814081e+03
-1.421334552750660805e+03
-1.404745006745826686e+03
-1.419353090936201625e+03
-1.425984930500620976e+03
-1.440767225219053216e+03
-1.386147854069102323e+03
-1.414589147435035557e+03
-1.386298126635781955e+03
