-2.104777525998990677e+04
-2.263472132652009532e+04
-3.665614021664002212e+04
2.570384574156324565e+07
2.823830903661861643e+07
5.548161674744915962e+07
2.480764064058866934e+05
3.927424299481172347e+05
1.769972176610757411e+07
1.614012492290886003e+05
1.638519358817926841e+05
1.604351486613206216e+05
1.619420840548230626e+05
1.635137607395859668e+05
1.714545710102561116e+08
1.844031194012811184e+08
1.664487361939055622e+08
1.547932515657265186e+08
1.494785431051337123e+08
5.142593725913970172e+07
4.863178164702975005e+07
4.770507247560038418e+07
4.019387393364340812e+07
1.629264116959657967e+08
1.639549258135478199e+08
1.548582387502762079e+08
5.939789947237449698e+06
6.114936216513964348e+06
4.463330418942378834e+06
6.989892822348860092e+06
6.501119185270490125e+06
4.927605899458227307e+07
4.012030468973661959e+07
4.577058142279063165e+07
3.459222569135869294e+07
3.185222682100606710e+07
2.940265545828413963e+07
4.968031667065393180e+07
4.812391737713294476e+07
4.175768582536952943e+07
-1.228746094548609108e+03
-1.237317973616009112e+03
-1.189814196165243629e+03
-1.212595133347116644e+03
-1.192428962629375746e+03
-1.238316456174536142e+03
-1.204512994875287404e+03
-1.212843492553598480e+03
-1.183357497318531387e+03
