3.909666677099414170e+07
3.787586455965849012e+07
6.558547420302917808e+07
4.755487847008325905e+07
4.470688984188169241e+07
8.811436212538534403e+07
1.537563087201879919e+08
9.466401332133224234e+06
9.057041653037834913e+06
9.183395476319793612e+06
8.584452117443911731e+06
8.979762031675666571e+06
3.500758257477577209e+09
1.913820473119354574e+05
1.948053975986999576e+05
1.985003577250998351e+05
5.324059011466633528e+06
5.161808395396759734e+06
5.337142495253387839e+06
8.028701933897014242e+05
7.896915828307673801e+05
1.226663609962191433e+07
1.582170876993071288e+07
7.417716576000930741e+06
4.640771068764227442e+06
3.079850314635498449e+06
2.890918589015642647e+06
1.624306492128175870e+07
2.036836296350678022e+05
2.096767785843184101e+05
2.087017684208036808e+05
2.064783980772377690e+05
2.338902554232665570e+05
7.348572798431388140e+08
5.123252605399180651e+08
6.583228864647215605e+08
1.408553156825271130e+09
1.010328107410776734e+09
1.262412427040302992e+09
1.267504008305660248e+09
-9.062907178225868847e+02
-9.769054070560378022e+02
-9.408994444960262626e+02
-9.209226878163754009e+02
-9.987625968067150097e+02
