-1.520906927078997251e+04
1.756167302573256940e+07
5.388795106100092828e+07
3.907677725141052604e+08
1.075483438923012000e+06
1.006911248326359433e+06
1.153317199341392610e+06
1.353163149848433211e+06
1.785176207307647914e+06
5.140041069408692420e+07
5.004650537369465455e+06
5.350369695073611103e+06
3.558952693999100327e+08
3.286890961687075806e+10
9.301285283171907043e+10
7.496411302858079529e+10
1.391421621348314667e+10
1.195843683948046494e+10
5.316844699798591435e+06
5.432861801087351516e+06
5.351187145504700951e+06
5.330039502880399115e+06
5.268464379800939001e+06
4.442136947917138040e+07
4.563274289331353456e+07
4.679578101319441199e+07
4.446730086214125901e+07
3.293756002536933422e+08
3.158546935480818152e+08
3.368622018788326979e+08
5.180727450718713924e+06
4.916542176846512593e+06
4.907142242250823416e+06
4.834082531827415340e+06
5.328692432115482166e+06
5.216387928418839350e+06
4.810666358799029142e+06
6.250895322979769844e+04
2.369661222256894689e+03
1.648503192584673525e+04
6.026153876285578008e+04
5.180243180539688910e+04
8.567809887520241318e+04
-5.693043190939235501e+03
6.305016506176092662e+03
-9.398348226284433622e+02
-9.232087178528599907e+02
-9.838575150077522267e+02
-9.547362229468417354e+02
-1.012912244373990688e+03
-9.758080592617916409e+02
-9.612837358891556505e+02
-9.212184140339377336e+02
-1.003134773870726349e+03
-9.976499458335747477e+02
-9.442460351614863612e+02
-9.451789438908162992e+02
