-9.305428094489422801e+04
2.098990546545514464e+08
2.665294646468223073e+06
5.012875719148554653e+07
7.166875486059644260e+06
1.132915958036255557e+06
1.796573024707083702e+08
1.507119718999332748e+06
4.438609733978574371e+10
1.006558604912511468e+09
4.837225206807995605e+10
1.542381051730111837e+08
4.177314053894585231e+05
3.980206369450969505e+05
3.852284465771677205e+05
3.943104585678589647e+05
3.812611026215524180e+05
5.330661208128018305e+06
5.373567843020118773e+06
5.509975851562906988e+06
5.203773791691267863e+06
5.127932396915475838e+06
2.569272905926368199e+06
2.360370039927431382e+06
1.436481772228967166e+06
2.705784017347465851e+05
1.598727112912367471e+07
8.791623593566074851e+04
1.478628428175263166e+09
8.057670641798882745e+06
5.526683777516910341e+05
5.423960915280374466e+05
5.604762181471884251e+05
5.090136578510912368e+05
5.098735520025074948e+05
5.363808160054021282e+05
1.044382777343693256e+09
1.041856982944663882e+09
1.005885395564748049e+09
-9.562131917866645381e+01
-1.437215851602668408e+02
-1.144460066495521460e+02
-2.539207612936734222e+02
