-3.199443188790747081e+04
-3.443792018754452874e+04
-3.577576615590722940e+04
6.142889313397597522e+06
8.660860682695712894e+06
6.750511255692181177e+06
7.898994162496661767e+06
1.560970167812231183e+07
1.044539792422417998e+08
1.953784485645804927e+07
1.113169862551685721e+08
3.789134071899345145e+05
3.899016831834418117e+05
-1.074642999724377150e+05
1.081018297538535309e+11
2.306067611538119125e+10
2.925236482818562910e+07
7.683937629501846386e+05
7.340246811729585752e+06
8.163213221252546646e+06
7.265763955695750192e+06
6.942505587308325805e+06
2.993763657389387023e+06
2.470751361790343188e+06
2.714191224346020259e+06
9.740157380247956142e+06
1.350872275133703463e+07
1.326737145798553526e+07
9.469978561638597399e+06
1.690143259961240739e+07
1.011067442856989242e+07
1.019690862624249607e+07
1.437279418817960098e+07
1.915798127444116399e+07
1.289413446903154720e+06
1.219696078409101581e+06
1.156754978629378835e+06
1.284696354578585830e+06
1.293507592856874689e+06
1.219247079588869354e+06
1.142808718902400229e+06
1.151498526838274905e+06
1.165354108927276684e+03
1.122939840540435398e+03
1.247144118381489534e+03
1.004439803960296558e+03
1.212150820873124758e+03
9.831068550287745893e+02
1.119383186304301489e+03
1.290108875421166886e+03
1.247960493334685452e+03
1.220360103313054424e+03
9.941470482775184792e+02
1.092661742353171576e+03
