1.618557643886604637e+03
-1.913918393705644121e+03
-1.792875236133928411e+04
-2.112992237989669957e+04
-2.681840140133882960e+04
-2.890270954607190652e+04
8.027155110333083430e+05
1.653479399660703959e+06
2.543701808823822998e+06
2.734560365608693438e+14
4.588536446066167951e+07
3.054238535991401970e+07
2.615892863435206190e+07
1.812830179902165756e+07
1.864051245078662038e+07
1.275259967516643554e+07
7.088138692518213764e+06
6.952161968591683544e+06
7.927206194593387656e+06
7.455276719035034068e+06
7.398550106716875918e+06
7.040120497994198464e+06
7.804631209703837521e+06
7.071242087217587978e+06
6.872892006879241206e+06
5.363569537728307247e+08
3.224516562706197500e+08
2.850355056173623800e+08
1.371891084122219563e+09
7.958657086580240726e+07
9.809325816974680126e+07
3.114449443556395546e+07
6.218660822657879591e+08
7.518780073835114241e+08
1.172005110195437968e+08
3.263820189703280330e+08
7.369918618013440073e+07
1.137655729881612062e+08
1.320313127245860994e+08
1.396537347603468001e+08
1.661394518165081739e+08
1.350140464035569131e+08
1.295766086362342644e+10
1.180594698882384491e+10
7.772868683327957153e+09
1.078344853521790355e+03
1.010876537767733680e+03
9.994058302029443439e+02
9.871145459070976358e+02
1.012482487569766818e+03
1.255181506628752686e+03
1.281891540671582334e+03
1.212952932246116688e+03
1.229872089141659671e+03
1.169182744042307604e+03
