-1.511120458557902748e+04
-2.236920299682071345e+04
-2.453377538268521312e+04
-2.691150047328881556e+04
-3.068704592363894335e+04
1.832259497792438196e+05
1.480032327856374439e+06
6.455001014868360013e+06
-1.743821959389207041e+04
2.086544325613601878e+07
-2.920501000365976870e+04
1.624989813726050488e+05
-8.764816112855565734e+04
1.226382221986681372e+08
7.106019874909348786e+07
1.503933963815643191e+08
1.587600036400502500e+14
1.222300502628227806e+10
1.196878321593940973e+09
1.085165295655203581e+09
1.161852767354666471e+09
9.209287704897627831e+08
5.905424591256552935e+08
5.057071198970390558e+08
4.669626121424746700e+06
4.142029242096306756e+06
4.168007899564414751e+06
4.132746756168968976e+06
6.187436531507810578e+06
3.298955986619235992e+10
1.396774462082236862e+10
1.416426414449516487e+10
3.189831496510851288e+10
6.221049634472282410e+09
3.012861920401185608e+10
1.530603437079006004e+10
4.255805454818688202e+10
3.431648699301106390e+05
3.438472521961055463e+05
3.623030750048121554e+05
3.243131166988716577e+05
3.723241997108435025e+05
2.932077335301535204e+05
3.526834546257230104e+05
3.504386274866722524e+05
2.092103629262710456e+03
2.306360201998148113e+03
1.987604372315603541e+03
2.157484022851887858e+03
2.287303411643631989e+03
2.129628588161984226e+03
2.128896900806954363e+03
2.237808554558869218e+03
2.228026418399647810e+03
2.237356554528174456e+03
2.044946365745505318e+03
