3.211278417120796803e+03
-1.133591794815998946e+04
-3.013120719555299729e+04
-3.347700574039995263e+04
-3.495009087119340256e+04
-3.589371758058148407e+04
2.982311205143679678e+07
1.702726159355135918e+10
4.176096115507321930e+10
7.044392594385310173e+09
1.930440241965281367e+08
1.924343176447498500e+08
1.912786160233750343e+08
1.759729897325927019e+08
1.793946081344306767e+08
9.166636233043080568e+07
7.557906693994168937e+07
4.999383081173585355e+07
8.319606750835946202e+07
6.673272595023772120e+07
8.234099217605935037e+07
6.169323970536768436e+07
4.823167037710480392e+07
8.589813447389071807e+06
9.783637615415539593e+06
8.073603466445210390e+06
1.069022825920466520e+07
1.105262211430999823e+07
8.285733679267668165e+06
7.728053886878672056e+06
1.023963225641209245e+09
2.027377718685253561e+08
1.024791807497682869e+08
1.086854921931352377e+09
1.378795087559402287e+08
1.705870287675417587e+07
1.657667836061357707e+07
1.444420693971891887e+07
2.250506650560534373e+07
1.437616007863972522e+07
1.721549604652849957e+07
1.962801127911144868e+07
1.414736819918940030e+07
1.372431715089819208e+07
1.890537693814612553e+07
1.570318901150087640e+07
2.216207289676880464e+03
2.088199725128273712e+03
2.171202301123121288e+03
2.332862936658115359e+03
2.131009663225937402e+03
2.037164684937219135e+03
2.102859088897152105e+03
2.227920087510137819e+03
