-1.471631449847844488e+04
-1.782466618790679058e+04
2.834028624462909647e+04
3.442404438625673356e+04
7.134048337461414747e+06
1.484127341201122385e+06
3.420733005195545848e+05
5.971606230269389926e+05
5.775144313947933912e+07
5.773590523059556633e+07
6.591261249465942383e+06
4.251747890741967596e+06
2.295875118725984544e+07
9.632553388146545738e+06
4.813680369489979930e+06
5.042664807450782508e+06
5.471269703293479048e+06
5.177561799689155072e+06
3.512814054677431937e+06
4.336769070557909086e+06
1.530657454002455771e+08
1.040247172969916761e+08
1.654064728021708131e+08
1.982863112866553664e+08
2.464873834200457036e+08
1.563800462517474890e+08
9.948786950148804486e+07
1.070735826140471101e+08
6.753744017432819605e+08
5.871842274358342886e+08
2.425419016363633573e+08
2.676372092875929177e+08
3.223073545980242491e+08
6.632152354413787127e+08
6.186624099936112165e+08
1.132200010292298347e+08
8.731899529764900208e+08
2.600451925295405556e+06
1.344018940623948723e+07
6.697429208834998310e+06
9.725781475647354499e+06
4.633247017425633967e+06
2.500280985377984121e+07
1.037334772788848169e+07
4.915907353197354823e+06
1.621922925260425778e+06
2.069894756587075535e+06
2.626564981742001325e+07
7.208272538226621691e+03
7.646911146390222711e+03
6.944019708879612153e+03
6.879399726191652007e+03
6.868023178050789284e+03
7.003935584545077290e+03
6.997565544579440029e+03
7.756080614190927008e+03
7.361880777711514384e+03
6.941816301891871262e+03
7.513431618849019287e+03
7.202050486259657191e+03
