-1.085550826750332999e+04
-2.035339064091903128e+04
6.674025234448877163e+05
1.039565068300915416e+06
3.672662465988405747e+05
4.886636283577562426e+05
1.716265128371929750e+07
3.055838883710084483e+07
8.325819192843351513e+06
1.489996264140260033e+07
1.477038942847823858e+09
3.033119214666630268e+09
1.541920460804834729e+06
6.585244662904717028e+07
5.373327698443710804e+07
1.764000611219140235e+06
2.619554823619160336e+06
1.722934569515889743e+06
1.465310443659525597e+06
1.510916776816833531e+06
1.623445222647882765e+06
7.545285341604199260e+06
1.010494059740059674e+08
2.143988126090437770e+08
8.429177436023730785e+06
6.577347187227375805e+06
3.743992872807894368e+06
1.550370061220961390e+06
7.267867063913189806e+06
1.267125543194607794e+08
1.408464685502087116e+09
2.368661360831337929e+09
2.549705205641048908e+09
1.174810816843404055e+09
2.878880994287711978e+08
3.043043205435290813e+09
7.390026295050571207e+03
7.367738134764163988e+03
7.541261097564303782e+03
6.910601147514418699e+03
7.368814705747266999e+03
7.278056041929870844e+03
7.524820857293263543e+03
6.889489818858768558e+03
