1.663597497073758859e+03
-5.441745090869859268e+03
-8.995929136587907124e+03
-2.117346648481374359e+04
1.753144370865772944e+05
-4.934602320081111247e+04
1.168822702296874486e+07
3.942235160031495094e+08
4.371773620749521255e+09
3.319744586510712504e+08
6.652715919835937023e+08
3.341426035869385600e+08
5.910232152851787806e+08
3.598598192365772277e+07
1.420199488541516010e+06
2.139156333810113370e+07
1.516657823917995021e+07
1.090026954586803019e+08
1.314559339260026217e+08
1.412518464697457254e+08
1.107656535714652687e+08
7.445840631554093957e+07
7.513777482471626997e+07
6.168682454922450334e+07
9.038831029716996849e+07
6.393309004144581966e+06
1.636188425957903266e+07
1.662401490996350348e+07
5.505209439596947283e+06
1.376864998295150697e+07
2.122179271798481941e+09
5.057604648369997025e+09
1.621026174593363285e+09
5.884938694500073433e+09
1.889269883006427526e+09
7.668336144991589546e+09
9.735642891019495437e+03
1.075329243537507136e+04
9.646613354266388342e+03
9.931286446990008699e+03
1.059128779116884107e+04
1.041431637250547647e+04
1.039927260773375747e+04
