5.438639737791294465e+03
-9.289450936620858556e+03
1.175359256226045545e+06
-1.337191200512925861e+05
4.670795741467513275e+10
2.008983943826726463e+05
1.274614153140583336e+08
3.746764202929946184e+08
1.338424621550712204e+10
7.817809913440254331e+07
5.450166841826044768e+07
7.699849970561057329e+07
7.703691144513238525e+10
2.151320595725760758e+08
2.927652555883536339e+08
1.168292317169489098e+10
5.301603292793889344e+07
1.443378045324303955e+07
9.051256199988481140e+10
7.069670794865341187e+08
7.106831306286057472e+09
3.369808006052788258e+09
3.956337100394264984e+10
1.174583404852426052e+08
-3.603449389002882526e+03
2.632037996830178425e+06
2.458595885719577596e+07
4.358955380821661092e+06
3.834192289562295377e+07
8.441029945310534909e+06
1.190254813520151526e+08
5.491871312743137360e+09
1.028795009155266802e+06
7.341706833751623053e+05
2.033840147261824924e+06
8.467223329807160795e+07
2.021565542406374589e+06
9.623934235743908584e+07
1.821795528051129077e+06
3.114700233515367378e+06
3.532666403971898556e+09
1.294253220020126610e+05
1.874650197215637970e+10
8.058961758204593789e+05
2.384130604619757235e+08
1.000672786903757253e+06
4.029752848388080020e+06
1.372396474073827267e+04
1.390191102439962560e+04
1.457120110736603965e+04
1.328605050664665760e+04
1.333327785448753275e+04
1.373586630806457833e+04
1.451373992311282200e+04
1.340752431716743740e+04
1.471245360192997032e+04
1.437420716280565830e+04
1.394612789853304275e+04
1.372149564777532942e+04
1.347055126908110105e+04
1.405122821513420786e+04
1.340329370335378917e+04
1.415282928966317559e+04
1.369584360661346000e+04
1.356469641254458111e+04
