1.528298568530039120e+04
-4.830898018299994874e+03
-8.807146794531049090e+04
1.337181537323619996e+05
2.426900325607940555e+07
9.387224483788190782e+07
3.198458642102282029e+06
3.415479427054394037e+06
3.745936015763590813e+09
7.605604346334220171e+08
1.958397834911856174e+09
3.667413559990192950e+07
1.420282092471367866e+07
6.801764265422536135e+08
2.306643277253632247e+08
2.579134278576176986e+07
8.300230345804100856e+06
1.730921148248603344e+08
1.696237659960737526e+08
1.573832756623882949e+08
1.734362535399532914e+08
2.106670383721049409e+06
4.439996879899730557e+05
2.798614429690098390e+07
3.735212942422852851e+06
6.758654441140135750e+05
7.221329760629959637e+05
1.850867844773516059e+07
4.309500886559592327e+05
2.255702952811723938e+11
2.412227819066366646e+04
2.415200890292067197e+04
2.645055920853957650e+04
2.436078345368875307e+04
2.668467302438174374e+04
2.521801103319917456e+04
2.470597998793650186e+04
2.535894841061451007e+04
2.536062386443541618e+04
