6.761338793195638573e+03
-3.288295741937843559e+03
-6.156154053819023829e+03
1.469573292533006752e+06
4.443373969277221709e+06
1.778021906845921418e+06
1.205488716764454651e+11
1.631341166145217419e+08
3.411078516863295226e+05
1.262646059006182011e+06
4.541113955997323501e+05
2.427075425687483046e+06
4.148387175615205895e+06
4.624738801699218340e+06
2.506907277727750596e+06
4.152738771172941197e+06
4.067120289311785251e+06
5.090211273516715504e+06
6.719490388869913295e+06
3.301888041328403726e+07
4.392417172810095549e+07
2.073226423065567017e+07
2.353336215877719969e+07
-1.669183607246761676e+05
1.693323502497762209e+06
1.993719779068126809e+06
2.417624765102044330e+04
2.499793794785320642e+04
2.501718770973428036e+04
2.476698897208468406e+04
2.458404964187447331e+04
2.501610942945178249e+04
2.424111911784208496e+04
2.582516454747045645e+04
