3.256554641587029255e+04
2.572284184530884522e+04
2.383761188216098526e+04
1.957139623778542591e+04
1.234120875212067040e+04
1.462680108854376158e+04
6.554995680311527394e+03
2.112165449361466744e+04
2.129250919312986662e+04
2.669147995750785340e+05
4.558584967607235303e+05
1.000025232827972388e+06
3.737590604674736969e+06
7.516427812859068811e+07
1.302441831629222333e+08
1.307667509618837759e+07
2.911417602577331476e+06
5.871013663369148970e+07
8.723048770419992507e+06
7.970997412956143916e+07
1.066976535774604440e+09
1.520217355690812459e+06
1.092199295217647217e+06
2.721862849881966591e+09
2.079232705349564552e+06
1.772523957742798841e+06
1.745904616948469775e+06
4.673146499671456986e+05
7.837368590533854440e+05
1.019413485010371916e+07
1.171547399688903242e+06
4.745030669393849676e+05
5.193149182023116155e+05
1.150442342109279271e+05
4.026265278880121652e+06
2.575489773534326814e+06
1.511597451777353697e+07
4.458164774786773487e+05
2.275397643890913203e+07
1.102235499700516695e+06
3.910219232908037025e+06
5.734018370730590075e+07
9.157572920550284907e+06
1.774213096252547577e+07
1.774909312434046762e+06
9.914266246221294859e+05
2.982534248537086416e+06
3.304055680567407398e+04
3.524440236945095239e+04
3.528322006280499045e+04
3.412962657650304027e+04
3.517164701111507020e+04
3.510858568814047612e+04
3.282497336536637158e+04
3.438677482843823964e+04
3.268468452817882644e+04
