3.591881141150457552e+04
3.566025780602700252e+04
3.295031060105936922e+04
2.359877774227863483e+04
1.660255264356622502e+04
1.196976332239397016e+04
8.468076950474118348e+05
1.526553720490874490e+06
1.917423619907905348e+06
1.166816645734036108e+06
2.006888759890246201e+10
1.592080115039016902e+08
5.295165816745377379e+05
7.204030648004729301e+06
2.964325790955817699e+08
1.904448321439584017e+09
6.731943720837585926e+08
5.500722716277081966e+08
9.772895364572806656e+07
2.208782925497300625e+09
2.633456823979143985e+06
7.666753631482848898e+06
2.994187758573566377e+07
2.669387532584662549e+05
2.174432619768486321e+08
8.219833563813947141e+06
6.291716129318377934e+06
4.356946384521328211e+08
7.738533108771541119e+08
1.286833240725809634e+08
3.879089170815123618e+07
1.214627691496220112e+09
1.796083234072437976e+06
5.122349126468442380e+07
8.543796370070277154e+07
5.367754764642557502e+07
4.958832547009480745e+07
4.367577762158482522e+07
8.694137319351728261e+07
3.434288596561652957e+04
3.450520095145358937e+04
3.255718824392204988e+04
3.536856498543950147e+04
3.230024404762740596e+04
3.364987858528352808e+04
3.273698095335080870e+04
