2.927178644784836433e+04
1.966501772552966941e+04
1.685266613995942316e+04
1.113213835655066578e+04
4.188651833859346225e+05
1.933806214923971565e+05
2.695234830634780973e+07
4.422361619738475233e+07
2.915190654542194214e+06
1.562390821584521094e+06
2.027711094223021297e+06
2.231738840113787446e+06
1.045042758519379735e+09
2.333969527514931932e+07
9.719239937311016023e+07
1.495271791299279779e+06
1.715137465888788924e+06
8.379501436329672113e+06
4.724056546583408490e+06
2.752260660574400332e+06
7.264131502085419372e+06
9.303963853688545525e+06
1.620435671175097302e+07
2.277759331928820908e+07
3.893403675783447921e+07
6.556029874360691756e+05
4.371024162742974609e+07
1.766740632692699879e+07
2.603747657621369138e+07
3.092391509321725368e+09
1.766530211135837017e+06
6.878676298556563258e+07
1.492923605942303896e+09
9.361619351692107320e+07
6.926699460456336848e+06
2.405068525661775470e+07
3.369530504692118149e+06
4.901024058084797859e+08
3.155481445850829482e+08
2.852139859390041828e+08
1.049178625830182582e+08
2.725383146066291332e+08
3.154366005525429249e+08
8.132384166490234435e+07
4.897433315456378460e+08
2.879688888531027436e+08
2.732672867601245046e+08
2.767394803139089942e+08
3.561966423065279378e+04
3.336313083790687961e+04
3.561554254218464484e+04
3.257468891937399167e+04
3.415986803805924137e+04
3.258104340319847688e+04
3.550817310345481383e+04
3.252587367304129293e+04
3.542308302601409378e+04
