3.792311668555995857e+04
3.384023424063397397e+04
3.114814064330301699e+04
2.580604202129916666e+04
2.341667285040122442e+04
2.034055151928117266e+04
1.519344621804644703e+04
1.475025916841804428e+04
4.683843822656726465e+06
1.498302167795645259e+07
1.249765854066319391e+07
3.223711359103057534e+06
9.290007094254955649e+06
9.155604246727988357e+05
3.139686619363463018e+06
1.037616130662526377e+07
2.218344120125319809e+06
2.624319902630508412e+06
2.578766183780905325e+06
2.445138101808420382e+06
3.583206655990742729e+04
1.147132511282065883e+07
2.330093131233286986e+05
1.219928890923746512e+05
3.539326186687974259e+05
7.503570630105304532e+06
7.724247181290340610e+06
5.740519939948055893e+06
5.287510706870845519e+06
3.037283171196402907e+08
6.398960469102837145e+06
4.135336115172879072e+05
6.418743633872069418e+07
4.762914800456046313e+07
1.078684533661104292e+08
3.790047834698751569e+07
9.119069065791034373e+05
5.599696282001709333e+05
1.140859038891240582e+07
-3.643791622788659879e+03
1.951643150303227128e+06
4.565682225056606694e+04
4.397655040860435111e+04
4.480971119677278330e+04
4.607982572959599202e+04
4.514809726815536851e+04
4.562432895078236470e+04
4.326395339898049133e+04
4.715262333378498442e+04
4.706552889888305799e+04
4.709961286692335852e+04
4.436276539822059567e+04
4.318449778722762130e+04
4.326401997129447409e+04
4.502701929494514479e+04
4.520922496687676175e+04
4.585170512549078558e+04
4.331527289868801017e+04
