8.221204612145536521e+04
7.905966387243084318e+04
7.216294745899290137e+04
-5.925982000466050522e+04
6.245477158562250435e+06
1.458502844327164639e+05
6.904809522599082266e+04
5.076775349960264750e+06
1.025523760332869925e+07
4.730105721540420502e+07
2.643447796498217061e+07
2.721070420821543084e+05
1.045925905770469544e+05
2.925429454767121002e+06
4.697975638025288086e+11
5.657215348700157367e+06
2.471958073504749238e+08
9.509722720488155261e+06
3.103014884878786746e+06
2.817528349930782616e+07
1.678555701739622653e+07
1.918403593305040849e+06
2.676673576785320044e+07
3.129986549487521127e+07
2.673747176539440453e+08
9.055413365173304919e+05
9.046992172968076706e+09
1.992224595810128748e+08
7.620288394885954261e+07
1.507435692768557966e+08
9.943872007174111204e+05
8.482783188134036958e+06
3.511031015935028554e+05
7.444019868549145758e+04
7.784851517234434141e+04
7.799254006595636019e+04
8.015866001213534037e+04
8.036621476862096461e+04
7.540152432859968394e+04
8.154649400477384916e+04
7.968036605372675695e+04
8.047103687787341187e+04
8.049753474878659472e+04
8.146299539532617200e+04
