1.339781985943232430e+05
1.407234733217859175e+05
1.390246742488461605e+05
1.285811694485576008e+05
1.253105227920461039e+05
1.093626258802978264e+05
1.152550465523987950e+05
1.111208882484917995e+05
1.142749354166201665e+05
1.647135339783719683e+05
1.621632952834427124e+05
1.729598824035000289e+05
5.157768570527355769e+04
-5.001301475305782515e+04
2.458544948092999402e+04
4.173661845427171588e+08
2.681884752871507313e+06
8.972820914099512622e+06
7.278955053137284704e+06
2.719868230561973993e+06
7.419915167608854175e+07
5.500829016758541577e+06
3.332558660365655553e+06
2.250654260895613670e+09
1.086398331160986274e+08
4.462143113172286749e+07
1.138559503614813834e+07
3.514212822220937349e+06
5.707015652084745467e+06
2.026365311187868705e+06
-6.110614412048237864e+04
1.779328353985531488e+06
2.998963487362882588e+05
1.273208075307037216e+06
2.160755958642891143e+06
7.448100054620497394e+04
6.891124233428649604e+07
8.940272577284359131e+11
3.159522319964765310e+08
5.328479026799787581e+07
1.840770634530602721e+06
1.905754069631575607e+06
4.444092718653878197e+06
2.863447600046551824e+08
9.019203839761333540e+06
9.090244251540100202e+06
2.659748318064998463e+07
2.619943144556973130e+04
3.163424267066243105e+06
1.029644880276858620e+07
1.079546774486143440e+08
1.377997485805327594e+08
2.031841437892842805e+06
-1.734034257813782024e+05
1.904002984474029765e+07
4.580516313286235672e+05
1.091953223572479328e+05
4.776038674832857214e+04
9.446790775628760457e+04
4.237716640580751002e+07
9.431041652175155468e+04
-1.450617351698055398e+06
1.119125083362767473e+05
4.425374899794837460e+06
1.452032733768061735e+04
3.712740158144609630e+07
1.084635703002640512e+05
-1.325209035717308056e+06
