2.376424176818732813e+05
2.297293746937380347e+05
2.471943685019316326e+05
2.365955504760219774e+05
2.446244305371178780e+05
2.251797050104322552e+05
2.482410069773721334e+05
2.399896497644678457e+05
2.279900131455519295e+05
2.334075758120706596e+05
2.173719677912129555e+05
2.357837921885730757e+05
2.352430034168633865e+05
2.300310811246694357e+05
2.231520986178946041e+05
2.270339856863023015e+05
1.724549341476574482e+05
1.837608854390045453e+05
2.825032560948300525e+05
1.753295991575375083e+05
1.175800635426237131e+05
5.445920001444589579e+05
1.318055103184697451e+06
1.208813158341147184e+09
4.317101863130687922e+07
1.781076983717723489e+08
3.306742379038614273e+09
2.619989521882516146e+07
9.917473546800684184e+06
3.037537017421619594e+07
5.976816904671372846e+06
1.888006563704402186e+06
1.665652342086060438e+06
4.918991235456089489e+06
2.000912745119640836e+06
1.433130025212733308e+06
2.019580086012559012e+07
3.225882412913810462e+07
3.314740768268781714e+06
1.613979710744842654e+06
1.265098554851644672e+06
3.765126634498005151e+05
1.215922230897108791e+06
9.535125220264478121e+05
1.111868530195661588e+06
8.605665322322177235e+05
1.888947969047448831e+06
1.392860698878218606e+07
3.846817880302005913e+06
2.608198032072791830e+04
2.521280400636154041e+07
2.565993657688043639e+07
1.844429824055032805e+07
1.310748969463758022e+08
2.215368729219810665e+07
1.922573723244862631e+07
1.745244799533660337e+07
2.043848068554557487e+07
-2.305710491648667958e+05
1.101400858815710098e+08
