3.217401870407325332e+05
3.137344780920462217e+05
3.017433663774528541e+05
3.076437539182125474e+05
3.035900793460207642e+05
2.885851323219729820e+05
3.002796577952335938e+05
3.004404155203527189e+05
3.054421542124305852e+05
2.915363906376978848e+05
3.004381757917673094e+05
3.158907619925041217e+05
2.919496416980932117e+05
2.977109648627793067e+05
2.865267036738426541e+05
5.604424380373780150e+05
4.477254715457028942e+05
8.436330179427895928e+05
4.967172022228244459e+05
5.099092030161729781e+05
2.074357346316768089e+05
3.335444362029196927e+05
3.117570534524294198e+05
1.371290909953706432e+05
2.610962912248344801e+05
1.011556109708470292e+06
3.475079571030356407e+09
2.502799433581666090e+06
1.597630279932208538e+09
5.012955327665950172e+06
1.071953912565256841e+07
1.774972841108713746e+08
1.804572373562775850e+08
7.961288057737206221e+08
2.155331443668058515e+08
1.572220928626469686e+05
3.403175730305562727e+06
8.771872502201539464e+05
5.553386382998866029e+06
7.207319312615485978e+04
9.743047394662958686e+04
5.480367733660436235e+06
1.403849660193046439e+05
9.172834536282887682e+06
2.980008037969368161e+05
6.784037968858510256e+06
5.318261466505029798e+07
6.830662575574150681e+07
1.982336098323967159e+08
2.066367198538731039e+07
1.855740734289660305e+07
4.702905835263104737e+07
3.271950657923594490e+07
2.496475763338520005e+07
2.271658177594223320e+08
4.264280211299089342e+07
2.185404649772171304e+07
1.881879403094711155e+07
