3.154998815826387727e+05
2.975178577098002424e+05
3.207835118352929712e+05
2.901690479456862668e+05
8.468322980307434918e+05
5.760819727930552326e+05
3.693106786182678770e+05
4.687959018973596573e+09
7.314061010764266551e+07
4.133125636871657334e+06
8.044798649528587237e+06
3.515690851126007270e+06
4.884173273445605300e+06
7.346348556461335160e+06
6.295891655196608044e+06
2.235432221358224452e+08
3.100853115474988461e+09
7.843914383903987706e+06
4.299886218546980992e+06
6.192665593288222328e+06
3.534727960073885042e+05
7.028031179523101309e+04
6.921132664880863158e+05
1.317616112011846714e+07
1.324248034779538065e+08
4.593453327410540078e+05
4.038687973489878654e+09
1.185110726146632060e+07
7.327341109417858534e+05
5.662167460091747344e+07
3.014465010185842868e+06
7.098566660769654810e+07
4.198849024792937934e+07
4.293240032753945142e+07
6.210431451415437460e+07
4.976158952456580102e+07
6.732441701624915004e+07
1.011936961798539385e+07
-9.293425036661210470e+04
2.761714649285424873e+07
1.433801596578101069e+07
7.427269933919948339e+07
