-3.514885559951371397e+04
-3.597853032239026652e+04
-3.873547353654877224e+04
-3.911364901508068579e+04
-3.997065729249177821e+04
1.064221494088343964e+11
2.781120218824495850e+11
3.555885110046893954e+08
3.335380417955497503e+08
3.581896466063064933e+08
1.296963850162464427e+06
6.198107085181363858e+06
6.206319073887786828e+06
1.810909884230681881e+07
1.797697927128448337e+07
1.802717205501117557e+07
1.796092436870615929e+07
4.238490370066171885e+07
4.180433649279272556e+07
4.237198524170608073e+07
4.240673594777013361e+07
2.707237768934019550e+04
8.631305188857110625e+04
3.828810853330681130e+04
1.835859588938787056e+04
5.536408939663440106e+04
2.460738370187713590e+05
2.890531411094079958e+05
3.059831594042615616e+05
2.496256635156696429e+05
2.579587527863019204e+05
3.420150417445331812e+06
3.408735006554228254e+06
3.406995004141278099e+06
3.391893976793894079e+06
3.405458333381322678e+06
3.414019860456921626e+06
3.405203857025832869e+06
3.406640872829141095e+06
-1.882338364245078992e+03
-1.877766671259101713e+03
-1.873060981848015217e+03
-1.869811095266282791e+03
-1.869822063403640641e+03
-1.881727193257480394e+03
-1.881617772557423450e+03
-1.873086896313703619e+03
-1.881485672485083342e+03
-1.878623708817613078e+03
-1.872783004443743266e+03
