-3.390879396101942257e+04
-3.664618075512778159e+04
-3.760536805659864331e+04
6.248322975645796396e+04
6.064060233031427197e+04
2.570175299210596830e+06
4.932632870928072929e+08
1.638904153480108269e+07
1.626626444990673661e+07
1.646869420330397971e+07
1.798121099542422593e+07
2.506321886797262669e+09
4.630015244227479100e+08
2.597337593316792488e+09
4.104245878407326937e+08
1.333087893060305156e+06
1.421557170429747319e+06
1.251674345073216129e+06
1.260180534080138896e+06
1.737921728765951904e+12
9.301586381625760498e+11
9.650225968969750977e+11
9.757077480740128174e+11
9.576046457211191406e+11
1.371636898119966797e+12
2.052267677904191194e+06
2.979905797219810076e+06
1.681605108176027192e+06
2.514816439696597401e+06
2.703267116971850395e+06
1.724357817401173990e+06
2.261261336065189447e+06
9.371519384708177567e+09
6.974944113560108235e+05
7.866564134710245999e+05
1.050411000326351495e+06
7.070805152372626305e+09
1.058961725190344499e+06
8.066389296750760078e+07
7.784254747471593320e+07
6.400912909318673611e+07
1.421829070372500643e+07
7.173585316180652380e+07
5.023006135082811862e+07
-1.826217873270419659e+03
-1.822395991267287172e+03
-1.827488985323318047e+03
-1.819027541999937966e+03
-1.822562122656003339e+03
-1.828318726887868252e+03
-1.819399084224656690e+03
-1.827229004548746161e+03
-1.816064860949438298e+03
-1.829086476204043720e+03
