-3.558382235496277281e+04
-3.760366620726318797e+04
2.608068300008268561e+06
1.174012848003814183e+07
1.224973568662209623e+07
2.262992293622031808e+06
4.958995391368985176e+07
4.402710516821389645e+07
9.350035726542962948e+05
9.353187360151322791e+05
3.856461723040498327e+06
3.828569382165914401e+06
3.829794042659935541e+06
3.888318336243202910e+06
3.896737581349833868e+06
2.985699692018983513e+07
1.214956688326329552e+07
1.388361141229525674e+05
1.417749893411812081e+05
2.549446511393635273e+09
3.016955401330563545e+09
2.394121503658980846e+09
3.350866225123906612e+09
2.393388523420564175e+09
2.382209493979730178e+06
2.418850745158236008e+06
2.365452588312495500e+06
2.405351297302790452e+06
2.413081781256733928e+06
2.372041602540963329e+06
1.521102129127949178e+08
1.768917378321721256e+08
1.666516882046517432e+08
1.563539691840409040e+08
1.577694548332148194e+08
1.543705318095469475e+08
-1.815841094386123586e+03
-1.819336696159647545e+03
-1.816928432489425177e+03
-1.822577098386507714e+03
-1.822697730809071800e+03
-1.817248238219675841e+03
-1.819986880758020561e+03
-1.818754270088800695e+03
-1.834004903171793558e+03
-1.824678983546997188e+03
