-3.890975435418933193e+04
-3.930962027534098161e+04
-3.973687332490959670e+04
-4.021996532715875219e+04
6.187853196797763109e+08
5.644772395167602301e+08
5.965035086842144728e+08
1.026885183824559937e+12
1.126446220051093018e+12
1.062837030095447754e+12
2.227308339427726440e+11
2.254304410655294657e+08
2.352254472061686516e+08
2.457327958984397054e+08
6.148587488396246731e+07
1.176227578812196255e+09
1.711829294088160694e+08
2.047462655934000909e+08
1.859231756324227750e+08
2.250585323208326697e+08
1.939151672950187922e+08
1.056805119524748623e+07
9.891707725496724248e+06
1.053639321841323748e+07
1.041617300601199828e+07
1.070942753674358316e+07
1.007828526985133253e+07
1.100070309440302104e+07
1.098304015807241388e+07
1.046819115674044378e+07
1.004998040766463615e+07
4.893560598467131145e+06
4.621709580574730411e+06
-1.658577669692371273e+03
-1.686355583458323963e+03
-1.655408772409893572e+03
-1.681299068651918788e+03
-1.671826839227462187e+03
-1.668670188875228632e+03
-1.655577682308212388e+03
-1.664649788205046207e+03
-1.665843376177945174e+03
-1.675241071207390632e+03
-1.682142220893758349e+03
