-3.669743861395806744e+04
-3.706873548866579222e+04
-3.742119724944172049e+04
1.031815092601251602e+07
1.025349308473169059e+07
2.320255374623522460e+08
2.726251583013733849e+07
3.785887337000995129e+07
5.515056186373551190e+07
7.341419997551626587e+10
1.214722121725695906e+05
7.715314139317630529e+08
1.007902498522415757e+09
4.015401099963799477e+09
3.515348299558570981e+08
9.315871354715602398e+08
7.203549682985721827e+08
9.065547118212170601e+08
7.788290420575333834e+08
7.595752898585667610e+08
7.683948323899388313e+08
7.817246280687608719e+08
4.058738713868801948e+06
4.267638446016867645e+06
4.330309150003947318e+06
8.530404926596734440e+05
8.670555091820149682e+05
8.727528527945360402e+05
8.509091896162455669e+05
8.708116629942784784e+05
1.844994517991938046e+05
1.853805235867082956e+05
1.844760322306160233e+05
1.856506735321476008e+05
1.857502150249893893e+05
1.851890903667834646e+05
1.868423434556212160e+05
-1.675040240855014417e+03
-1.663355827615188900e+03
-1.674078649902890902e+03
-1.690438919148524292e+03
-1.667680137714138255e+03
-1.690199034324352397e+03
-1.682070417988550616e+03
-1.686309014172671596e+03
-1.681670560144761112e+03
-1.691027287833450828e+03
