-1.523482584813533322e+04
-3.766051702453186590e+04
-3.802516622904775431e+04
-3.841405753660975461e+04
-3.879668906199798221e+04
-3.918295781083936890e+04
1.403522100214042235e+06
2.186548086471429095e+06
2.178522548404512927e+06
2.178285779467359185e+06
2.196058447919015773e+06
2.216660838633357547e+06
7.843121796331888437e+07
5.786027395551675558e+08
1.039040682101049274e+08
2.984849138288708329e+08
9.248392885994184762e+06
1.748150527198887430e+05
2.365506986419789493e+08
2.275331075859114528e+08
2.208675662358588874e+08
2.026535164873555899e+08
2.024515751496657133e+08
2.367946795395167470e+08
1.916605241229094267e+08
1.518959837305462658e+08
1.517431268074849844e+08
1.269243236976190470e+06
1.274854015921259299e+06
1.264537859992622864e+06
1.267469475970773725e+06
5.457576840098678367e+05
1.145703038297736319e+06
1.121810101165913511e+06
1.186431069103035843e+06
1.140028339474444045e+06
1.181465889820911689e+06
-1.565468331296724500e+03
-1.545447885307308752e+03
-1.559778284012514632e+03
-1.550345051505137235e+03
-1.564394212808023440e+03
-1.573616477872041287e+03
-1.562248909208661644e+03
-1.573663287889503408e+03
-1.555654690741881495e+03
-1.567345334359299159e+03
-1.569584948219737271e+03
