-3.643820935750385979e+04
8.172404208003592491e+07
7.956986601493555307e+07
3.969521571843302995e+07
1.118449880710637430e+06
8.069698022760454178e+09
5.608790305764230341e+07
1.250867427890883200e+07
1.609275461189403534e+08
1.714978514989803731e+08
1.485943884554683864e+08
1.679512325857474208e+08
1.816737905639728904e+08
7.825019095240231836e+05
7.607124044075987767e+05
7.836098324045530753e+05
7.664722470949054696e+05
7.619423308229584945e+05
7.717147386575296987e+05
2.923642086645667255e+07
3.179942700457715243e+07
3.322116908923311904e+07
3.072750802969567850e+07
4.632883231987654231e+06
4.870094221126881428e+06
4.642624605971622281e+06
4.889600888072697446e+06
5.299158039321369492e+06
5.266864963775800541e+06
4.881177577106153592e+06
6.417094629291828722e+06
5.760240355867171660e+06
1.393471463039090158e+06
1.426599123644818552e+06
1.403377381947265705e+06
1.401637755107019795e+06
1.435904385464110412e+06
1.426875468811053317e+06
1.391407625198321650e+06
1.418402558129595995e+09
2.985023656356853008e+09
1.498508576296942472e+09
1.372165756797782183e+09
2.548970078679012299e+09
1.225694140315019846e+09
2.478949282654423237e+09
4.413524581422047615e+08
8.982202360834177732e+08
1.329543548003709078e+09
4.021076095861610174e+08
-1.244479699750285363e+03
-1.236794405360153178e+03
-1.190199695949995657e+03
-1.236768695964652579e+03
-1.245909731714054942e+03
-1.231826977861463092e+03
-1.226342153748613782e+03
-1.230663717181683751e+03
-1.189623404295154614e+03
-1.234666686602518894e+03
-1.226593756581190974e+03
