-3.809253772408578516e+04
4.642385237402485013e+08
2.515345049060325921e+08
4.031432795725648757e+05
3.516484864631608361e+05
4.488467538132077456e+07
3.285748605884478427e+06
1.335486055700327503e+06
1.643026159748376310e+08
1.438533017050213367e+07
1.530765212391584180e+07
1.497410509906294942e+07
1.411384838597624749e+07
3.647407742816089392e+08
7.167579045586831570e+08
2.515108907658993304e+08
6.620467453661990166e+08
1.573718449582091570e+08
7.792925256572345495e+08
5.922223988880733028e+06
5.049272704419977963e+06
5.002297515541932546e+06
5.795831924640989862e+06
5.664121331591428258e+06
5.110756025029185228e+06
5.494878559066876769e+06
5.697137698645976372e+06
5.093552919425467961e+06
5.185710053236280568e+06
1.573602684652099758e+07
5.857127417879364453e+06
6.570998543779836968e+06
6.924526242493730970e+06
1.273079399520250224e+07
8.169866902113391086e+06
9.886759001660959795e+06
-1.006269362065766472e+03
-9.297291549868241418e+02
-9.405726405894092750e+02
-9.183723495976300910e+02
-9.080136608006141614e+02
-9.370654907933203503e+02
-9.965785828330263030e+02
-9.487310173544683494e+02
-9.367219873672875110e+02
-9.655958143149618991e+02
-9.896178706978971604e+02
-9.340087704305187799e+02
-9.064434918792976532e+02
-9.533463868678081781e+02
-9.186872232202440500e+02
