-3.341801566852325777e+04
-3.726330318506865297e+04
-3.771687329879960453e+04
-3.848279501671741309e+04
2.127865252136838913e+10
2.262342816463748932e+10
1.434545799879539991e+06
1.471548306046108017e+06
1.431291338440400781e+06
5.294774122190316021e+07
5.304381888474543393e+07
6.284785293447318077e+08
3.027828004339829445e+09
3.364419339513557434e+09
3.074295498585183173e+07
1.140369909338130429e+07
1.039555263522465713e+07
1.288345441906207800e+07
2.197415211730198562e+07
8.934063202003905550e+06
1.301532541134176217e+07
1.101042949129447900e+07
1.633033323173417524e+07
7.495574032664208114e+07
8.897532493824806809e+07
3.258553892308331653e+07
2.125171921435748041e+07
5.930412384930162877e+07
2.030712987286159024e+07
2.379326665425323416e+06
2.369614627423340920e+06
2.334721160935872234e+06
2.211166876308549661e+06
2.120115687481926754e+06
2.180192764091282617e+06
2.037573656730491668e+06
2.131374555825412273e+06
2.211572417610051576e+06
2.169303196272506379e+06
-1.003295408743375447e+03
-9.334461227668507490e+02
-9.433737905264424626e+02
-9.880035770688264165e+02
-1.007305677663214738e+03
-9.241155933648406062e+02
-9.553820209127734415e+02
-9.833533876791479997e+02
-9.235672715112159494e+02
-9.094955668977054302e+02
