-3.595751062675069261e+04
-3.624659952124567644e+04
-3.702133254970813869e+04
-3.734610538432373869e+04
-3.773286597132825409e+04
-3.868577227682012017e+04
-3.906050927242544276e+04
-3.959158784953075519e+04
-4.009040678836684674e+04
5.106499900360790640e+07
3.636467125231235156e+13
4.346184315052280381e+20
1.139356906901344461e+19
3.545981389348968863e+06
2.059738211801496102e+06
1.945429350755970553e+07
1.916658126040908042e+06
1.080015812438802049e+07
8.764215784771330261e+10
9.688461284168507904e+06
7.357400853355013765e+06
7.367130314237732440e+06
8.457972515757037327e+06
7.704595552629245445e+06
8.166347813664472662e+06
8.830958228946590796e+06
7.446343880453958176e+06
1.506006034084890820e+13
3.632276414885006714e+11
9.241527217826437988e+11
3.312222767479151367e+12
1.202974420289753418e+12
3.475440993800150146e+11
1.424359239047843994e+12
1.887689257345302776e+07
1.974567963309136778e+07
2.070932905593717471e+07
1.867511014450822398e+07
2.047058263078010455e+07
1.987113052339102328e+07
1.846417519481721893e+07
1.981745383878629282e+07
1.964649419838705659e+07
1.882177978928469494e+07
1.931836981298900768e+07
-6.681884097094007302e+02
-6.427387809030187782e+02
-5.978617305640073027e+02
-6.495263064176833723e+02
-6.736639077429135796e+02
-6.706360429629276041e+02
-5.745635139945370611e+02
-5.872049437087844126e+02
-5.714116189955675509e+02
-6.494069731814961415e+02
-6.546072991739201825e+02
-5.995302239985321648e+02
