-3.500613732117733161e+04
-3.816948835024004802e+04
-3.865458513703407516e+04
5.300311473519566059e+08
9.453918765743155032e+06
9.501134554131090641e+06
5.711917033357514068e+06
5.610371133317668922e+06
5.409832034254924394e+06
1.362037433810384385e+07
1.208031742797640152e+07
8.673599936177025666e+04
1.284715770660309680e+07
8.840053705388488248e+06
1.028542954998734221e+07
2.365375563938769102e+08
2.665718603575678077e+06
1.723318106113688350e+08
1.984255840167514384e+08
4.238004024169428740e+05
4.207602271659146645e+05
4.293748107579589123e+05
4.302686748654107796e+05
4.300511754244462936e+05
4.219144130935878493e+05
4.224706043779659085e+05
1.672231465105761051e+09
1.647098162818884850e+10
1.993024030905492544e+09
3.394368704019201279e+09
1.105351583284951687e+09
2.533004746869205475e+09
2.928570296184026718e+09
1.265191136222697735e+09
2.976374161049690628e+10
-1.566644960198027547e+02
-1.503725049984641373e+02
-1.205238913934736047e+02
-2.074559580936620478e+02
-2.211043120114482008e+02
-9.949267675477312878e+01
-1.869611590972635895e+02
-1.362944004596793093e+02
-2.010821073120459914e+02
-1.286383274973195512e+02
-1.048993637581297662e+02
-1.897942416495352518e+02
