-2.633989732339029433e+04
1.002853682073589042e+07
9.874611849775301293e+06
8.282407725701751709e+08
1.719604303067595465e+06
2.166762538003591355e+06
5.651140152975576930e+06
5.804800106570337899e+06
1.024687945817427933e+08
4.235270726824589252e+09
1.780049898119518475e+05
1.818575745354635292e+05
5.667640251539638266e+06
1.078027391686733067e+07
5.053426968271807861e+10
3.941980029604485026e+05
1.886210789277880685e+05
3.978318633575522155e+07
2.400290593708971981e+06
5.037327951326581836e+07
7.476932740130557679e+06
7.584748585187331773e+06
2.214278532615279779e+06
2.247150408795449883e+06
2.150591644051284064e+06
2.247353860677941237e+06
2.189944678503556177e+06
2.159437395288383588e+06
2.207229891542221420e+06
1.767793319765834138e+07
1.960251658949605748e+07
1.384854132232773677e+07
1.759556622140084207e+07
1.915740727634136379e+07
9.780107601806956809e+05
1.006374395588229760e+06
9.902287020749956137e+05
1.012764572346062632e+06
9.692443587669341359e+05
1.024663732164888061e+06
1.056575516349430894e+06
9.716570659214477055e+05
-9.648885479831369594e+01
-1.908712221249879804e+02
-1.004880620719050057e+02
-1.639329705284035299e+02
-1.006861442099034321e+02
-1.018211310885671992e+02
-1.845650697412202135e+02
-2.413537863304663915e+02
-2.622524766426649876e+02
-1.873952785046421923e+02
-1.334887211954919621e+02
-1.586325529735477176e+02
-2.443359494041942526e+02
