-8.294609873574991070e+03
-1.655531189463362898e+04
-3.313771189898453304e+04
-3.546583292209009232e+04
3.703665342882809043e+07
-1.077840235038668325e+05
2.843858088800171856e+06
8.758019335067084059e+06
9.448939533328134567e+06
3.997965365860752063e+05
5.013494643377042958e+05
4.025169126243992941e+05
4.875509880779270316e+05
4.321908433002810343e+05
3.951552972954873112e+05
1.645062348408482075e+08
3.605456309650387615e+06
9.187366654500169680e+05
9.674658856945566367e+05
9.742267238278039731e+05
7.607693239307296462e+05
7.963200061987860827e+05
7.351196957367561990e+05
8.405961696951006353e+07
7.920823744236095808e+05
5.978232269332627766e+06
2.298065175062555936e+05
3.191076685776934028e+05
-3.225862030734904693e+04
6.098852275062351255e+05
1.159543243282977026e+06
1.072714703336482169e+06
-1.997222799129619671e+04
6.918210143652326427e+06
3.600151204142136034e+06
-1.466289757428212033e+05
5.180533501738486812e+06
1.865224223760303259e+09
-1.992920969064972451e+04
9.044343716123985359e+04
2.193480372468295693e+07
1.351856047897002399e+08
7.408047391282358149e+04
1.073181455593330029e+05
8.882665914231470088e+05
4.516235101453785319e+02
3.744925261373573449e+02
3.540527170406130608e+02
3.219576844412658829e+02
4.176456502705987077e+02
4.812539732909353916e+02
4.898899502005951945e+02
2.863078315369202755e+02
