-3.541280677269361331e+04
4.396888822174465179e+09
5.036834138649263382e+09
2.006823990112981945e+07
7.080845391038218513e+05
2.253923847657924984e+06
1.810751668038778901e+08
1.883789883959023980e+06
6.679060440378088504e+06
7.279391293033849448e+06
6.464635509840047918e+06
6.592892957367429510e+06
1.596919767399283871e+07
1.744570461014404893e+07
1.460067887633755244e+07
9.215641139117375016e+06
6.250882214363908395e+06
7.421641199705887586e+06
2.892809650167874619e+07
3.017545160402441770e+07
3.091277886555568129e+07
3.109535141024973616e+07
2.822192171286777020e+09
4.727413087226919830e+07
5.378437729909432373e+11
8.967189806792669678e+11
2.508621524404142797e+07
3.776273642496777326e+07
3.872276025353804231e+07
3.221665283063193783e+02
3.329233837825595401e+02
3.479591036475321744e+02
3.999124060320027638e+02
4.304093907731876243e+02
4.553294915601145476e+02
3.394015759698813781e+02
3.881038766383717302e+02
