-3.466452984475286212e+04
-3.579395610175136244e+04
-3.687266326378437952e+04
1.703346400533851981e+07
1.331658168100942671e+07
1.855259932427046075e+07
6.672062462091293186e+06
4.542174024545552209e+06
5.081213775381446630e+07
3.993057072292181849e+07
4.417071078908387572e+07
1.505274876638474166e+08
3.501919591897568107e+08
8.749311838865479827e+07
2.914707942718540877e+07
2.678695391539820703e+05
2.153067709637642838e+05
2.729035808158501750e+05
1.646278165153380833e+05
2.433593337515849271e+05
1.890385221364827012e+05
2.390165949904364825e+05
9.165622660583882332e+08
2.081781821107641602e+10
3.038757280912236571e+08
8.659529079703830183e+07
5.379509530571842957e+10
9.586978093450901508e+08
6.060774627712851763e+08
1.279999761963212433e+11
3.119599081298236694e+11
1.831543870067541809e+11
1.514940292279509277e+11
2.908054748779483398e+12
3.622206421854163986e+06
1.670777988481112756e+06
2.472148489617978688e+06
1.713879776546686655e+06
3.351452633567792829e+06
2.161804243780526333e+06
1.159229785158066079e+03
1.285330871276702965e+03
1.257738238718040520e+03
1.292744596065254882e+03
1.136424399644922232e+03
1.268308160205837339e+03
1.022461778767523356e+03
1.014475778764375718e+03
1.244230735688150162e+03
1.140704749166936381e+03
1.030841904651199002e+03
1.166664196324039949e+03
