-3.175382039756760059e+04
-3.538276718703049846e+04
-3.637925590958760586e+04
9.516628717242814600e+06
6.942723444841410965e+06
1.243785195554676233e+06
1.251637935029949527e+06
1.670290598712448031e+06
1.396127908649877878e+06
2.481915112029243261e+07
6.605867786942480132e+06
6.545735638060201891e+06
6.623758348550584167e+06
8.783520024874361698e+05
2.462179517277583122e+09
8.824802252165706828e+06
1.990222567223010540e+09
2.890982222220029682e+07
1.487616237738449126e+07
1.292638295445329905e+09
4.160031657934561968e+08
8.208012484706223477e+05
8.419444370774046984e+05
8.382996463095031213e+05
8.181803881130698137e+05
1.792366477872507239e+05
1.841196923440019891e+05
1.805728250718911295e+05
1.819044502463122481e+05
1.796269710310086666e+05
1.788914282285231166e+05
1.876560459219647455e+05
1.295025117893121205e+03
1.151369126545032486e+03
1.270233935390511760e+03
9.941281482013000641e+02
9.867861785061249975e+02
1.140008496591937728e+03
1.111300416241283529e+03
1.151588267540500965e+03
1.213197533325670520e+03
1.056224419153120834e+03
