1.496755072166344821e+08
1.007911905689351410e+08
1.271989522839187086e+08
1.065434611318475157e+08
1.099147365943717211e+08
6.164916870407675207e+07
8.955527370934891701e+07
1.622624654263976514e+08
1.444849936929693446e+06
1.658796435730547877e+06
7.297975155884320068e+11
6.988765863735598326e+07
1.251013953752606659e+11
5.666481858107413054e+08
7.249971459785760380e+06
6.294899800835764967e+06
8.955773633383189440e+08
2.164616658929235768e+06
1.832845547520166030e+06
1.971563773681546794e+06
2.111194138500509784e+06
1.932438380433003651e+06
2.066089444026716985e+06
1.837783591396556702e+06
1.979093994596661767e+06
1.936960932018270949e+06
2.283920041658038273e+06
7.383144894128337402e+11
5.865018028719298438e+13
6.778622958540843750e+12
2.976442674149673462e+10
1.194063396632710352e+13
3.599346103453873125e+14
1.979949410293077393e+12
8.169009427609106445e+10
2.026906817227247314e+11
7.492191183451753235e+10
1.924407614304538583e+03
2.277368081605090993e+03
2.020550202989106765e+03
2.332796454626542982e+03
2.164305633365147514e+03
2.282661842811125098e+03
2.037502688862499781e+03
2.028572038849175442e+03
2.093474967498506885e+03
2.325481240963359596e+03
2.068860699053504504e+03
2.248365711341262795e+03
2.144227772096142871e+03
