-2.919400303525357594e+04
8.666029505467674255e+09
5.370464835386381149e+08
4.184441146610260010e+08
3.541143622743419372e+06
1.332126251472732782e+09
7.896929289919133484e+07
4.606991079313498735e+08
3.487206346963682175e+08
8.871144043462791016e+12
9.334501034025300598e+10
1.558930578445259631e+08
7.332091261755047366e+06
1.258630900097759962e+08
1.418652516272615641e+06
7.916104806456346810e+07
7.596593332902876139e+08
8.052659224745538330e+10
3.204123668549541384e+06
9.117351957958550453e+08
2.691597947554839134e+09
2.416635363575592637e+07
1.260126104979760885e+09
1.329044952342170179e+08
1.973738787541534042e+10
3.829102968986814499e+09
1.793483368883669674e+08
2.844698673493793869e+10
1.719509483068302917e+10
2.716722774533663940e+10
1.458442149866868858e+05
7.216062894196016714e+03
7.723287601800111588e+03
7.730813267078949139e+03
7.010536901288782246e+03
7.210554524130653590e+03
6.865605897331377491e+03
7.475695881965162698e+03
7.262407920488069067e+03
7.504467536013107747e+03
7.258569597689085640e+03
7.211116517526068492e+03
7.320593592591903871e+03
7.488277519745344762e+03
6.893337888667010702e+03
