-2.594567673101885157e+04
9.513224976993688615e+05
1.117248721708947094e+06
3.034306705190088600e+06
1.819020416273833718e+06
6.657114935805457085e+07
1.277895028037098050e+08
4.618328839125691913e+06
2.948000577658634663e+09
5.499657692389230430e+07
3.937953576016807463e+06
1.283087000973399961e+06
5.723008281634018058e+05
9.982350900134190451e+05
4.318999670469994890e+05
2.883275628722737310e+05
3.895089886422442505e+05
4.348524120254239533e+05
1.098784595871591009e+07
5.854143064355039969e+06
5.652167091405038722e+06
4.583643776608963497e+06
1.009768105261612311e+07
9.304531673723289743e+06
5.239823711165542714e+06
5.429587106861593723e+08
1.207147444512520409e+10
2.522121287069449201e+07
2.313532899603371695e+07
3.019838262422871590e+08
4.187837721914933324e+08
2.578741765298214741e+06
2.209664491898705252e+06
1.905737905943837948e+06
2.303980835164403543e+06
2.014686422817292390e+06
7.827157423358509550e+05
9.872486242095435737e+05
8.602863559253779240e+05
7.604109165630341740e+05
9.781876047381628305e+05
1.419381117624131730e+06
6.483215049617378972e+05
7.678691671663440065e+05
2.236571964688432403e+06
4.807159936182161793e+06
-3.050555613073720597e+05
-2.390766165736872063e+05
2.101082589372887742e+06
2.871539530867088120e+06
4.478667322530246456e+05
9.622912034480978036e+03
9.709382994317886187e+03
1.041792685058325878e+04
1.000719523463939549e+04
9.939253139081294648e+03
1.003350000129069667e+04
9.871613446914270753e+03
9.738523653295647819e+03
1.018408972078707302e+04
1.021816116248664912e+04
