-1.686965048916761589e+04
-2.485089199799466587e+04
-2.597063978077541105e+04
-2.702341433265896558e+04
5.794457184843701869e+07
5.266180758371781558e+06
4.482657938552255509e+05
1.075712270451279163e+09
2.829086039799093455e+07
8.256932528252710472e+04
9.347629836060939124e+05
8.127709020931171253e+05
5.921656156381579349e+05
5.929806493404840585e+05
6.031024123309537536e+05
9.970916983199117705e+06
-1.868850560315611074e+04
9.221902883590422571e+05
6.357119554850716377e+05
1.034626614065747242e+06
1.530523601618572998e+10
1.011889084126778603e+09
8.620100959935532808e+08
2.770849655183738563e+06
2.765227963354576492e+10
1.235711778177523762e+08
4.685900172369557190e+10
2.180446927887593582e+07
7.524441156136313453e+06
1.147950231467328966e+07
9.368339331598191056e+05
3.360316092307674885e+07
3.887172279379572868e+09
7.015850966371122748e+06
4.803523797522805631e+06
6.114645478544902988e+06
1.008490779388557933e+07
5.382718782608936541e+06
9.412688838993854821e+06
5.785267625720588490e+06
4.320367319585723802e+06
5.828031785167490132e+06
1.112290604856653884e+07
9.932685399014946073e+06
5.072583553390664048e+06
4.978163873934369534e+06
1.826428870965200663e+07
9.471251864068597555e+06
5.823478288008128293e+06
4.468255532175146975e+06
1.516035090727551095e+07
9.667492553901218344e+03
9.836167113522358704e+03
1.003497845797007903e+04
1.025216391483199550e+04
1.077995414338906994e+04
