-1.628311144441114811e+04
-2.002398974203965190e+04
-2.094347751453155797e+04
-2.033579380404371477e+04
-2.199593434127167711e+04
3.072551160199723020e+07
7.662736232172974944e+07
1.062266639793419017e+05
6.491450879022462463e+10
2.522242756912949085e+09
1.979065250499536753e+09
9.142389044214501046e+05
1.224810409499603789e+06
4.913149804406370223e+07
2.354249341482038200e+08
6.402118383761146665e+07
2.178642693589932323e+08
1.694044044643071014e+06
3.434008502402325153e+09
1.372484202195272369e+11
1.500498082717310905e+09
6.871938229667430878e+10
6.088232970151187897e+10
1.959370366651521763e+06
4.235837264336672612e+06
1.102597212939063646e+07
2.253075992245899979e+06
7.602263971926441193e+09
5.953865797304691076e+08
1.584524706674820185e+09
6.737899726132816076e+08
1.561916623614900410e+08
3.765348536955388188e+08
1.763644471136738205e+10
5.131763056112771988e+09
7.474622126455117541e+04
1.279684558198755840e+05
-1.803837789575970965e+05
-6.525495452752023994e+04
-2.195279088247030450e+05
8.823917169119663595e+04
1.421235669728598441e+04
1.328943086834944552e+04
1.460637331791513134e+04
1.476512498018384213e+04
1.345282737134347553e+04
1.354457911395709380e+04
1.328914624562268727e+04
