-2.143360265303392589e+04
7.201528855391701698e+09
1.116969789802821120e+06
5.561742119226965122e+06
8.954672990300809145e+08
8.907095122689695656e+07
1.922573507041395264e+11
1.936566786286741262e+05
-1.184320667040946137e+05
1.729951457370370044e+05
2.960769241306955810e+05
4.666537652109935880e+06
6.937076673023538664e+06
4.758815276231091470e+06
2.144448170003475621e+06
2.250759661253924016e+06
6.873866171053633118e+10
1.182232911812027168e+10
1.163523843653568983e+09
1.592126809654991888e+07
8.256972926806985474e+10
2.111119475659631565e+07
6.317508538574660197e+06
1.379852327513851924e+04
1.472298264030463179e+04
1.359110112460725941e+04
1.355028110277108499e+04
1.454861142444849247e+04
1.436522299521073001e+04
1.329874964824030758e+04
1.444165667284448864e+04
1.327541997934656683e+04
1.384000410637015011e+04
1.453363251179020153e+04
