-3.526946413935918827e+03
-1.485418685920240023e+04
-1.492387811804706507e+04
-1.603704573503671054e+04
1.573678825620737858e+06
9.723366930093508214e+06
2.671336925008368492e+07
6.695999281116726995e+07
1.398816298224824714e+05
2.968653388483939692e+07
2.439593474005288184e+08
1.979679033327838898e+10
4.635603700534649658e+10
9.886067155799984932e+07
4.807223176029437500e+13
2.144596533480109647e+06
9.392602455106417183e+05
9.093245019130588531e+09
2.725037514999310913e+11
1.091116950747108459e+10
7.791613945904302597e+08
1.763077123002677155e+10
1.749776258423055289e+06
1.828187701867951546e+05
2.599599307797941379e+06
2.535671337035417259e+08
8.465144865698295832e+07
7.132405552684121132e+08
1.653758679042146355e+07
1.194993725474944949e+05
-1.270282478992825781e+05
-4.836791460152612126e+04
-3.500284487505377183e+04
1.290952913766077108e+05
7.773741225563969612e+09
5.119422271103791893e+06
1.225946862389137782e+07
9.669718549407458305e+07
2.719352978180359583e+06
-1.593821088571636355e+05
1.759404531781447306e+07
1.394463715949958190e+06
1.507839287370015907e+10
8.967966225207051029e+05
1.469290397469091695e+06
3.413257139525660896e+05
1.730440622029529810e+09
7.805455308787248214e+03
6.790581480833848473e+05
6.648551777762707323e+06
2.411048466365818359e+12
6.380334395723427646e+06
3.091735492974350695e+06
1.281503692288803682e+07
1.790863811677513877e+04
1.942357583087499370e+04
1.855002364852957544e+04
1.885161764833924826e+04
1.889101960450125625e+04
1.990461495003980235e+04
1.842295919187940308e+04
1.870577111391240032e+04
