-1.020081619377669995e+02
2.027513995769222677e+08
2.028404107561996579e+08
4.814625696913305521e+08
3.177546798041557521e+07
3.951505972439070791e+07
3.699998321029595137e+08
8.736929151219159365e+07
3.631911012461110950e+07
4.039496388180174679e+07
3.289461345771110500e+05
4.807182707590656937e+05
2.279475069095912948e+07
2.299749198170926208e+11
3.612643900969618559e+08
3.901371798421540880e+05
3.456345747234658241e+09
1.716313411305609941e+08
-7.429054983482255193e+04
6.337396964026455581e+07
6.116701614674462471e+05
6.098532136592830066e+05
4.014647110556460857e+09
1.454149542808144569e+09
4.362993087058736011e+06
1.602439773051855620e+06
4.209708642795843482e+08
1.785234646557114902e+05
4.738508418268850655e+05
-7.133344234847660118e+03
4.036333841910493094e+06
1.149179477000861406e+09
2.515543851509620901e+06
4.554660842883094301e+04
1.108659142655865755e+06
9.631712840726021677e+05
1.750112847204195568e+06
1.615993579100229979e+09
-3.496918391744646942e+04
2.770294795444143936e+06
3.152829594773372635e+06
7.681492102462887997e+05
1.076206489975837171e+08
2.867464261338165030e+06
2.572393924801264075e+04
2.419906350587436464e+04
2.508996080820629140e+04
2.463021116086127586e+04
2.554441948721982772e+04
2.581877502693553106e+04
2.633191964325241861e+04
2.465316022770738346e+04
2.539171199139000964e+04
2.514300465472906944e+04
2.485262448790002964e+04
