2.383305306123047558e+04
2.072327786526319323e+04
1.096562717101376620e+04
1.051356408579423558e+06
5.629360663429902649e+10
9.850875373757034540e+06
3.996703706235364079e+06
5.224414180133269429e+08
2.178721043294381350e+06
4.340725619329615729e+05
1.330948809029842764e+08
1.214018989607999683e+05
5.114878730003167875e+06
2.361878410417183438e+14
3.319422327510136032e+10
4.534419930683303624e+06
1.346896022357058711e+06
4.562127003082188219e+07
2.207792646766046062e+06
6.644870989961761236e+08
7.248640876350523949e+09
2.349234631675230921e+05
1.307704560630537033e+10
2.587383905847865105e+09
-2.233787021222968178e+05
6.912761458388582105e+05
9.517088486333744368e+05
6.231903824530672282e+05
1.038611803774014814e+06
2.521468047378061456e+05
4.578006573796630255e+04
4.523106415986214415e+04
4.609902558682792005e+04
4.337965592116041807e+04
4.681353741222620010e+04
4.473526508372265380e+04
4.551875602096674265e+04
4.359145540634987992e+04
4.710297394985833671e+04
4.604166034569867770e+04
4.333684852517605759e+04
