2.583778258025925243e+04
1.500531411215892876e+04
1.389200262226599807e+04
1.291117512923221511e+04
1.264216722348936310e+04
9.705006036096565367e+03
4.774806685566503555e+06
8.343448745717761107e+06
1.774628568889695644e+09
5.286087287746897200e+05
8.413268584735184908e+07
1.134437763722814154e+06
2.796270953685293794e+08
8.719012029250457883e+07
7.783297760784225538e+06
1.921783992476752494e+06
2.253571133557374179e+08
2.711748990938092470e+08
4.373413562895334625e+10
1.064339669745434821e+07
8.527850093325238675e+06
1.097072693251445657e+06
5.207111389743653126e+05
1.564151832820596639e+06
5.053936509357445757e+05
1.705014964310576782e+11
8.527532847237287760e+08
2.567961602612774353e+06
3.998925884940212220e+07
6.552825151015171409e+07
8.390213710965223694e+10
2.399317259635428432e+06
3.725335388976668566e+07
2.487953870211191941e+06
6.241719639217028022e+07
8.496522244464332238e+06
1.291240347846232727e+07
1.369097947255156189e+07
2.611999142855357379e+07
1.169274538118495606e+06
4.224357606198503077e+07
-4.113051261432510801e+05
4.188337726674174424e+06
2.353544559280517697e+07
4.616827549501965404e+04
4.526140248036259436e+04
4.602925700338187744e+04
4.699780009424578748e+04
4.445248260902561015e+04
4.354888302201530314e+04
4.418818873299565166e+04
