1.402605739360706648e+05
1.216916310727689997e+05
1.050019380919513060e+05
1.134691655077272444e+05
5.328219681329051018e+09
1.839480232447947189e+07
1.264922415615993785e+06
6.161310215017475188e+06
1.698287001664817566e+06
1.983225210812664405e+07
6.349245733300114051e+06
9.439863200963555574e+08
2.894125944575663567e+09
5.108835032545490190e+06
2.325585297446899116e+06
3.747121894793832675e+06
3.462798966401756741e+06
4.027340539392860532e+08
2.544647389854222536e+07
6.722454816863187589e+05
1.065499627399374358e+07
2.122450606260494795e+06
5.583894232142687798e+09
2.599984822597725783e+06
6.758257623701325792e+04
6.104604140682126163e+05
5.494150447238405235e+06
5.714985993318948895e+06
9.000586154717836529e+06
4.831501665633404627e+04
1.343327836671941914e+06
1.141875103901054338e+07
3.267309500808462501e+06
-2.216504773317298386e+05
6.469250717803755999e+08
-6.176014721700607799e+06
-2.453102484996281564e+06
1.003991140050669201e+05
