1.883029593434725539e+05
1.588941270782322390e+05
1.533134087747983576e+05
1.479411093923997832e+05
1.607578419373146899e+05
2.784706768690583704e+04
1.584123458315654397e+08
2.177227438193619251e+09
3.819607908139401913e+09
8.095529200886129761e+10
1.401460275124214531e+05
1.021623139204384200e+07
1.069331917184582213e+06
1.230982267105143052e+06
7.083488586032397579e+05
1.011623854865294532e+06
2.286065224481024314e+06
1.186941099580250531e+08
4.987431809551832199e+09
3.324782790349883493e+06
3.691676893458541483e+06
3.851616203924286645e+06
2.627095065058084726e+08
4.820088185013993061e+05
1.554932037272794114e+05
4.612995354845908284e+07
9.845555109721362305e+11
1.042716433391330859e+13
1.602753344185119029e+06
4.579153784173528850e+07
6.932438744133485015e+05
2.337716305187381431e+07
2.356355109603160061e+06
5.247408001885325939e+04
1.320911844729392052e+09
5.843766430081437342e+06
1.605911169286792865e+06
3.612199127920134924e+05
2.124911172575004399e+06
3.470397026641489007e+06
2.703095979213029146e+06
7.449413420993054286e+06
4.313165933446839917e+05
3.071214568418330979e+06
2.701379487703875173e+06
5.734557755067553371e+05
1.820976919666127014e+10
1.142279831302753184e+06
2.048613124828195944e+07
4.893523833204629898e+09
-6.356801017816219246e+05
-3.871264926471191924e+06
1.340879210954813752e+06
-2.757581586011539912e+05
1.090566426180823473e+05
1.584901433976324834e+07
3.225405922009712696e+09
6.814295370047342682e+10
1.237130540792788416e+08
7.828331552006767131e+06
3.024041360880647302e+08
