1.662898394933642703e+05
1.565466559178693278e+05
1.585462204532547621e+05
6.147703068838899024e+06
3.147943776326137185e+08
1.035634457512433082e+07
9.530276803070043325e+08
5.213863390728476048e+08
2.154059725086251274e+06
1.444009393017886579e+07
1.226283286020060070e+07
1.244525630257495941e+05
2.362157771525354590e+06
6.527269793559282087e+06
2.797017648309232330e+10
2.222192632483709717e+11
2.305468129237983841e+06
1.350103394411955588e+07
3.505523300068122335e+05
5.036154338071039820e+04
1.494716846982319832e+09
6.141461929199883016e+05
4.649337575020607710e+08
2.370776527230904251e+07
5.530349675628055334e+08
3.302170014229332656e+07
4.194332102948782966e+06
3.307445840890196338e+07
1.469396762047691969e+06
2.047984904429441958e+05
1.915895334652577585e+05
5.286886294553556945e+05
8.177379909999148920e+06
1.158662171402139589e+06
2.975373392847034454e+09
3.435091041284633102e+05
1.952695841525918106e+06
1.288572050912822485e+09
7.415425825073700398e+06
-2.311922294096832047e+04
1.292548672222914873e+06
2.190543569954211358e+06
1.105849235463249264e+06
2.267902441740948125e+05
2.701805138786225766e+07
5.895691878692972474e+06
-7.840518143590632826e+04
9.602422769713451862e+08
-7.520947089003435394e+04
-3.059324006113824726e+04
2.695707037118326407e+06
1.181568801628013887e+07
4.160377644369925372e+06
-8.738382291505580069e+05
9.342135627814988839e+05
4.441858525804423541e+07
2.335539810555436090e+07
2.114069982502599806e+07
3.055633060802746098e+06
3.187653939254576683e+09
-2.506755098356822971e+06
1.343256241190179018e+06
1.864648550684877671e+06
7.082266088487050496e+06
-3.974947959736530320e+05
