2.354884012836488255e+05
2.109899109544814273e+05
2.065230164641681185e+05
2.206175101394744706e+05
1.998886990285859501e+05
2.216762741844699485e+05
2.040964516513993731e+05
7.548628803897695616e+05
1.676893946784272091e+06
6.724056169204961509e+06
3.920826831031575333e+06
1.638398340991366468e+07
6.172441916720377207e+08
3.880156695623375475e+06
5.063472710064040730e+05
7.778231427347507561e+05
1.219228332517964765e+07
9.278816804539684206e+06
2.171169826512152481e+10
2.374336369312235117e+08
1.195528428361956635e+11
3.023230167307510041e+06
2.849614773242701776e+06
1.584084061015141895e+06
1.272713598881091326e+08
1.106387766339248419e+08
2.587397478953413200e+06
4.951064479381339550e+08
1.308233212993484288e+08
3.283236987885074690e+06
1.149073378481557518e+08
3.006449503651538864e+06
8.492300918899583630e+05
1.253820609657118097e+06
2.297196352443562355e+06
7.207355440852382220e+06
6.945362653617687756e+05
-1.489069495996027254e+05
-4.793813122573219007e+05
2.952636509610161884e+05
2.117168362333680270e+05
-4.071000542641954962e+04
2.646684796763823833e+05
-1.177656003746198723e+06
3.215937303059766442e+07
2.540254765432283655e+07
5.773893668169481680e+05
4.264146419871086255e+05
