-3.704604008295601670e+04
-3.801266074067862064e+04
-3.912787954504046502e+04
2.529109660486188252e+06
1.257935054112765472e+06
1.414437879994862713e+07
1.308611097432547249e+07
1.214535053959643282e+07
1.657290302639021575e+08
1.606033647600677609e+08
2.759239537251924630e+06
1.275363135733150095e+08
1.522647945297473576e+06
1.526029984519769903e+06
1.524279514771192567e+06
1.511458199031756492e+06
1.448881987311129093e+09
1.114297225684256479e+07
6.780784996290009469e+06
6.714193033446535468e+06
6.795634057381504215e+06
3.407157667458768934e+07
3.380107726271720231e+07
3.366379392528402060e+07
9.992887283732299693e+05
1.014278037252876209e+06
1.006338279549276456e+06
-1.875985313355136896e+03
-1.871960662589553976e+03
-1.884976214969152352e+03
-1.873021544342103880e+03
-1.872227268995367922e+03
-1.870676827020448400e+03
-1.871083681708259974e+03
