-3.619466971702043520e+04
-3.675477870644729410e+04
-3.704810526003355335e+04
-3.801671030053919094e+04
-3.837112391598675458e+04
7.685570349035632324e+11
1.169640925935167236e+12
7.260503773121623090e+05
1.461882829858246073e+07
2.428497544973212853e+07
2.109537000606134534e+07
1.127412512659903914e+08
1.325473734324675985e+07
1.297418280542046204e+07
1.285165650053321198e+07
1.330101692960181832e+07
1.329859240366410092e+07
1.300879335658185743e+07
1.319829221818342619e+07
6.584703559015243314e+06
6.547188033784355968e+06
6.525416237999931909e+06
6.577763520483330823e+06
6.573349273719542660e+06
6.515882488429958932e+06
1.277502729321812093e+08
1.279377828634011000e+08
1.288247451007926762e+08
7.544390759211170959e+10
4.591431997437143326e+08
2.115678048173451722e+08
2.588350652403452247e+07
2.585913224601627886e+07
2.616645222885488719e+07
2.585442959845768660e+07
2.715209277617552131e+07
4.729760716353164753e+05
4.751349104668362997e+05
4.757514422194053186e+05
4.756312682923175162e+05
4.758731715546901687e+05
-1.880051771616243059e+03
-1.880925032511266181e+03
-1.872742060644959565e+03
-1.871510498931718757e+03
-1.869340576838701963e+03
-1.884942644849710632e+03
-1.879413310919277137e+03
-1.874543797963560792e+03
-1.869415054856974166e+03
-1.872877057556092041e+03
-1.869542966694833012e+03
