-3.767696202414557047e+04
8.194740913580346853e+06
8.197763613446016796e+06
5.199019696401046589e+06
9.411792466486064453e+11
1.299367195851404883e+13
5.605447249208844900e+08
1.115773545564538538e+08
3.170620290082640015e+06
-1.193047442097172898e+05
2.406625735509972088e+06
2.173277019160656333e+08
1.048411928216458298e+07
-1.367714623576065351e+05
-1.009546650473180925e+05
6.961333270610822678e+09
7.029462244512474060e+09
8.840710656271321699e+06
8.636791137918230146e+06
8.902743985376954079e+06
8.805559912270983681e+06
8.543639700686367229e+06
8.515418188167918473e+06
1.319393563149801970e+09
1.364682240498208761e+09
1.284375100547334194e+09
1.390493981807198286e+09
2.050273490270530165e+05
2.051582154334546067e+05
2.052296710301164130e+05
2.053286370919615729e+05
-1.872804740986728575e+03
-1.869568781310983468e+03
-1.873943111698725261e+03
-1.876177995155914687e+03
-1.882244820228894241e+03
-1.878740710495010717e+03
-1.880638100461888826e+03
-1.876120384786481736e+03
-1.877675835361296777e+03
-1.871591841060086153e+03
-1.870712037991965190e+03
