2.439910730773717651e+11
4.591124980745271606e+11
9.638088010421342915e+05
5.127646933643041411e+05
5.106769575290115317e+05
2.205166904867924118e+10
6.331560713657539338e+06
3.949067559731599609e+12
1.236655175161004395e+12
2.330755823538133301e+12
2.100629164613875095e+06
1.009262834916638732e+08
1.396232545134324348e+06
6.376726248184397991e+04
7.523616268850376946e+04
-1.194751191097918636e+05
1.082417011473731138e+06
1.341246003454739600e+07
3.405520651783379144e+05
1.536450872888791375e+06
3.957705749044327065e+06
4.178039888078874210e+05
6.226515996487568133e+06
-1.781441987580954155e+05
-1.758578939628407825e+05
-1.770128038871923927e+05
-1.747975664787707501e+05
-1.740022169195585884e+05
-1.834825810291093076e+05
-1.806595241334698512e+05
-1.778697816572799929e+05
-1.830649693730652216e+05
-1.764915592897574243e+05
2.274290597104894161e+09
2.220407849671316147e+09
2.350015274624726295e+09
2.445451058519013882e+09
2.372389612979868412e+09
2.383689532047815800e+09
2.214310361541638374e+09
2.253929325090244770e+09
2.339378643502509117e+09
2.393155528199775219e+09
2.378141893091625214e+09
2.265398820995150089e+09
-1.834391206195490668e+03
-1.819104391400760505e+03
-1.816526519640639890e+03
-1.833072276847378816e+03
-1.820764519356627716e+03
-1.828933978331682738e+03
