-3.484309446233209746e+04
-3.634603284595782316e+04
-3.900318719822829007e+04
-9.329133062819999759e+04
5.493616829839343205e+06
2.300600857378120720e+07
2.560953769427089486e+06
2.559059951839148533e+06
1.217212134955066442e+07
1.196889294118748605e+07
1.123367573069291189e+07
2.897770515391890891e+06
2.890112092151201330e+06
1.862664537540709376e+08
1.829681970891572535e+08
2.016935647256640196e+08
1.984902587570858002e+08
1.802604435332158506e+08
1.607205582846947247e+06
1.602430075460684020e+06
1.600641594509040471e+06
7.588918816160570085e+07
3.531388878994483501e+07
2.144100730580561981e+07
3.710765261145769805e+07
2.663830042152148724e+09
4.094660182047211528e+08
7.270932381293701008e+06
7.322228481324056163e+06
7.350438094989979640e+06
7.302001372300317511e+06
7.471354305365603417e+06
7.221179168183274567e+06
3.617213729902125150e+07
3.727182057214098424e+07
3.641316613543553650e+07
3.780468213299642503e+07
1.063372108152480097e+06
1.077367476156533929e+06
1.057508218057053862e+06
1.085589913568359800e+06
1.065220660443518776e+06
1.061469734962066635e+06
1.075896936993885087e+06
1.076959580343436450e+06
1.085237847789429361e+06
1.063718426597209414e+06
1.060217787173778052e+06
1.081573404491623165e+06
-1.769337000883242581e+03
-1.772045621757220943e+03
-1.771113839982397621e+03
-1.748945290649950039e+03
-1.763520150001102593e+03
-1.746283949382719584e+03
