-3.608967809731440502e+04
-3.899490663053556636e+04
3.038564737459097989e+06
2.804498455320049438e+11
3.316257364630103577e+06
2.343763441640065983e+06
2.676117665311750490e+06
1.497037008155604303e+08
1.490612536776870489e+08
6.386986176081609912e+06
1.257485392784093041e+06
1.751149929426182527e+06
5.548563009100128897e+06
5.567560387046060525e+06
5.585874256790857762e+06
-1.235580823913497443e+05
-1.624278502540187765e+04
-7.487593811960247695e+04
6.985554646244869567e+06
6.954397023228694685e+06
7.101495480808150955e+06
7.034592050774752162e+06
9.080751533263355255e+09
8.393580552693286896e+09
5.380211326740912162e+06
5.381732084103396162e+06
5.403809066912295297e+06
5.469522612506470643e+06
5.522066208836183883e+06
5.434932419554599561e+06
5.530162953481473029e+06
5.510107940569090657e+06
5.447237975903931074e+06
5.510997939715795219e+06
-1.768051025579363341e+03
-1.751728172690694919e+03
-1.759485540062858490e+03
-1.770133295734936837e+03
-1.751355657915759366e+03
-1.760413400828227168e+03
-1.759836182857921813e+03
-1.758711554110050201e+03
-1.752553097608266398e+03
-1.773553445048659341e+03
-1.751560904653713806e+03
