-3.581840653705890873e+04
-3.825753758517403912e+04
1.138329384963549072e+12
2.983058025848359375e+11
2.396329738445770741e+07
2.364240842210523784e+07
2.387452627924592420e+07
2.445011448477412015e+07
5.145732564036503906e+11
1.774067047286414728e+07
1.815535724703225866e+07
1.835446418082059920e+07
1.813609009546114132e+07
7.144280395883969963e+06
7.261229070574695244e+06
7.154603488867495209e+06
7.302170737960805185e+06
1.661234093165155351e+08
1.719342475963483453e+08
1.545471955116957250e+15
7.333381147255733398e+12
2.174755643317677600e+16
3.876896170855217427e+07
3.617223215836761892e+07
3.917960639194854349e+07
3.845661967518606037e+07
3.646380471708671749e+07
3.655192450436514616e+07
3.662745448135660589e+07
3.813340017187800258e+07
5.100593623240860761e+05
5.041486397495901911e+05
5.061997101346712443e+05
5.089547403240826679e+05
5.090733914061228279e+05
-1.769886662229546346e+03
-1.773629756893235026e+03
-1.757850409025733825e+03
-1.769105592890293337e+03
-1.754081507838796824e+03
-1.769143018443312030e+03
-1.769852195922168903e+03
-1.773693910827394575e+03
-1.763248336144693894e+03
-1.761090136343060294e+03
