-3.369658825985984731e+04
-3.390640739513636072e+04
-3.816393047038425721e+04
-3.853596398723303719e+04
3.571983948810895905e+06
3.568952365047243424e+06
1.915163064413573027e+09
3.126401913954105973e+07
4.630433660599352792e+06
1.005583145759866014e+07
5.396130799605488892e+11
3.974617650892478414e+06
1.653374375135498866e+07
3.609397520634424291e+04
3.991568042007338954e+04
4.128099624994346232e+04
4.926564895110665821e+05
1.418683123453583717e+08
1.147652076565421671e+08
1.927416883546247101e+10
2.608148664245157166e+11
2.198401110242721939e+10
9.764323670807512283e+09
2.888685317809721921e+06
2.934713033205957152e+06
2.915105577655964531e+06
2.867033554118683096e+06
2.913680376893852372e+06
1.714023530803587986e+06
1.731727237437040079e+06
1.749258872873093933e+06
3.357094583573306352e+07
3.009400797263786197e+07
2.947337144780319557e+07
3.299137743192360178e+07
3.038776774844230711e+07
3.357554341932302713e+07
3.005539603862795606e+07
3.170261197843650356e+07
-1.681338360142341116e+03
-1.661386437188222772e+03
-1.672981123850651784e+03
-1.665551547846582253e+03
-1.679059847588621778e+03
-1.680352406309975777e+03
-1.673496364819817245e+03
-1.666054749365284806e+03
