-3.537639526537722850e+04
-3.672242238992826606e+04
-3.769700714510596299e+04
-3.961459017070393020e+04
8.898149838871759766e+12
3.304949739685486555e+08
3.922634911747409105e+08
2.881602865863012671e+08
7.925770629642923176e+07
4.809665595191204548e+08
5.068800152819979787e+08
4.075434906539134383e+08
4.347950120475394130e+08
5.269611486186333895e+08
2.592444082550924316e+12
2.358314093307187781e+07
7.916122708234892786e+07
5.037152938419884443e+07
3.065399342835725844e+07
2.229397075731337443e+07
-1.010937307864602190e+05
-1.010278440675987949e+05
-1.006959505255163967e+05
1.349627528974976391e+07
1.338104020095358230e+07
1.272878499169845134e+07
1.342340946620680206e+07
1.313554673452749848e+07
1.315560398244065419e+07
3.013990825780390167e+10
5.918794999923077393e+10
3.457782941431006622e+10
2.963828986935355377e+10
5.253108719490494537e+10
2.657802743156253815e+10
4.878639670174648285e+10
3.568197024696620554e+07
3.523862702060190588e+07
3.708617177798418701e+07
3.505557017619901896e+07
3.547606199280129373e+07
-1.563353739632817451e+03
-1.570150369713286636e+03
-1.535814435207430506e+03
-1.554015432594140293e+03
-1.582299286831228528e+03
-1.553100519767351216e+03
-1.555446913755295100e+03
-1.578858396839030320e+03
-1.547774112483602948e+03
-1.543072160072100814e+03
-1.567440681203646818e+03
-1.573774904978810810e+03
