-3.625789325588072825e+04
-3.900935059631735930e+04
-3.992521387469540059e+04
-4.041661531122327870e+04
-4.094174464511642145e+04
1.487583949090836570e+06
8.599949667773690820e+07
2.636925981622093916e+07
2.926771366095988080e+07
3.141011203445071355e+07
2.687187518104670197e+07
2.614567832594063506e+07
3.847991835536781698e+07
3.854153466464594007e+07
3.919176800819813460e+07
3.684175119702194631e+07
3.858214481200028956e+07
1.185347040776538700e+08
7.601727776914607733e+06
9.256669733773332834e+07
1.722464885125464201e+07
1.188648844460076714e+10
2.207435992361252904e+08
3.310765903083150834e+07
1.058410962209115475e+08
2.497334072172996402e+08
6.984038628638672829e+07
1.225781529906170070e+08
2.414148597654327750e+08
8.661882302056334913e+07
9.118104801539079845e+07
1.621377906776435673e+08
8.935749592655429244e+07
-1.388254032343917061e+03
-1.394352800319873495e+03
-1.441481587817892432e+03
-1.429525421002559597e+03
-1.381474001495866105e+03
-1.396786483473872067e+03
-1.399175982864922844e+03
-1.402526340731041273e+03
-1.379981006158632226e+03
-1.419665021113527473e+03
