-3.826471029463324521e+04
-3.994916171110772848e+04
5.449281866501331329e+07
5.389234575940666348e+07
1.567715420926274538e+09
-2.923386639174202355e+04
1.098805619647035201e+03
1.479252456819054350e+04
5.092160529214046896e+06
4.654887938807345927e+06
5.532046070040547289e+06
5.295955330450696871e+06
4.702095146606288850e+06
5.958314696231106296e+06
9.942485789283652306e+08
1.063938858851049423e+09
1.161864517848452330e+09
9.302335846316677332e+08
1.021146421113687038e+09
3.251964256668471545e+07
-9.010241794566967292e+04
8.034354536885741167e+06
4.766522762393736839e+09
6.405459336050475121e+09
8.074742003613505363e+09
3.939184895512010574e+09
5.286803887048670769e+09
3.421045484022164822e+09
1.031011031473897171e+10
2.114878843336691141e+09
2.789763977279955864e+09
-1.432285715158039238e+03
-1.396851026830379851e+03
-1.386258397911762586e+03
-1.428902172535046702e+03
-1.405803003603708930e+03
-1.431774278713361127e+03
-1.415888639253884321e+03
-1.429743491302127950e+03
-1.414704668039368698e+03
-1.411100602658872958e+03
-1.396866617387277074e+03
-1.426086539680749411e+03
-1.431631287585420068e+03
-1.385263368454092415e+03
-1.421776266912813298e+03
