-3.689652592776495294e+04
-3.822094440809474327e+04
-3.945178453236010682e+04
8.911020142543226480e+07
6.995965837893363787e+05
6.996145855490362737e+05
6.194182192663903115e+05
6.025675189023670973e+05
6.192890712314640405e+05
3.473660164178231359e+08
3.827811637801271081e+08
3.771374801439908743e+08
4.091363229896503091e+08
5.837291458138479233e+09
2.923655134347761154e+09
6.247261376863512211e+06
6.095566980197726749e+06
5.989521300744653679e+06
5.996632156774998643e+06
5.221145302369406700e+09
4.365914679854430199e+09
1.361495422196493892e+05
1.304734714380488440e+05
1.328584483476771857e+05
1.379898623941936821e+05
1.344809253200028033e+05
1.294657801190292375e+05
1.314198766678053653e+05
1.326278667487083585e+05
1.320027045511817851e+05
1.376775339722619392e+05
9.186512679564779997e+07
1.269333959254720211e+08
7.026930508865753412e+08
2.432274397506189346e+08
-1.395263142250594683e+03
-1.433187906683684560e+03
-1.419255771184369223e+03
-1.395865479629283072e+03
-1.418923500117351068e+03
-1.391061950816714671e+03
-1.429192692199692829e+03
-1.417903792237513699e+03
-1.385052415162441321e+03
-1.382095757168921409e+03
-1.401957040045730537e+03
-1.430837369074462913e+03
-1.383074448751489399e+03
-1.401605796521966113e+03
