-3.800229295332904439e+04
-3.843018604742868774e+04
7.777358988971859799e+04
5.605758295945189457e+04
6.784063645230457764e+11
2.561845336659548339e+06
1.741644010874382779e+07
3.574838217937945854e+06
3.549548377752090339e+06
3.516647081877320539e+06
2.452147374229738198e+05
1.048249622645272017e+09
7.495245547881926410e+06
1.104368176954008043e+08
1.353159729388932884e+08
7.210565220523851924e+06
3.495783495916323736e+06
3.749543602599560283e+06
3.671680094467756338e+06
3.728256425270844717e+06
1.577085962198909558e+07
1.646037036913298257e+07
1.547661818647371419e+07
1.656766300963593833e+07
1.618622172082666866e+07
1.584677508315551840e+07
1.691520200967781246e+07
1.604508026332094520e+07
2.860132043914204121e+09
7.198592666762111187e+08
6.150121033608352661e+09
1.753022955356322479e+10
1.746692688180761108e+11
3.741988838028143311e+11
1.479025809800231457e+07
1.453436214258224331e+07
1.523221270671081915e+07
1.549255665188298933e+07
1.477444531090331078e+07
1.359818664141105302e+07
1.389564180520130135e+07
1.498174185142347962e+07
-1.234384338509204099e+03
-1.227030813707271591e+03
-1.238391328152356436e+03
-1.181503616455738666e+03
-1.236762151974224253e+03
-1.182815449103713036e+03
