-3.478117042900500383e+04
-3.501004894235607208e+04
-3.799649892484235897e+04
-3.843469893701960973e+04
-3.879807866115202341e+04
3.353601562299362849e+06
3.153635450856429990e+06
2.557956463253135327e+06
1.662868482106615782e+09
2.176161352077333331e+08
6.241620355429441929e+08
4.249457469529322982e+08
6.223544022739325762e+08
4.379055223201770186e+08
5.582915273006733656e+08
9.302864619605163574e+09
4.288140268660207093e+07
6.432623946580336571e+09
3.465428300336116226e+05
9.359573958453094959e+07
7.953911899379125237e+07
7.833905233430753648e+07
9.342065654450950027e+07
1.047278317158240825e+08
9.734139877788969874e+07
8.305568234631434083e+07
3.166427047564818859e+09
3.244894388202100396e+08
8.843520168272460938e+09
4.417429683318369293e+10
2.689418435442312241e+10
8.978545300948275757e+10
2.766821913099793243e+10
2.601116189501684570e+10
-1.253441523010842502e+03
-1.208416286071878858e+03
-1.241353548515849980e+03
-1.181465642709401436e+03
-1.216583028020831989e+03
-1.190204524569591740e+03
-1.177125111005938379e+03
-1.203434504126547836e+03
