9.801377557782214355e+10
8.986463979715550232e+10
5.370651279185012579e+08
5.334731303619284630e+08
7.989700374840832083e+05
7.975210391406386625e+05
7.724318660712342244e+05
8.061197300568758510e+06
5.278650272359586321e+06
6.595037824128529988e+06
8.867159562336459756e+06
9.173763524718524170e+11
3.152173278346932983e+11
1.122298327928944491e+05
5.176753874048850499e+06
5.125513964708023705e+06
5.292290038679886609e+06
5.600400066275740974e+05
5.785397281129604671e+05
2.316592817536555976e+07
1.160827632791410724e+05
1.122379130039085867e+05
9.415815696791377559e+04
1.233903435930966516e+05
1.164836269591394375e+05
1.009522690313143248e+05
1.136749639002754993e+05
2.081268117103289843e+09
1.154383866699738503e+10
3.784982154651586056e+09
1.739170454115705109e+10
8.211978863227402687e+09
2.626100521068915367e+09
3.177836071012620449e+09
-1.200113238911435474e+03
-1.252000497872155393e+03
-1.239477345621271525e+03
-1.192992851271817926e+03
-1.207613893073488725e+03
-1.213338934795843670e+03
-1.238090197128389264e+03
-1.244572485950862756e+03
-1.232134823961532675e+03
-1.197424667766463244e+03
-1.215121089313324774e+03
