2.723288242451871484e+13
3.370466339420460449e+12
2.993275391562548447e+10
1.818662889782340080e+07
2.548660092844946384e+08
5.233722523565289564e+06
2.339139824966438580e+06
2.276179217643130571e+06
2.330501002375374082e+06
3.090506743904453754e+09
1.823568369859090234e+13
1.351386723998175586e+13
6.706101463369461708e+06
6.653625815770566463e+06
6.846154104452719912e+06
6.747486393113351427e+06
2.337786499232980714e+05
2.089284724939905282e+05
5.409223023955980316e+06
5.646695372902125120e+06
5.543423710052867420e+06
5.410749935712530278e+06
5.524572325946695171e+06
7.532983929443657398e+05
7.983722472416878445e+05
7.631317295850825030e+05
8.305320689693777822e+05
8.350995353442288470e+05
3.814996686722585000e+06
2.659272820939262863e+06
6.996074242793500423e+06
1.743024215962610673e+06
4.475415310032867188e+12
4.291292910590572283e+06
7.897694853447838686e+05
2.132993498526976327e+05
2.095871293011213420e+05
2.142832088347179233e+05
2.271437715051002742e+05
1.521253515775842825e+06
8.487110064494605176e+05
1.333945490594984265e+06
5.066895744611734152e+07
1.670073072612345219e+07
3.383461290691432357e+07
2.047270325642871438e+06
3.555938870915557444e+07
8.203103534682792611e+06
2.830719537995625287e+06
1.003662548253940186e+06
-9.423487289883487392e+02
-9.332963586680416483e+02
-9.340024927853955887e+02
-9.232128458383958787e+02
-9.082656106164504308e+02
-9.457634344479010906e+02
