-3.775803195523836621e+04
-3.860130069377103791e+04
-3.947793164360457740e+04
2.415046808030104339e+08
1.248488243630634521e+12
1.028754643699584198e+11
1.301198182493822183e+06
1.331418350684256060e+06
1.320221863781604916e+06
1.303845103292823769e+06
6.401912820198643953e+06
6.781258285626536235e+06
1.551186098992975056e+07
1.695021193923082575e+07
1.617777342132571712e+07
2.635856070260345191e+07
1.651998067113206349e+07
1.923133701912719384e+07
7.503284674008829892e+07
1.442850120519660786e+07
1.001229285790479034e+08
2.043940911890468299e+08
1.413141213703741878e+07
2.228797805633730069e+07
2.474185613336241913e+10
4.678914429378391244e+06
6.425279483683961444e+06
7.112441062568916008e+06
6.215676694374742918e+06
4.673255789392322302e+06
4.493442496409615502e+06
4.427752413760321215e+06
8.142649845917182043e+06
3.594526604752552230e+06
3.373620284475320484e+06
1.706075771620693151e+06
3.335098331553792953e+09
2.431503495292942040e+06
2.085791793258747160e+08
3.890589287872245908e+07
2.872201299301930703e+06
1.862508496199775254e+04
-9.163856928250752389e+02
-9.118133691088587511e+02
-9.164240034564572852e+02
-9.573610007119423244e+02
-9.516077980556292459e+02
-9.129126849952444900e+02
-9.811331987059675157e+02
