-3.700570317589686601e+04
-3.811291786586184026e+04
2.358642172990312974e+05
2.246696168416896544e+05
4.227050190237893723e+06
4.920279289977032458e+05
3.971438823890350342e+09
4.020961658504580975e+09
1.025771548647370934e+07
9.685257916558207944e+06
-1.833257241460664955e+04
3.425715573241834342e+07
2.975023447358183190e+07
3.250762179069640487e+07
3.715639895119696110e+07
3.001246888073199242e+07
3.684366587476699799e+07
2.945041044920028746e+07
3.028475875054144859e+07
2.733813372499201074e+07
3.022112169416478649e+07
3.732349317254219204e+07
2.614951943193061650e+07
3.977535637339122593e+07
3.739231186296219379e+07
4.061121890706750751e+07
3.277367005782523006e+07
3.832234234125027061e+07
3.526416792114496231e+07
3.344622104088366032e+07
3.768653188574232906e+07
3.259325768934705481e+07
3.845605947535820305e+07
2.739616493918349743e+09
1.370461614702498019e+08
1.342534703502955090e+05
3.006376945821999512e+11
-5.462994674273226701e+04
-1.131852800257860945e+05
-3.296575831085548270e+04
6.629825057777764893e+10
1.410124353543170262e+06
1.719270233212703466e+08
1.991571194422897577e+09
5.730504711691651344e+08
1.728302856304390728e+08
2.132339097292374849e+09
7.944967033188661337e+08
3.824706595796474218e+08
-9.732244420294882730e+02
-9.553253653798601590e+02
-9.160651723759656306e+02
-1.012906109837029362e+03
-9.061724689416587353e+02
-9.724030328566732351e+02
-9.973338189220230561e+02
-9.275106489127210807e+02
-9.601461863315489609e+02
-9.095144813594233710e+02
-9.505576886821945664e+02
-9.392605793781403918e+02
-9.118209583967982326e+02
-9.258794778691662941e+02
