-3.575257147501573490e+04
4.744934541616249084e+08
4.431920765583175421e+08
5.438638286967672110e+08
4.985678008671712130e+06
2.344323043333325163e+07
7.706263848527948558e+07
-2.097168914394605235e+04
3.766086679986328818e+03
2.917833268104602396e+07
8.163615497689332581e+10
5.500941800971220016e+09
3.478691582797666073e+09
1.667144117605719017e+06
1.653345926695336588e+06
1.043957893724983931e+08
1.170775472027673125e+08
6.543080759264727831e+08
7.015782803973658562e+09
4.835206648987906456e+09
1.485066286585243988e+10
2.692143363281854630e+10
5.981118741635615379e+07
8.513381947219438851e+07
7.235756609836092591e+07
5.988248611239827424e+07
5.951202594845788181e+07
5.602852061037796736e+07
6.601285947391792387e+07
7.008597918141236901e+07
1.140963700029499054e+09
1.515145750448062181e+09
3.953464400057626247e+09
8.874229518259888887e+08
3.776248551632335663e+09
2.427025570513762474e+09
3.432425822901885025e+06
3.401391811486633960e+06
3.590539406234784052e+06
3.702616784289124887e+06
3.208884388569767121e+06
3.392602626767063979e+06
3.354902608682525344e+06
3.460378513584641274e+06
3.296470047328279354e+06
3.122160792580255773e+06
3.500836211181844585e+06
3.251362630374970846e+06
3.537411944700780790e+06
3.077120630941913463e+06
3.532243168201200198e+06
3.266204476692780852e+06
-6.350420608612184878e+02
-6.939597624315938447e+02
-6.910347353335237131e+02
-6.354977385041711386e+02
-6.084289643548545428e+02
-6.854390426017052960e+02
-5.916377664121391717e+02
-5.746065445742569864e+02
