3.294424068084708974e+07
3.050041266256574541e+07
1.092281537199190119e+06
1.621260201534984633e+07
2.658404449109390378e+06
3.351933437001514062e+07
3.747742275658300519e+07
8.519519184516506270e+06
8.449135532171430066e+06
8.264956375998190604e+06
8.543676989310013130e+06
8.714788002888878807e+06
2.172962619988378143e+10
3.488802422075407230e+05
3.518030017226118362e+05
5.464793339166377671e+06
1.044546939888328197e+06
1.134301899095590226e+06
1.115833106718108989e+06
1.136300131581471534e+06
1.096245867768034106e+06
1.063103560964250471e+06
2.132340610069226503e+09
5.020768523950368652e+11
1.114495872670210451e+08
1.025042487265963107e+08
7.697041691217855835e+10
3.527674296323863091e+05
3.848361126109166653e+05
3.767474829666381702e+05
3.466178425698995125e+05
3.395213519127159379e+05
3.801413378261670587e+05
3.544120044807816739e+05
2.964578549941182617e+12
9.912138989105974609e+12
8.245104977489538491e+07
2.626212102292342857e+07
-6.124050392142962664e+02
-6.915492956666857935e+02
-6.422542578452848829e+02
-5.983036328245652840e+02
-6.269767710318847094e+02
