-3.528789390749810264e+04
-3.659880533161125641e+04
1.346701585022538202e+06
1.309135804158579092e+06
1.259697607978848927e+07
1.613643458209114552e+09
-7.549605444355969667e+04
6.421360634224175010e+04
7.170282522587210406e+05
1.099684979857930183e+09
3.545315946592828035e+08
4.989783570752894282e+08
1.646591903665120900e+08
1.425607998229147494e+08
5.928804692269507647e+08
3.601110867053724825e+07
3.383829480698762834e+07
3.944585277978660166e+07
2.192515497026783466e+09
7.602902652820798755e+07
7.053152800424824655e+07
9.385883167175225914e+06
3.747075195181494579e+06
4.394576439810122363e+06
3.076793069340628758e+07
7.512551285077637939e+11
3.480346237555630505e+06
1.288055997467258386e+07
4.248545549692011438e+06
1.590566273881217930e+06
6.840234149711688995e+09
1.239617124613581109e+04
1.115129304651644453e+07
9.279972565640786197e+05
8.230945770902780350e+05
8.561232403247447684e+06
-5.673384378063601616e+04
3.374401403168328572e+06
4.156304100421112031e+06
4.048423105304776225e+06
1.448585181149188802e+07
1.364645167627473176e+07
4.527653256195834838e+06
2.922819882024901919e+06
1.016765707291777730e+08
9.261689077332805097e+07
9.570592426749791205e+07
1.580278679644722342e+08
1.483131028930703998e+08
1.418251467053387165e+08
9.767381848258699477e+07
-1.873968950895941816e+02
-2.038097330014861654e+02
-2.650955412883777171e+02
-1.293289158756961115e+02
-1.931127542904578149e+02
-1.101844875059614424e+02
-2.453650011281715706e+02
-1.277724056018923875e+02
-1.179010694918688387e+02
