-3.468804581775063707e+04
-3.506504313999768056e+04
-3.542422191045295040e+04
-3.633104529678287508e+04
5.488298461969347298e+07
6.579431204326912016e+07
-3.995767386012554198e+04
2.468882309021927882e+06
7.273386638367555664e+12
4.209067539487116155e+05
4.359452354897389887e+05
2.222059331381070660e+05
2.485094032408797357e+05
2.132917712108903797e+05
2.408966166961053095e+05
8.065611780724870041e+05
7.244073573080204427e+06
8.060377326618516818e+05
2.592459717528610229e+08
6.368575092373921871e+08
2.107167557561937571e+09
3.016510244464314938e+09
1.267449098253385305e+09
2.100274348674269915e+09
6.346505380524340868e+08
1.191144711938090157e+06
1.933059950438154489e+07
6.420388238400243223e+06
1.992243480083968490e+07
1.593086332039035391e+06
1.110031899788339615e+09
5.909154798921794891e+10
2.932358994225833893e+10
1.466377148433237076e+08
2.158399895036367774e+08
2.903012671862554550e+08
5.825443689239126205e+09
1.072837211647335327e+12
1.098362383765892982e+10
3.485442780921015930e+10
1.011006473409991646e+10
4.550520495460418701e+11
2.930530185849905777e+10
2.123306910190422974e+11
1.104467558145157242e+10
2.776008192722802050e+02
2.780032690610969439e+02
3.037462391385051887e+02
3.447918898753414396e+02
3.959950780887447763e+02
4.047248354196781293e+02
3.423002147185616195e+02
2.803838656331936363e+02
