-3.389419695682303427e+04
-3.470575937165948562e+04
-3.528680628475555568e+04
4.915963618185340427e+06
5.399752269122577272e+06
5.207272697994265705e+06
5.430855451528651640e+06
1.043826144479824603e+07
8.044252922596842982e+06
2.348972938398769125e+07
2.500332880493958294e+07
3.795654366623816168e+04
2.759609620690550219e+04
2.147510759301096550e+04
7.355925307085107488e+04
1.001370755510007963e+07
1.082562288559340313e+07
9.488875193131251261e+06
9.369695827503342181e+06
9.463267350012501702e+06
4.027505211919450667e+06
3.694896417257350404e+06
3.941440142587696202e+06
3.999096585964811966e+06
4.294807308003011160e+06
3.896985677340008784e+06
3.980729039997695014e+06
3.818078499147114810e+06
4.322424950192309916e+06
4.095640398679596838e+06
8.973536950763735920e+06
4.464894885384990275e+07
5.892045605539049953e+07
5.004400932379385456e+06
8.462002013106761500e+06
1.542030312571872491e+06
1.694252655525453622e+06
1.655740002423968166e+06
1.546004112637516344e+06
1.514552405292469310e+06
1.525624842806739267e+06
1.579206625012446428e+06
1.592381838616692461e+06
3.591110729596402962e+02
4.603171391670766752e+02
3.730955037461535539e+02
4.112073368850105908e+02
4.088934307803574484e+02
3.252888579269347247e+02
