-3.249679727326997818e+04
-3.309521674613814685e+04
-3.332914242936993833e+04
-3.456287386753039027e+04
-3.531710602165423188e+04
-3.605274321177243837e+04
-3.684733197111177287e+04
5.778948546433976851e+06
5.686934088932514191e+08
2.732881016572830566e+12
3.191814733172138214e+09
4.475304509173811413e+06
5.525273621301307576e+05
5.488890391226315405e+05
1.162389338518347219e+07
3.485246994569236636e+08
4.207747379901211262e+08
1.317067318375216331e+06
1.315721773349704919e+06
1.315356439234657213e+06
1.328147488223969704e+06
1.352027636059395736e+06
1.317103568436530419e+06
8.597526202110767365e+06
8.162283379613006487e+06
9.018650735203657299e+06
3.107379154037741479e+06
3.650937126898948103e+06
4.729094443770273589e+06
2.869240766454600729e+06
2.758891680206156801e+06
3.105428148696791846e+06
6.148812187744294852e+07
1.035851641003205180e+08
7.421476538707794249e+07
5.501008299179799855e+07
1.424937895606047869e+09
2.420670577525257692e+07
1.198682700163600540e+10
1.639861462635888062e+11
7.864706238892357214e+04
1.115808587385980785e+07
5.569459229225299321e+06
8.337372957359825075e+07
1.035332637580780625e+09
8.180346862363483012e+07
1.757288445323310792e+07
9.569696975976150036e+08
1.143665104392999268e+11
1.786869532211392593e+10
2.819363576472483158e+09
3.899367918203544337e+06
8.434487964660232887e+06
1.468229811710222252e+07
1.489529803845223971e+07
2.295930826117402017e+08
1.322109501150476863e+05
7.648886415766246617e+06
1.130671794666599274e+09
6.220388890825133026e+07
2.348615730017192841e+09
3.947549017835408449e+02
3.423503862858342472e+02
4.752304484602645971e+02
3.376357616408786271e+02
3.806268175422737841e+02
