-3.153475502943053289e+04
-3.194294068257564504e+04
-3.564592053437590948e+04
8.067125188775025308e+06
6.537316225632377900e+06
1.831408848122692108e+07
1.945822564314563945e+07
1.557392712153980881e+07
1.770221741874033958e+07
4.521744157346584320e+09
2.605856838575405598e+09
4.568182826169691086e+09
2.464391627097478390e+09
2.474839774706197786e+05
2.637644043863302795e+05
4.891730167924372479e+06
5.016374994124515913e+06
2.256537574563999951e+05
3.208594175491966307e+05
3.909145175995840691e+05
2.592499339646961307e+05
7.754486458891698718e+07
2.937779695972484187e+05
3.765079131927682552e+06
-1.773612919221415068e+05
2.561878445682892948e+07
-1.820673954104209552e+05
1.099008361312424392e+07
2.217191063917824998e+06
2.825267982076981201e+11
3.968416888285796344e+07
2.343467457162011042e+07
6.782948767284429073e+08
6.275468996815085411e+08
3.567709141342271566e+08
5.789078977540199757e+08
1.096161823452159297e+03
1.113771217478555627e+03
1.133436655723315198e+03
1.274248793991049752e+03
1.179834069514385192e+03
1.107532865052169655e+03
1.244498021184583195e+03
9.958528167339682113e+02
