6.220422792753426731e+07
2.336038923192459047e+08
1.738722547936353683e+08
4.201355748302160501e+08
1.968719029552680552e+08
1.605206740704335831e+07
1.838104518305023926e+12
1.622982884774371609e+07
1.492152714305098772e+09
1.009763162823328748e+06
4.731858147578681260e+07
4.096753786317945458e+06
4.873290292331602424e+06
5.406274920291384682e+06
5.409048761383078061e+06
4.043098405007756781e+06
4.749765990423115902e+06
4.700729946473208256e+06
6.268312888390365988e+06
8.096849744304126129e+06
5.162185433135986328e+06
6.789554919127365574e+06
4.901912400473831221e+06
1.307849801723729586e+06
1.262086354147801641e+06
1.130954656998478808e+06
1.473354708673554473e+07
1.673985379965707287e+07
9.618590813923199475e+07
3.118222883275141567e+07
8.968755562582814693e+07
4.197152793156420588e+08
1.623793778662247956e+08
1.283190849086589878e+03
1.150606554710946511e+03
1.011075885068159550e+03
1.162796655846846988e+03
1.180527300735469908e+03
1.256501268401596462e+03
1.067428033778851386e+03
1.135349685195775237e+03
1.281234426006587455e+03
