-3.211331510009365593e+04
-3.251066019619048893e+04
6.211214814790153503e+07
4.389983028990580142e+07
2.023991656233672202e+08
1.125465142647723202e+06
1.011515659016250051e+06
-5.969347194845562626e+04
1.054302784019456943e+06
7.574663915242271423e+08
2.737613061998205662e+09
7.485266722521349192e+08
3.730703695562580973e+07
2.633596798301229998e+07
2.773978585306175053e+07
3.077057978235993907e+07
1.258625293364186734e+08
8.992546559564866126e+07
1.850092157250629067e+08
1.501922571315973699e+08
1.262329056837665737e+08
3.125217599745513201e+08
8.343476068159632850e+05
4.371964674267361450e+10
4.400497727902678400e+07
4.039585621057009697e+07
2.988088146950023621e+07
4.270528329105491191e+07
4.035769525359234214e+07
1.282492112518088073e+08
7.261481459861400127e+08
2.853763824884065986e+07
2.302664830827711616e+06
4.970510945803422928e+08
4.467430493492879868e+09
6.717435845159904785e+11
1.049238458213852346e+07
1.182677178978512995e+06
2.328116193823202848e+08
3.214474771653378963e+09
1.928338793327478925e+03
1.939264337272208650e+03
1.924924233096273383e+03
2.295762645938462811e+03
1.964175882963405456e+03
2.250046248796192231e+03
2.284467217184108449e+03
2.215456877448246814e+03
2.252254064027918503e+03
1.997442191650072346e+03
2.306339933462877525e+03
