-3.135094216893763223e+04
1.519434388904168367e+09
2.217344432607569218e+09
1.883948370172655821e+09
2.137192332147769451e+09
2.724076603038286209e+09
1.457884300878657959e+07
8.347618949663136292e+10
2.798740680614680648e+08
4.953410644703456759e+08
1.219291631027487946e+10
1.034673163747131452e+07
-6.999130838171239884e+04
2.701459122993551940e+07
3.925242504438529164e+07
6.459696137731948853e+09
5.322161334767106175e+08
-1.543533952483841495e+04
-9.889083081229739764e+04
5.851164310347736318e+04
-1.091972499282024219e+05
-2.093572915864227980e+03
-1.412213751315821428e+05
5.751169816281315434e+04
2.952212727854573168e+05
4.619741371789236553e+06
5.277366285755563527e+06
5.563370839931544848e+06
5.549237642240282148e+06
1.603073285197839607e+06
1.780224556586840423e+06
1.802228327969006496e+06
1.578380271218674257e+06
2.641036228010061663e+06
3.300712781290309969e+06
4.173667217527188826e+06
3.946565332113693003e+06
6.687574089441539720e+06
1.927001808987256605e+06
1.296402525466762949e+06
1.158030871185822412e+06
1.263011530684932135e+06
1.205981031858050032e+06
1.394019712588558905e+06
1.188856584339848952e+06
1.337519427049349062e+06
1.158632255068533355e+06
1.355022578190885717e+06
3.269242782877961872e+03
3.241395000238873763e+03
3.678240959952003323e+03
3.539703186737635406e+03
3.537623738171154400e+03
3.199543423573952168e+03
3.405864977656747214e+03
3.488425268617807887e+03
3.503924478820292279e+03
