1.268034759966491722e+06
1.250599615206155227e+06
7.223391614916044287e+06
1.340135895587027189e+05
8.846732338019360602e+07
5.138322201863685623e+06
9.460462960485272110e+06
3.943550508238532115e+06
3.974035223448975012e+06
1.428874219541638391e+06
5.556815411482900381e+05
1.186880741218741518e+06
2.706618862266973010e+05
2.553924648252770312e+13
-8.924939888372529822e+03
2.487346007051153574e+06
2.772963403667350300e+06
3.126953495021176990e+06
2.862720053465790581e+06
2.484961678192759864e+06
1.504278398800188005e+08
4.365689489289849997e+08
4.940066668739448488e+07
5.463629466686074436e+07
7.972617642146392167e+07
1.153676131414754242e+08
2.713068888025459051e+08
5.907639481953772461e+12
6.402261673150531203e+07
6.432994468281782232e+06
4.753254889231707901e+06
4.319607827265935019e+06
3.969624610501588322e+06
6.810803015350243077e+06
3.940507048344848212e+06
6.314546345697115175e+06
2.899569471749216318e+07
6.715203004967705905e+07
5.166762734273008257e+07
1.092105181865903378e+09
7.173745812330937386e+07
1.191754998959451215e+06
2.941668698237412930e+09
7.793130332628221512e+08
2.848400254557586461e+07
3.385539700699499249e+07
3.317568716940266313e+03
3.306183645043696743e+03
3.377265669864340452e+03
3.203670864020416047e+03
3.423042341622756794e+03
