-2.801104066958463955e+04
8.382249116632530212e+10
4.881082080869542969e+12
1.479420777790881228e+06
8.108902237167917490e+08
4.522747094999143854e+06
4.060147513612512499e+06
9.247159352757387096e+05
1.277512948001034529e+05
6.045057430906591937e+06
3.400820883145232219e+06
3.861588541955667496e+09
4.097850171781315003e+06
1.984115819114595186e+06
1.956358711949508637e+06
1.985656132304081228e+06
1.771331836313694250e+06
1.701887978687572759e+06
2.277131669597242028e+06
2.287066227921009436e+07
3.502305681876729131e+08
1.331045625780726410e+07
3.086906537402305752e+07
1.631942806588756619e+06
9.246939079177200794e+06
7.756779495786657557e+06
6.621224613512701355e+06
9.270770196164518595e+06
1.071965868097977154e+07
9.694113376540827751e+07
1.081097323618762344e+08
2.812078641164737567e+07
3.311053886911261678e+08
6.158874993095665425e+07
1.032857916392588997e+10
2.269492505320715252e+06
1.775384492694561603e+06
1.873134172364525497e+06
1.892440611581811216e+06
2.166444568413802423e+06
1.918323882566171931e+06
1.776602092103644041e+06
2.685353461348960114e+10
1.542924127003849792e+10
1.004508903595132446e+12
4.383951939283132800e+16
3.269752701397723285e+03
3.415556326223857468e+03
3.432484781014994951e+03
3.327756166700331960e+03
3.652705653273151256e+03
3.510652606390940491e+03
3.560922757090040250e+03
3.164673328288336052e+03
3.480650515927089145e+03
3.509014694571960717e+03
3.191820372632122599e+03
3.423210592846764484e+03
3.679833033995237201e+03
