-3.184347214196126879e+04
-3.208612223143741721e+04
5.740169796977550536e+07
4.694744944673274457e+07
4.609940675502750278e+07
-9.661367754600426997e+04
2.392047585234708618e+06
3.893211426490502059e+07
2.975476612471106928e+06
9.451637005972914631e+04
3.580885955876180669e+05
3.570869562822835869e+05
-1.394574439480748697e+04
2.592558914061641693e+07
2.517195728373411179e+09
-1.275225377443428733e+05
4.827595152273501735e+05
1.562391304625174403e+08
2.132030938868190721e+07
4.492031888542233407e+07
4.923540811793921888e+07
1.979249861957923695e+07
3.256666528809694946e+07
2.283097130971641093e+07
5.007008655242424458e+07
2.306863791942210123e+07
3.196219227268873155e+07
2.049598921132770926e+07
6.599944515297695249e+07
6.801112352188657969e+05
6.551929983396379976e+05
7.345690816986639984e+05
7.124619319766171975e+05
7.095935607130549615e+05
6.743469164009789238e+05
2.182625791554995812e+06
3.938731482213611901e+07
3.496873644668315053e+08
3.851493560745493323e+07
9.795495793412443995e+07
5.154113255924399709e+03
2.907442397428167169e+05
2.481037068097669184e+08
1.034029697160576284e+07
5.394144510349415243e+06
3.327663785420358181e+03
3.498171600328088971e+03
3.464811254057247424e+03
3.276439333727903431e+03
3.178999550474225543e+03
3.209464314726530574e+03
3.240553523182752542e+03
