-3.130790127267441130e+04
-3.191911638656362629e+04
-3.336829370121954707e+04
-3.326828717008404055e+04
-3.419273604769977828e+04
-3.481889089355843316e+04
8.721365168318074429e+05
8.723989402599037858e+05
7.216681900987973809e+07
1.584233508888710439e+08
1.959784129357224796e+06
2.050399429181662621e+06
1.941604328352833167e+06
4.137949254593588412e+06
6.882842809559243731e+06
4.563922335043341853e+06
2.816369653377335984e+06
8.451694650453457832e+09
2.762356991350304335e+06
2.634161511981601417e+08
1.712388361949966475e+07
1.092211110534264334e+07
1.940355189353684708e+07
1.492933604023000039e+07
2.157637087031793222e+07
1.090622086173577793e+07
1.307523803960832022e+07
1.521265380294770375e+07
1.085268149975385703e+07
1.050723173280114681e+07
1.724520897507982329e+07
1.226151916422528960e+07
1.575611922516139038e+07
1.633227604687643237e+07
9.966437434193620458e+06
1.622335876987239160e+07
1.066996869959412143e+07
5.615774230937955528e+07
4.783832423829360306e+07
2.244241069825182483e+07
7.301754263229644299e+07
1.298488552809172869e+07
3.246387110671084374e+07
3.416277477289433591e+03
3.146383760410535615e+03
3.443889535630587488e+03
3.375989322989422362e+03
3.151440289425605442e+03
3.155819320712616900e+03
3.506897576912539080e+03
3.217509494423371507e+03
3.320882992992002983e+03
3.655256810864026193e+03
3.382579866216023220e+03
