1.232890321710726945e+06
1.634701214407851454e+06
1.003841642652730271e+07
5.351355300737582207e+09
8.783300713550092652e+06
1.187242075441716798e+07
6.008398380973622203e+06
9.191913893306449056e+06
8.691406312251880765e+06
9.014222130566125736e+06
5.200091704579286277e+06
4.280569168487899017e+10
8.390341906455009460e+10
1.030033086974934570e+12
1.395951657344402559e+07
3.236954344036425930e+06
8.840809569674672559e+06
1.047837991217737831e+07
5.439560201305512339e+06
1.055832559446751885e+07
5.837626616533522494e+06
2.262903524301196449e+06
1.010068777252180129e+07
5.690869276218553074e+06
8.085445136684318073e+06
1.520109752624701895e+07
1.501636465225140095e+09
6.395759329845422506e+08
5.677479501254682541e+08
4.243334605963932276e+08
8.003542928271170616e+09
8.941449058152314425e+08
2.290010047804018497e+09
5.382726975626873016e+09
3.327866655172963813e+07
1.430185974474172294e+08
7.342818945563460002e+05
-1.384764885662168963e+05
-3.901992879700649646e+05
5.117125174312532181e+03
4.765348755576123949e+03
4.896757438081025612e+03
5.286979285752691794e+03
5.219664739137369907e+03
5.318583023544837488e+03
5.018816362996003591e+03
