-2.596554909961041267e+04
-2.674494644720785072e+04
-2.770096946708637552e+04
-2.824438512653805810e+04
-2.910592179489265254e+04
-3.043598323390213045e+04
1.166400799132118523e+08
6.800873679591162109e+10
1.383869846457385719e+08
1.423419193315757439e+07
1.399702838311889768e+08
4.565235078296510503e+06
9.472258400631244294e+05
5.152789982665415853e+06
1.558880608886665897e+06
1.557863205048526870e+06
1.233800690284615848e+06
6.984228071408749092e+05
6.655231948115754640e+05
6.576535558228838490e+05
6.101891996322500054e+05
4.770986515499306843e+06
1.522645350164878182e+06
3.172135959203797858e+06
3.683969056916736532e+06
3.810317933937021997e+06
5.382083171653854661e+06
9.621687494988389313e+06
1.580549652058606036e+07
1.806223805223486852e+06
4.459054461596709676e+06
1.500578518809259171e+06
1.159758613303913772e+08
1.224040896890817583e+07
9.764514653531234264e+08
1.502739742981559597e+06
1.083642940025798045e+07
1.691347398035877384e+06
5.932090407280903310e+06
1.760077213029023726e+06
1.523979200629232684e+06
6.876457536523404997e+03
7.530941728699312080e+03
7.189663442688935902e+03
7.667461563940916676e+03
7.559575804824504303e+03
7.382676732421794441e+03
6.881665862701163860e+03
7.192957258866197662e+03
