-2.621255584188544162e+04
-2.598938685969819926e+04
-2.728615683771639306e+04
-2.743493692207799904e+04
3.135906838184902072e+08
5.230835941480164528e+09
1.787332406911898375e+09
9.035281050301282667e+05
9.880310016015210422e+05
9.151426785046687583e+05
3.746201383953159209e+06
2.364754298950514317e+09
1.157778379011182070e+09
2.425925201875335071e+06
4.268615371951835603e+07
4.651191530285124183e+08
8.997971098303240538e+07
2.329624603658123910e+08
5.808361518780969727e+12
1.265114352421514923e+06
2.489321865681957919e+06
1.557292056620199932e+06
3.140353806405981541e+09
1.898043365876651287e+09
2.107024560130612946e+10
-8.695270640731108142e+04
5.878356546285995483e+09
5.739335257532475144e+07
1.044345353935930133e+07
1.735777270963191509e+09
2.922453636551698685e+10
4.826537518898828888e+10
2.493514288289426565e+08
5.238359825472635269e+09
1.008238519794451259e+07
1.465419825196473837e+09
1.782420139836573486e+11
2.031759966592772007e+08
3.366979939892183244e+07
2.864596846911734715e+07
1.649577611213662429e+06
3.078258492784429342e+06
2.265888220865389798e+06
2.316744869772126898e+06
1.936709235980692785e+06
2.709387269679443445e+06
3.112646421735598240e+06
1.731028536460216390e+06
2.617468953066150192e+06
1.080703031744330656e+04
1.033307544574647909e+04
9.719789358149224427e+03
9.689058154664671747e+03
1.004210297719307709e+04
9.906519914904580219e+03
1.052546650773187866e+04
9.814427992133947555e+03
