-2.558834180179090617e+04
-2.508992652301696944e+04
3.513686721272652149e+09
5.394461091600867310e+11
3.612112780200960580e+06
2.466383295041199308e+06
2.133006657041518774e+05
1.581395940085285306e+08
2.543456112423364446e+07
2.843660847599472851e+07
2.452617661934871094e+13
1.545579592839113204e+06
5.368539847499004517e+11
1.005532080192005145e+06
2.708763116725108624e+09
5.185017490243246406e+07
2.820130580751609802e+08
7.161997960094577074e+07
5.528190773949718475e+07
2.167393910688658804e+07
3.098063892420966029e+08
1.336185891595081568e+09
2.250467448937697802e+06
1.335051339102829620e+07
7.214480384645429254e+07
2.540496113526213169e+09
2.362604277856356930e+06
1.450203366763926446e+08
1.745561428766667969e+13
3.149727448699605465e+08
2.991579018683183789e+08
7.621495941316552926e+05
7.482336260117214406e+05
1.043184244192149956e+06
9.066313810078285169e+05
7.064730969556445489e+05
8.462687037490864750e+05
8.140188586892910535e+05
1.139968606343681226e+06
-1.680820232468854520e+05
-1.470362988449596160e+05
-4.417411618147051195e+04
-1.400860748072754359e+05
2.885993166306456260e+04
-9.868846275946844253e+04
1.051170624986840994e+04
1.015646054596384056e+04
1.025276390483201249e+04
9.882393098684085999e+03
1.023960189285167144e+04
9.626263090562133584e+03
9.829879884037305601e+03
1.029313175007206155e+04
1.044939256991609000e+04
1.029687946084531723e+04
1.052360897069919156e+04
1.009595855002256576e+04
1.027740651181081193e+04
