-2.160220788520506903e+04
-2.283029424439947252e+04
4.521657562918442726e+09
2.182563438600300598e+10
1.185677182071434072e+04
1.101532646923043358e+05
3.177314508345823269e+06
3.101401403293455951e+06
1.005391580875558406e+07
4.609435107112735352e+12
1.165769104483939819e+11
5.196355166350022773e+05
2.473149974988642693e+09
7.345853096548569679e+09
1.485926789741016692e+06
8.041189294686099887e+07
1.666476459828152734e+13
2.579834285365686523e+12
7.503942923712461255e+06
2.620698610535662770e+08
9.251897890355848074e+08
6.776007276604298968e+05
7.676909357207877329e+05
1.569811360473495908e+06
6.680350078124221181e+05
8.590731726749666268e+05
1.748925061296924483e+06
3.293764057609912008e+06
1.489883513029376411e+10
1.232734830300991211e+13
5.462976899355368614e+08
2.548902698045677505e+06
3.554901138758525848e+08
1.129752063774491996e+08
1.949442804092635633e+06
-1.419401803386390675e+06
-2.491148120935640763e+05
2.242551784183222800e+06
7.061409576499210596e+08
9.961554536150891334e+06
4.546267207772840746e+06
1.148747689091010094e+08
1.445265815060774912e+04
1.400232454086004873e+04
1.365275243298170972e+04
1.376464157113290275e+04
1.405819771237406530e+04
1.333072278592496878e+04
1.379997460584086366e+04
1.439398466419629403e+04
