-1.734959746917239681e+04
-2.205389096660128052e+04
-2.343045983634297954e+04
-2.393406535176870239e+04
8.319835693497931957e+08
5.210619312767158262e+06
2.878412642787327990e+06
5.320163920470137149e+06
9.153236955484179780e+06
5.564863456603366882e+07
4.192078918952731323e+10
1.481484058323346500e+15
6.053785404988376796e+07
6.693101932465333492e+06
3.708141936260153353e+07
7.912280089585031383e+06
5.795674554007235914e+06
1.041247371201368928e+09
4.576684517500438094e+08
2.711376865974179506e+08
2.884043315736569930e+06
3.774998468268691562e+06
1.323900483951768372e+06
1.708110668457820779e+06
1.382610109122344991e+06
1.668530023509688675e+06
1.452056800894244341e+06
1.076112513494051844e+08
2.115827470742805453e+05
9.191648480959311128e+07
3.274537808353983564e+04
-6.591483347459993092e+04
-3.554013334362034220e+04
1.356033147645628154e+08
4.144661024586292969e+13
3.366721678317035522e+11
1.596401432671675000e+14
1.096051622600512981e+09
3.879568199534948730e+11
2.558539655772028446e+09
1.448011012884535012e+04
1.473514580278948415e+04
1.399266483711873298e+04
1.351583099275591667e+04
1.341050668947020313e+04
1.374331933213074808e+04
1.329658759392559296e+04
1.479007357010219130e+04
1.466049699346645502e+04
1.372005256293984712e+04
1.333826192925107898e+04
1.373515369009706774e+04
1.359096037020746735e+04
