-2.056583843244137097e+04
5.824356192014981689e+11
5.466093221336511612e+09
5.496073544768337250e+09
6.299169241813857108e+07
1.128908396682464890e+07
8.278688564985007048e+06
3.009393914846487809e+06
4.287472134171335958e+06
2.481776764830483124e+06
5.680786469561966136e+06
4.052472806852880865e+06
-3.288012056727303570e+04
2.328417334049555357e+05
2.387692766563360989e+08
9.641405364669949631e+04
2.357013241908906639e+04
2.240194985405463725e+06
2.620994954922090692e+05
6.835938505730450852e+05
6.129309586349989176e+08
3.301180446272606030e+06
1.375029834294168091e+11
3.870130974660225000e+13
5.060820982868818970e+11
6.358729819264892578e+12
-3.642979039087951242e+04
9.923015064334878698e+05
7.274614160126857460e+07
-1.345030007811682299e+05
4.242032132037119389e+09
-5.687234326314151986e+04
-6.849825028040460893e+04
1.354177534277798259e+04
1.450269995230381028e+04
1.431119195856605074e+04
1.395821336109994445e+04
1.395974582285102224e+04
1.400480405687598977e+04
1.393159110461236560e+04
1.408831114715020522e+04
1.465501815992649063e+04
1.324854276535636745e+04
1.397805387369098025e+04
1.392094005032686982e+04
