-1.823974070009814750e+04
-2.098573970099302096e+04
5.503646514858101495e+06
7.121570887304879725e+07
2.149905431384357810e+08
4.317087611941019446e+07
7.277364040295496583e+07
9.546879572356747463e+06
9.333012788456523558e+05
1.908868672620194266e+05
1.306568494706670642e+08
7.195327664476355910e+07
1.757832847087287810e+06
3.470839564021599013e+06
4.315092870296300948e+07
5.856836133284941316e+06
3.240116568123087287e+07
1.263411841787939146e+07
2.370269971365598142e+08
3.861909767567135277e+05
5.528948615867871558e+05
3.364321853607741068e+05
2.098449017538434360e+06
6.240021018116931664e+05
6.359781801253146259e+05
6.720506702521461993e+05
2.045293690896241069e+08
3.153246403061769009e+08
6.752242208248957825e+10
2.818767181245135516e+07
3.169487456663227454e+07
3.194745019461425766e+07
1.369744606047857320e+06
8.148186219780108333e+07
6.674618605194135666e+09
2.379588636468456745e+09
1.926229677440537214e+08
4.613803608408839209e+05
2.217794573762957472e+06
3.941792982155173492e+10
1.446775254057691200e+04
1.347694017728217295e+04
1.415139961875768495e+04
1.338140067008018377e+04
1.367236536443026853e+04
1.348392235049745068e+04
1.377484487627365161e+04
1.387445031427766662e+04
1.442235487873040256e+04
1.358204557065188419e+04
1.456937642217791290e+04
1.323114495916379383e+04
1.473366473831617623e+04
