-2.128082844347077480e+04
-2.045023156370637298e+04
-2.328163963091202459e+04
-2.339049864298522152e+04
1.708444193701473996e+07
9.604667525926826522e+06
4.592827842930110171e+06
8.718564563824199140e+06
-7.931806206555997778e+04
1.062347103650351715e+10
1.947838782510318852e+05
3.554410242972958088e+08
4.050299400475975275e+08
1.157912664210776566e+05
3.694200576274834573e+06
2.864435052579384277e+12
2.703455782936507324e+12
2.741793239626983643e+10
1.002487851972710714e+07
4.093274670624206066e+08
5.022563130319918506e+06
9.081909485937176505e+05
9.557335747248341795e+05
2.137233289130394813e+06
2.303934715408863965e+06
3.769718364305629861e+06
2.780491394895211793e+06
2.640018376191133633e+06
2.065898066151057836e+06
9.263247377324553672e+05
2.108903476899394765e+06
8.092542872066725977e+05
1.801398792061102344e+06
9.336177251795305638e+05
2.186221545866529457e+06
1.638969734667746350e+06
2.839516221935950756e+09
4.743156787962149829e+06
1.401156726252682507e+06
5.728033348996972665e+06
7.553202064961362630e+06
2.428682038039401639e+06
6.481368243185694329e+06
2.429811523606637493e+07
2.077574240166163770e+06
4.536795402716758661e+06
1.562206783556348877e+06
1.055531378615417285e+06
1.339422478907299228e+04
1.320015641379242879e+04
1.474994807144050719e+04
1.410038529252095032e+04
1.337957823171972996e+04
1.382455961053891224e+04
1.373214737026000512e+04
1.396612116424561827e+04
1.426815570677156211e+04
1.403045459265119280e+04
1.368751877175358823e+04
1.378457294984353939e+04
