-5.434533119177039771e+04
-6.700234960644616513e+04
7.585392417687883601e+06
6.333067447453013062e+07
9.266466589800551534e+06
1.731435313323615119e+06
8.888487930873395875e+06
1.803089021542828438e+14
5.333247126042898744e+05
2.923394076108647585e+08
6.377046961680235863e+08
2.171120729457633861e+05
2.681273770236886572e+06
2.600659175092600752e+06
5.102703305046920665e+06
1.515043291742282454e+06
1.269605777628759667e+07
2.763609319494120777e+06
7.850769806187002361e+07
3.163199995905546006e+06
2.934738713296802249e+06
1.352129178705793762e+10
4.115723584639540863e+10
2.598466639457163086e+11
9.383034484130414785e+04
1.251852151612506211e+08
2.031818697956792068e+10
2.431105788743402064e+08
2.574269562025824070e+09
3.295641003655896988e+06
2.218701594233282376e+06
8.810970377433347702e+09
3.809257602990482178e+11
1.702744629443793092e+06
4.631328418193100691e+08
1.074189842497817505e+12
2.257379157239828500e+15
5.231425497970845550e+07
8.446087199331976318e+10
3.504939672782063484e+09
1.707586065786307335e+10
5.752424311649639893e+10
7.302766412984897383e+06
3.515359057757884148e+04
3.293055054673951236e+04
3.503186297070016735e+04
