-2.296898295196588151e+02
4.232718550325240940e+06
4.088024088644980453e+06
2.241184244428269193e+07
2.908568972147204913e+06
2.555085166731702536e+07
1.204708379980112553e+09
9.821595652594430372e+06
2.118673918348859024e+10
1.211485987131602173e+11
2.257042018690612458e+05
3.363376284621679038e+07
1.321444424465646036e+06
1.255948938933409691e+09
1.506105170407086909e+08
4.265449404570122133e+05
6.370929504925049841e+07
1.684019453372945309e+09
1.223264976931691617e+08
2.801699662572157104e+06
1.185724622725893557e+07
3.762935489741961472e+06
2.414526546715929639e+06
3.613023465526657179e+06
8.763393392354892578e+11
5.306352147430320038e+05
1.524967070159327388e+08
9.131201419900528854e+05
1.566076897652421379e+06
1.209749505604735576e+06
1.472622470535033382e+06
2.396797778869785645e+12
2.060575745458614528e+08
1.028651170737823995e+05
3.324280298791293171e+04
3.429422791223935201e+04
3.339911512731655966e+04
3.522563644588558236e+04
3.225299444685818162e+04
3.256083669999206904e+04
3.422160995360265952e+04
3.355979995209749904e+04
3.256210017510340549e+04
