1.210424061906946008e+03
-1.248570672223671863e+03
1.047101265441742726e+02
-6.838402351196928066e+02
-4.007188720333433594e+03
2.389486591749556065e+09
3.868805482492475586e+11
5.819017940604822943e+05
2.159821705953633785e+07
3.336840663403365612e+09
2.792186285595466919e+11
8.824292747463911772e+06
1.440236505395499989e+07
3.274128475447505713e+06
4.056651057114358526e+06
1.835578526755063608e+07
1.529851427490747213e+09
1.082745944032355398e+08
2.210512000788159072e+08
1.286862629997437447e+07
5.364235476511433721e+06
3.251658296788196411e+11
1.296239975017292480e+11
2.466740732774218079e+06
2.385806905802245331e+10
9.884843987980215625e+13
6.438291798965564728e+09
6.328451356493169442e+05
1.766533729091807036e+05
5.083890139704936882e+05
4.063746427738494240e+05
3.690110725946127204e+05
2.057283869908084162e+05
-3.017635614921121742e+05
3.726443836273681372e+05
5.923320807149600983e+08
2.216383026013525963e+09
3.262421128659049282e+04
3.541454467289775494e+04
3.264485040216695052e+04
3.271666873442419455e+04
3.354379312973923516e+04
3.292261894101364305e+04
3.323431989470851840e+04
3.358283295883782557e+04
3.369520401581967599e+04
