1.149837586500254838e+04
1.256423795300941856e+04
1.097529448791347750e+04
3.280332180683932267e+06
1.897630379551806953e+06
1.893354677481082082e+08
3.316130004283766903e+04
4.282035803001367021e+05
3.762237406703400016e+08
2.635254907537952662e+08
2.359142731642978027e+12
1.194253725818544149e+09
3.926649280354154296e+06
1.791576878330148438e+12
1.176911339169993134e+11
3.593431116656305734e+06
1.203068070792452060e+07
6.506687584717317484e+06
1.487352260995123535e+07
5.768647028661359102e+07
4.906356274396489607e+05
1.969616721151040316e+09
3.588279426067058463e+06
-8.165912514917962835e+04
2.431103550539529800e+09
8.931134288027545437e+06
1.184048301265033515e+05
-2.132143348977198766e+05
4.014566384813645273e+05
1.532344443318174481e+08
4.148683243989536762e+09
1.281593095080016064e+04
3.952820738139233589e+08
-1.760538708039930207e+05
1.850927746123497933e+07
4.585413449227143428e+04
4.674223941210939665e+04
4.456991029553569388e+04
4.499339624359324807e+04
4.699181583027375746e+04
4.309740318520346773e+04
