2.404208943614595773e+04
2.715272040558885055e+04
2.602273045221527354e+04
2.305080316936106829e+04
2.454506693294101206e+04
2.646282645354145279e+04
3.602155056885623373e+06
1.759736848715169588e+06
2.664257438173625793e+11
4.294192757572778501e+05
2.154327701451312751e+07
1.596808051561101573e+06
3.372375231901348382e+07
1.965528789591066015e+05
5.087366659854733152e+05
2.596188785680129007e+07
2.591968734384414291e+10
5.500763162334340159e+05
-3.799907187860517297e+02
3.728662544536500238e+06
3.541426220279964447e+09
1.689587929966110969e+05
6.932325187817030586e+06
3.254107313246034086e+07
3.606778649313086867e+08
3.200554676861663349e+06
2.699471596514036879e+07
1.302765227718161047e+08
9.339868261819107831e+07
1.202415004573459923e+08
2.109085984444639471e+05
5.427299065294881584e+05
6.118109408956396393e+06
1.951286375701071322e+07
4.506298819303257915e+04
1.685981515971991792e+07
2.169666741457056999e+07
5.818856695300780120e+04
5.879060055335241486e+04
5.652512646231002873e+04
6.193574735332807177e+04
5.962242405518662417e+04
5.995999627987391432e+04
5.955648320288115065e+04
5.637402191616900382e+04
5.785830653118633199e+04
6.183405572686923551e+04
