5.312925112002126843e+04
4.941450529755728348e+04
3.809197170797119737e+08
1.921160550186239243e+09
8.861346348946216749e+05
3.248971687178305984e+08
2.479214256860692978e+09
4.866340484428949654e+06
1.578098421934818616e+06
5.152368839736081660e+06
5.148384985341918655e+05
1.268666358295250684e+07
1.075833328992533684e+08
7.674130093183478713e+07
1.912845651505984783e+09
4.074574692503175735e+08
6.073269816374335480e+10
1.361628670968622901e+07
8.781858943553110585e+05
1.900940093110849848e+05
1.345181455705909524e+06
1.875613706888930321e+09
-1.191063110232143954e+05
1.545075366764021339e+06
2.633119365702062500e+14
7.044059135018218756e+08
3.570254931755692959e+08
-1.502124439200608467e+05
1.121537703834941238e+08
4.339311097034148988e+05
3.840211106090528107e+10
2.029007894906940311e+07
4.800783851619461179e+08
1.902695383975170320e+06
6.016961397068426240e+18
3.992404433741381508e+05
4.018820657978070068e+10
2.409546610163131332e+10
7.958879059757880168e+04
7.604188363838457735e+04
7.683724891011015279e+04
7.885797883551300038e+04
7.986861121382593410e+04
7.425801251194719225e+04
7.653691025345359230e+04
8.038452726146392524e+04
7.841605445968720596e+04
8.019595537405286450e+04
