1.046545626479222992e+05
1.024202677587014914e+05
1.125399623306567519e+05
1.104933324076210702e+05
1.091306678822091490e+05
2.863917873472225387e+06
7.823292725564088672e+06
4.532932837030693889e+06
6.305969616383407265e+06
1.660151729125401471e+06
1.290725879177180759e+05
6.738094106932073832e+08
1.341656309442147613e+06
9.986306931701183319e+07
8.836217849591625854e+06
2.265905281249881089e+08
1.628590644441365730e+06
1.628121071648374433e+06
2.825144763465847075e+07
5.484165515455087647e+06
4.970448780390843391e+09
8.405217641085685464e+05
4.314909946635039151e+07
2.093101024551566318e+07
3.414967825696070213e+06
2.169938855342542753e+06
6.568536113062836230e+06
7.299010121929628372e+09
1.770620005462678382e+06
2.258192855092107356e+08
2.805081598097278178e+07
1.266095258285038471e+09
6.515264914417304844e+07
1.062012359842600703e+09
5.214979460673948750e+06
2.399157035699486267e+06
1.226734163809041027e+06
7.350362456630991399e+07
2.777506726617715880e+07
5.528626055670717731e+06
1.112136017594485474e+10
2.087334815580260241e+06
-5.417827521555852145e+05
-8.774459340392700396e+05
1.621002729805393331e+07
6.569863166361088865e+06
6.261348233760800213e+03
1.048887492801730707e+07
-1.498459815824935213e+05
