1.112260458953398193e+05
1.097158747047282232e+05
1.021773723766321345e+05
1.099029675950843084e+05
1.122878991636606806e+05
3.787636806437599182e+09
6.704305682967666537e+07
9.815042647327915765e+05
1.130066783462426998e+07
1.248248016293275952e+08
1.209100515298149872e+10
1.209266158633666113e+06
3.172931479067561030e+07
4.051144620505877305e+06
8.144579912267368287e+06
3.300080594300845638e+06
2.510499747583987713e+08
4.042013275931808166e+06
1.992266936153085437e+06
1.482515142236244399e+06
1.562109607744760346e+06
7.855763816993477941e+07
4.664776035267756879e+07
1.749300851316760527e+06
1.233338869611178234e+05
4.738152555729465559e+06
6.874256699604604393e+06
5.179311584788681939e+05
2.939865905896662734e+06
1.844073525629309006e+04
-3.052869983451671433e+05
-8.955774391294284724e+05
2.882756856261342764e+05
-8.965367950465897098e+06
5.721151676388690248e+03
2.418368193039311841e+07
