1.062429841857132560e+05
1.046469523590660538e+05
2.853242799738293048e+06
1.384924174027418951e+06
3.620613619377755737e+10
1.858666840180954742e+10
1.346991276370421285e+06
3.411867581570028687e+11
1.947870752090894431e+07
4.015761059955396271e+10
9.344173543812949210e+06
2.806673605065352283e+06
7.765505128936326131e+06
4.476913323324793950e+06
6.980692302777850069e+06
2.757130358636782039e+06
1.886484190741490945e+07
9.690760503178108484e+06
3.960619941115273163e+06
8.079201724128395319e+06
1.468584385815839283e+06
3.261128322614517063e+07
1.456552634069573134e+06
-8.696946572015031416e+04
2.073959970217591524e+07
6.658925388920273632e+06
1.651298660233681789e+06
5.503759437385784462e+06
1.716091380486341715e+09
1.501473591536382446e+11
9.003147050770023465e+07
1.554284957826028000e+15
1.870087571884476114e+06
-1.470711196313939290e+06
-3.851134085743641481e+04
6.994562620497699827e+05
3.616246789788943715e+04
2.274899033357728273e+06
-3.859823627636395395e+05
