1.449880762998665450e+05
8.444562019002446175e+09
1.899199947701982422e+12
-1.687757033001539094e+04
3.866405961360554793e+05
2.876941579134994373e+07
1.328382334469436668e+07
4.823038996892509982e+06
1.453224137016902678e+06
9.805107607766813599e+05
1.248859330778316827e+06
4.164850284599026199e+06
5.571902635961550474e+08
1.727981335454739094e+09
6.614992346736176405e+05
1.240916910269229487e+07
1.004603544169736840e+07
5.598626213886221376e+04
7.780991694515816926e+04
4.406806222121356726e+08
3.574056464745232370e+05
3.396110865315767005e+06
5.312665353713019490e+08
2.548987271849662997e+06
8.365561424852305651e+07
2.928202861696940660e+07
1.591320545139061142e+04
3.591120376393466722e+05
3.833904654242632538e+07
6.676047514076084830e+06
2.842575674344886793e+05
1.334796630512818811e+05
1.555092947727165520e+08
1.812000361622755127e+12
2.444765122715075035e+06
-3.844707732058462570e+05
2.795627828578400658e+04
1.904099438289609272e+06
2.362116112032352947e+06
-1.018578172727522906e+06
1.797663602012397721e+06
3.106820349234927446e+06
2.277267612773247994e+06
-3.763715749752876582e+05
