1.619963505536282319e+05
1.504286067567073624e+05
5.938492674424601719e+06
2.023410772469043434e+08
9.919536482256139755e+09
1.308996748034766436e+09
7.931696603028203361e+06
1.159435155872424506e+07
4.026179145985825919e+06
6.970042221566339955e+06
1.384292066612083316e+08
3.378015467923968792e+09
1.574566062786667026e+05
1.322340841292994446e+05
3.367776439499970060e+06
6.171319929077811539e+06
2.994730356354925781e+06
2.283966000501983799e+06
2.676056416065789293e+06
1.225551439506035298e+06
1.780795557612973731e+06
3.110445430578800850e+06
3.343358887912595645e+06
4.316968772714031860e+06
1.502658335800745897e+07
1.697991538266406278e+05
1.107495358164008707e+07
1.908834260040547699e+07
2.269150636832833989e+05
7.992141422616229393e+05
2.027117955111163203e+06
3.509795988143670373e+06
-8.143132065765239531e+04
2.154990855077453613e+10
8.126468050753506832e+05
4.965027992825702148e+12
2.375905938499709219e+07
9.962816962506227428e+05
3.917488679963464290e+07
1.950911814672364620e+06
6.005915448092178255e+07
1.156126170575301949e+05
9.127213171122263184e+11
1.007868428354243049e+06
1.673258650488507003e+07
2.846546974350870132e+09
9.722272540291420883e+05
2.201329431347229004e+10
4.126131370511618805e+10
6.751926031939146519e+08
1.945925785592576489e+07
2.466006585868769586e+08
2.200372092150462046e+07
3.124923889776061475e+07
-2.874673786995935719e+06
2.955808763867136091e+07
1.538251967285947315e+07
1.223676418072394848e+09
-3.416844769968708861e+05
1.578954504960422590e+07
1.190320159725715965e+07
3.096380530027383473e+06
2.911980282557410598e+08
1.865791653118474642e+05
3.479026179198586848e+06
8.690640668030025437e+06
1.076745983424894363e+08
