1.569558732649770682e+05
3.121349008556300309e+06
1.415304373198289424e+07
-2.009585767555766870e+04
3.155321990286507644e+06
2.230576940063748136e+07
3.767291712119465228e+06
1.568661577579069696e+07
6.202494118643590249e+06
4.970539940536309034e+07
5.501018086126221657e+09
3.556768433338800445e+06
7.299953843241852708e+06
5.533337197378681041e+06
2.963814454448823929e+08
2.949971996393640875e+05
4.596674287466715905e+05
5.822843447317886166e+05
8.193595966594907222e+05
6.879868152586612850e+06
1.042952891703391797e+06
1.670905159436854767e+06
2.309753599079975858e+06
1.090653876465929905e+06
9.011952961873238673e+05
6.304468358091719449e+06
2.096617886043151468e+07
1.517763831059028744e+05
8.440614424319972098e+07
5.912000200544089079e+06
5.799053340662847459e+07
5.920944770607898012e+06
1.560900110894549266e+07
1.896420523100028280e+06
2.669840106473969761e+06
1.368787769093923271e+08
8.956099643097051885e+05
2.321937405018789291e+09
1.090536659861961612e+06
-2.557021135636820691e+04
1.978068404356431856e+05
-1.829052071591341519e+05
8.174160005448615074e+09
-8.634920347757761192e+04
8.124164509091074578e+05
-5.979260267450015526e+05
3.404912514259296935e+06
3.355126358429595362e+06
-4.462621073325779871e+05
4.544605597927313065e+05
-8.364080180649841204e+05
1.527761350514738122e+06
1.229025373346284963e+06
1.215384591464543901e+07
8.792061946537910029e+06
1.595454869941294193e+06
4.098765561373478267e+05
