-3.723325361729568249e+04
-3.823532077077901340e+04
-3.862391233677317359e+04
-3.985651753662854026e+04
1.840040817423392057e+09
1.491154972322757006e+09
2.299835035710676193e+09
3.831919193286972586e+05
4.190650764472403049e+09
2.355654549970624223e+07
2.288403207913777232e+07
2.218213729560420290e+07
9.161921698691604659e+06
3.445599633926403243e+06
3.582764144508943893e+06
3.624899940292400308e+06
1.373667893880431652e+09
5.016755035132958412e+09
2.246455403455716133e+09
5.581068884609801769e+08
1.881352120387924016e+08
6.242355079917376041e+08
3.173998234634976368e+06
-1.750099710469250567e+03
-1.765591534717386821e+03
-1.766132278355507879e+03
-1.767040613584569655e+03
-1.773844311872031540e+03
-1.768051194565981859e+03
-1.751160463251697365e+03
-1.767165332835254958e+03
