-3.568437447819084628e+04
-3.658137243093823054e+04
7.976608643577585220e+09
8.996983698356300354e+09
5.058851972796127200e+06
6.183595267333595082e+06
1.790117481079900265e+08
2.601409674744926147e+11
1.187225645370673947e+07
1.879925581406723785e+10
1.652224949131646347e+10
2.488926454663714218e+10
9.381009387000703812e+09
1.060983538484370804e+10
9.278804010531885147e+09
4.323208297291616909e+06
-1.424411472078936640e+03
-1.411425227470754180e+03
-1.407174260333878919e+03
-1.407209964264475275e+03
-1.428054884611192392e+03
-1.424793710972502595e+03
