-3.381671436019331304e+04
-3.609351358539967623e+04
1.786792392154629808e+06
1.669096049615019467e+06
4.424820708540800959e+06
6.095249290735778632e+05
2.090429701035571343e+05
8.788216594373959961e+11
3.353246654369922638e+09
3.323215098029384855e+06
2.330122463243938610e+07
1.675203833181698486e+12
6.512505938218401670e+08
6.785451930677345991e+08
3.583312944279721191e+12
3.618055202901016000e+15
1.083784901870734757e+03
1.231662288372899638e+03
1.046459263520984678e+03
1.222439219872700050e+03
1.296318370135821169e+03
1.072207104412809713e+03
1.072615118042827817e+03
1.114488339369185269e+03
1.277194255375943612e+03
1.229231296271580504e+03
1.040495750109083019e+03
