-2.971530928259346183e+04
-3.470772846312774345e+04
-3.578338135673678335e+04
-3.654404408275929018e+04
-3.776355257294772309e+04
1.160792976913071610e+07
3.450827691816726923e+08
4.071109214673219919e+08
1.075641061558349609e+09
3.429422214990575314e+08
4.114304789627807140e+08
1.231120004346777344e+10
1.786156967710485500e+15
4.002611784946603394e+10
6.251813669411645271e+06
5.227873130179195665e+06
1.917544287832859904e+07
1.008261011094121262e+07
1.881343419843612239e+07
5.346094817253770307e+06
1.768836197684491426e+07
1.112242726901496574e+07
1.680719931570164859e+07
8.295619064195137471e+06
1.704478845133442804e+07
8.728389823476362508e+05
8.728772043931626249e+05
8.382122763746558921e+05
2.256091059748607222e+03
2.058991143175866455e+03
2.198975395220651990e+03
2.067656975361140212e+03
1.956580011227808427e+03
2.120130853199429112e+03
