-2.601917290459139622e+04
-3.100736802741129213e+04
-3.121764807908570219e+04
-3.121250171638416214e+04
2.132162783969845295e+09
4.947146861179844564e+04
7.227914676185032725e+07
2.514570286522448361e+08
4.099119779097916260e+11
-4.898040374315470399e+04
2.292214411550306831e+05
1.394159740816007368e+06
1.964467454510607198e+07
2.283951446744742095e+08
9.773085671408547461e+07
4.203176142275063694e+07
6.279298116391993314e+07
6.962864711533940863e+03
6.995760331117780879e+03
7.578299858768907143e+03
7.780963066395779606e+03
7.238387004998483462e+03
