-1.719584660990352859e+03
-5.331925882741634268e+02
-5.325475182943482650e+02
1.402473469239041138e+10
3.745318842040759277e+12
2.264407486531608582e+11
6.790476934164441191e+05
1.137908197922139168e+09
4.102718138546844125e+08
5.484573931049828529e+08
9.672911932693282142e+04
1.967096977093994617e+07
2.136975403119091797e+10
2.276442955151828527e+08
2.590148319162225425e+08
1.834168793723487761e+06
-2.318432333645324688e+05
1.573705806250056019e+06
-2.007878657284656947e+05
3.497050910659643705e+04
