5.517229537249853456e+04
4.999278690360375913e+04
4.932520658226207161e+04
2.659804957609122753e+09
6.327208451082240790e+05
-1.044553769189148152e+05
1.989904940640608370e+08
3.059012559445643425e+09
1.587920502583485544e+08
3.000491275263696909e+07
1.488082069980357308e+06
3.734359358839550987e+06
2.885383676930046463e+10
3.722938961038307287e+06
9.921101395894408226e+07
2.231748660095257685e+06
2.519192161216876935e+06
3.363708162829783396e+05
7.979259621801273897e+04
7.803106556783977430e+04
8.059251795426313765e+04
7.693453230759606231e+04
7.689186208448035177e+04
7.509134957303188276e+04
