8.319204929349968734e+04
7.456223061716399388e+04
6.918185764180342085e+04
6.885574698140607507e+04
7.543958519975113450e+04
5.458237368052840978e+07
1.247194214406573868e+10
1.317402658973940276e+07
3.989475368945230730e+05
4.353003320383450948e+06
3.693479912999895867e+06
5.110968999158174545e+07
6.121291174111453583e+05
8.860886572415238246e+06
4.137880097585704923e+07
2.284478163449415565e+08
5.426344491583590698e+10
1.056935141903952463e+05
1.061770631170595298e+05
9.943221162816259312e+04
