-3.801193684813175059e+04
5.510427372761786133e+12
5.769622743105959961e+12
2.558062070039304352e+10
4.800691609588662148e+09
6.728061284426241182e+06
6.674527289544933120e+17
1.346489701497630030e+07
3.403799724964215420e+05
3.916676454732344151e+08
3.948343633843160421e+07
2.833982302744333819e+07
1.865591120536531830e+10
5.460688809278454590e+10
3.719088955060309601e+10
2.882161384624722600e+07
2.971871106187222898e+07
2.890638787194751948e+07
2.924877009811912850e+07
3.726106769331879914e+06
3.746239336045186967e+06
3.712156148565817159e+06
3.744616485353029333e+06
3.732010478150380310e+06
2.116625339823932853e+06
2.138135595209836029e+06
2.132939467976724263e+06
2.122662524060461204e+06
2.127731969639824703e+06
5.110434115455672145e+08
6.238703424757128954e+08
5.559262704577413797e+08
6.248360647320479155e+08
6.066294807209873199e+08
5.669226469240328074e+08
-1.872921280746842967e+03
-1.883490766137081664e+03
-1.881441104471217841e+03
-1.884867198362160707e+03
-1.875156822559540160e+03
-1.870690565623372095e+03
-1.878727795744402101e+03
-1.879060145060590003e+03
-1.883953754559275694e+03
-1.869671442022197880e+03
