-3.800938218037718616e+04
3.540659561826730520e+07
5.153960955912654288e+06
1.284915434719544172e+09
4.178796101249049664e+09
4.120996609740983248e+08
2.629354957465394400e+06
5.519193585149992257e+07
2.041636427088465076e+06
1.554636440230086911e+06
1.241099587447470985e+07
1.234807112650037929e+07
1.739848286738916649e+05
1.729583390650254732e+05
1.790693591243286210e+05
1.714174914488010400e+05
2.356969699322307855e+07
2.392166014073773846e+07
2.358622323307165876e+07
2.406083211535049602e+07
2.386726514468711615e+07
2.700404482530490309e+07
2.757244442386516929e+07
2.691049987867320701e+07
2.724571867792468891e+07
2.684086880353288352e+07
4.002371788994707912e+07
4.039805887158942223e+07
4.076689981861277670e+07
4.083497527800066024e+07
4.102374497568511963e+07
4.050333544008226693e+07
4.022732033342977613e+07
4.091642205280738324e+07
4.088864307980314642e+07
4.078871797992844880e+07
3.530665397179670800e+16
4.748963942418793600e+16
9.187319820607784375e+13
3.315685464649685845e+07
2.575352934734509885e+07
3.152716989397824556e+07
2.914955810775176808e+07
2.578389336262759194e+07
3.112646759287784994e+07
-1.885109613547130721e+03
-1.881445642098900862e+03
-1.877561488395585911e+03
-1.873589558828214649e+03
-1.869480729918257566e+03
-1.874785609456012025e+03
-1.878190943477355177e+03
-1.875998901276005199e+03
