-3.607058580756912124e+04
-3.723238720045654190e+04
1.470758629660111189e+09
2.088784228271820784e+09
2.023836609128257260e+06
2.020717158991147066e+06
2.003918197408971071e+09
1.488112077268444300e+09
3.174044162034426212e+09
3.608671126857120991e+08
4.195435882946325466e+06
6.353852453929148614e+06
-1.154301378095568798e+05
2.168955583709979430e+06
2.148789334536263254e+06
2.182648692153392360e+06
2.148281926503738854e+06
2.157579319060723297e+06
2.168942472620645538e+06
5.853108087490731850e+05
5.896488942870238097e+05
4.550529175791493617e+06
5.464656200935252942e+06
4.790229323469905183e+06
5.394792648380435072e+06
1.169087414170387015e+07
1.266478696097346395e+07
1.333481054457501322e+07
1.277711855892034993e+07
1.158112958958973922e+07
8.592718320775085688e+07
5.742730744875457764e+10
9.282215284963626709e+11
4.119336497421690822e+07
1.895548925213346630e+07
7.345016966021190397e+06
7.334605189715814777e+06
7.626958953772556968e+06
7.487641645380364731e+06
7.568354926192695275e+06
7.467128663346377201e+06
7.569128894201805815e+06
7.510993612182616256e+06
-1.758460090439970372e+03
-1.754322159018949606e+03
-1.752671732271468500e+03
-1.750056609401770402e+03
-1.766378467901027761e+03
-1.750689198221167317e+03
-1.756186370776791591e+03
-1.756747698876890354e+03
-1.757287353050574893e+03
-1.761365007225220324e+03
-1.758722731990390457e+03
-1.755657144660246558e+03
-1.748366663354943739e+03
-1.762647977137705311e+03
