-3.654318448430745775e+04
-3.682279817304552125e+04
6.646511334092208417e+05
6.598929684158057207e+05
6.547703388689036947e+05
6.532946464486838086e+05
4.363136271819226444e+06
1.963209702283933716e+11
4.356736045002835846e+10
1.895384009576398134e+09
1.077950988979825287e+11
7.257846785649418831e+06
7.113714191295138560e+06
7.726419043962661743e+10
1.301578974711608607e+05
1.309093449141900928e+05
1.323831230387246469e+05
4.753066550319687463e+06
6.976031435825021472e+05
6.929330922316996148e+05
6.929533564565976849e+05
7.010783610956476768e+05
2.359550888358934317e+06
3.410176642054127529e+06
2.370722804160814732e+06
3.230804838796142954e+06
2.367253433392007835e+06
2.101072851310065016e+05
2.059804095789889980e+05
4.920250917878092766e+09
1.861160374405138016e+09
7.734987471902512500e+14
4.251820053151799927e+11
5.044825454774214745e+09
1.013855931565514453e+13
1.754056312596787691e+09
-1.671425753853254719e+03
-1.659812744758150075e+03
-1.688490212176082423e+03
-1.662982514017814538e+03
-1.674969844532519346e+03
-1.660236795922159217e+03
-1.680100718547910219e+03
-1.672830854211060796e+03
-1.689833919899683679e+03
-1.686662146963091800e+03
