-3.596035721236627433e+04
-3.714445869985667377e+04
-3.778186319544221624e+04
-3.815458844295492599e+04
1.939802072895463556e+07
2.152606403294738382e+07
2.271120920748738199e+07
1.969589403242101148e+07
2.791992988084586710e+07
6.647698421688611852e+05
7.257133542037817824e+04
8.018248338820687786e+04
7.365229285621788586e+04
7.609682722862200812e+06
7.658775815842015669e+06
7.118526507705366516e+10
2.466851048100187378e+11
2.899486159361124039e+10
4.014835694279199982e+10
-9.418889722588710720e+04
1.993623515353589952e+08
6.914258011168138123e+10
4.484687392037368164e+11
2.030479332718422119e+12
1.083006259659178833e+12
2.924594660978285522e+11
3.621885649482708130e+11
6.084166043789560699e+10
2.171368354673532104e+11
7.797745339082187500e+11
3.947896721464231873e+10
1.484070148683441772e+11
1.452249437794279102e+13
4.335294322549924927e+11
4.481134458677400208e+10
2.860949618084177780e+10
5.484262648388038635e+10
8.146110876819148064e+08
1.345339032473818302e+09
1.112082879966048956e+09
6.735902137514535189e+08
1.056849604984999180e+09
1.325940213649708033e+09
6.465227124949656725e+08
1.037172417632667303e+09
1.328978489177657843e+09
1.193907885932662725e+09
-1.658168672897416400e+03
-1.688650432538386667e+03
-1.662645796329568839e+03
-1.671466362557897810e+03
-1.675075628735561622e+03
-1.665785581204429036e+03
-1.657349004420073470e+03
-1.656161595372250304e+03
-1.673702792512718588e+03
-1.689938270056358306e+03
-1.685144909992406610e+03
