-2.888048409238854947e+04
-3.643239604828273878e+04
-3.878914192598298541e+04
-3.918245857747579430e+04
-3.962479908400729619e+04
-4.008220980728014547e+04
-4.058446467776453937e+04
9.660310396325849295e+08
2.798588306361328345e+06
2.791986092846729327e+06
2.756462753203838132e+06
2.809394609664713964e+06
2.813188371743204538e+06
2.758751506378486287e+06
8.858009332851472497e+07
8.532591474641288817e+07
8.793627578400436044e+07
1.378142650191670982e+06
1.390049598359663505e+06
1.385061986656049499e+06
1.383713802430469776e+06
1.342044665290702134e+06
4.840367422915448189e+09
1.492579782743293941e+08
1.437056121778005734e+06
5.815363471945183754e+09
9.384032787801934406e+06
4.732187217883026227e+06
4.715776537510776892e+06
4.495659428054580465e+06
4.702904507946304977e+06
4.440752745134727098e+06
4.360580525755981915e+06
4.320721968612027355e+06
9.411602024837428704e+06
6.741825077604828402e+06
7.724229326462979428e+06
1.290444581048240140e+07
6.393180049498356879e+06
7.212113213018167298e+05
7.202465639401228400e+05
6.978635096204309957e+05
6.841969909888651455e+05
-1.556508822440082440e+03
-1.546321981180575676e+03
-1.541406671813776484e+03
-1.572749500630976399e+03
-1.566615731235244311e+03
-1.541693918373959605e+03
-1.539605104574351572e+03
-1.582013559155719122e+03
-1.544973073269909946e+03
-1.555578154457092751e+03
