-3.593695957776381692e+04
-3.823298532980611344e+04
2.465750194474668801e+07
2.421156461841360107e+07
2.474812274924156189e+09
5.149386275922554731e+08
3.802633053350555710e+05
3.795286125163069228e+05
3.781512246774332598e+05
4.899471001280698925e+07
9.165695787888559699e+07
4.894384862078306079e+07
9.360914769321920350e+06
8.454892424228993058e+07
8.158452136441673338e+07
1.438786537769534043e+05
1.475450594343052362e+05
1.458409638187578239e+05
1.335449498916461250e+15
6.100865346308548927e+09
3.556953505339323521e+09
1.017720077476200867e+10
1.669854132803185059e+12
5.394394215652697563e+09
3.498022746042286133e+12
3.333332368870537109e+11
2.192047058846752644e+08
2.141716752381563783e+08
2.202529680373893082e+08
2.585500416127791107e+08
-1.434169817723071901e+03
-1.406823923342162743e+03
-1.420550104523659684e+03
-1.434224072878103470e+03
-1.389229659897333477e+03
-1.380726668599527329e+03
-1.439509694484149804e+03
-1.391901330078166211e+03
