-3.197672602001934138e+04
-3.682667889919648587e+04
-3.750900412231843802e+04
1.070796431266673207e+08
1.220780903079729974e+08
2.954140587755488604e+07
2.571794046807389706e+06
2.563790593479154166e+06
2.627399836498943623e+06
2.595297454589016736e+06
1.518967022123152390e+07
1.572087932896278054e+07
8.180165300960780680e+07
1.089975829824859053e+08
3.700226687238755403e+03
1.254549780562486558e+04
9.971543790956289740e+03
8.740277020939168287e+05
1.987265591980707932e+10
1.510274046916344452e+10
2.552391822898740694e+07
1.641637693912515882e+06
9.137201235912635922e+07
6.245697141119031608e+07
4.689118765845319366e+10
1.027520115264260674e+10
1.103789139767357409e+08
6.096415855942191556e+06
6.215346853526327759e+06
6.120096353077723645e+06
6.237851544720937498e+06
6.105372761905028485e+06
3.630766286500652786e+06
3.778743726833123714e+06
3.672325169397365302e+06
3.765658413872403093e+06
3.630313506904104725e+06
3.753514246921204496e+06
3.747288670648560524e+09
9.273577075640773773e+08
1.868522369419202000e+15
4.547308416196346283e+09
1.025487035485623413e+12
2.006773146047605515e+10
1.570433496496278048e+09
2.079493940952476487e+07
2.119498294358747253e+11
3.046073668713482380e+09
-1.382118716710596345e+03
-1.385745863533054944e+03
-1.419250095138006145e+03
-1.437030786590708885e+03
-1.410457337192638079e+03
-1.403847572806262178e+03
-1.440630940370843746e+03
-1.409311236363108037e+03
