-3.544732048926284187e+04
1.868153865372782457e+05
1.859785620492573653e+05
6.811328670584033430e+07
9.498689196964168921e+06
6.922264616874281783e+05
1.661302651302073500e+05
1.660893843991566973e+05
9.873438074394180775e+08
1.612305641974298096e+11
5.027693062540103793e+08
1.616828938905215025e+09
1.503318156071919823e+10
1.766244657792510986e+10
3.398220044513057709e+10
8.886030257222629152e+05
7.547780062766767740e+08
8.773754835437197471e+05
1.109894104098509764e+06
4.554393659415703416e+08
4.519605595903545022e+08
4.495038778076205254e+08
1.654209687457003864e+06
1.163740275802654447e+06
1.434353246115413494e+06
1.381713085613017203e+06
1.146565454347521067e+06
3.657599409749921417e+10
3.074050067692700863e+09
1.988348125538505554e+10
5.071811100369266510e+09
8.103835062690820694e+08
4.266505746944588423e+08
1.917445308024431610e+10
3.082920132934952927e+10
5.564045489029409790e+10
2.269254866831306076e+10
6.357283316900936365e+08
3.931049660265572667e+08
1.368306871420647812e+10
-1.210636656196031254e+03
-1.174394595527293859e+03
-1.206374493918119697e+03
-1.212551970649219584e+03
-1.237541833459777990e+03
-1.189631661617342616e+03
-1.252649460892978823e+03
-1.187784415885660565e+03
-1.239842964548763121e+03
