-3.510141439676851587e+04
-3.542744195365401538e+04
-3.593462197052217380e+04
2.907581317206906970e+05
2.985530112296009320e+05
1.238967666220840216e+09
1.189426850916623138e+07
1.961951707740191345e+11
5.250422184363507666e+06
7.112581725365733728e+06
5.843320876779014617e+07
2.374852498708451539e+07
1.486593706415385241e+05
1.047313506989524351e+06
1.126738281893920517e+10
2.370973128711082935e+09
2.821549068726329803e+09
1.280211195124691391e+10
3.947986022988750458e+09
2.771852666171903610e+09
1.278209976802029461e+08
3.193836138723218814e+06
1.037803171229213709e+06
5.567877900090460666e+06
6.113831299225921743e+06
6.092553422903334722e+06
4.223482348041610792e+06
4.398460494933593087e+06
4.248074170107647777e+06
4.191298922129015438e+06
8.547651789988296106e+06
1.852303459899968235e+06
2.968182406755294189e+11
6.124591605249956250e+07
4.128412063904711304e+11
-5.559898122849699575e+02
-6.790657812800782267e+02
-6.273780403267883230e+02
-6.431161408655461855e+02
-6.430446162862353958e+02
-5.953201358025544323e+02
-6.871420599481789395e+02
-5.810665137355390470e+02
-5.808108121515542734e+02
-6.686064958055212628e+02
-5.963853230872482527e+02
-6.879850372280634474e+02
-5.592932084790372755e+02
