-3.313793988589590299e+04
-3.415952044657748775e+04
-3.486715895557635668e+04
-3.534777171795726463e+04
-3.598688392703899444e+04
-3.636176902574525593e+04
-3.786402623986614344e+04
-3.826273608775327739e+04
-3.860297015137432027e+04
5.062761854871867690e+05
5.124592446731558302e+05
6.984149790180599084e+05
2.320824185736580403e+05
1.993974226619014808e+05
1.084782908038246213e+06
1.142571104582323460e+06
1.083035329982683994e+06
4.259708113030115962e+08
1.975793458619038388e+07
2.591028535168715119e+08
1.762705652254583547e+05
1.866290248706565180e+05
1.789095864916421415e+05
1.788810049344727013e+05
1.788815968555966974e+05
1.870084628833562601e+05
1.337341683300602722e+11
4.155654947758755493e+10
1.103362647085800476e+11
1.983629681745181656e+10
6.024376427475883625e+06
3.679016545450472236e+08
1.549003110249759827e+11
1.004988297627506714e+11
1.943690357563916206e+09
2.811810937247626343e+11
1.357955448485155776e+07
1.176261631768260151e+07
1.368313984262714349e+07
1.185351934988660179e+07
1.128463698510153778e+07
5.176288566569862366e+10
2.831815409005541992e+11
1.715735363771160364e+09
1.036256741088982422e+12
3.110603421288999939e+10
3.909571027602688599e+10
1.547839424040428877e+09
1.590170244916246080e+17
5.907993229827744141e+11
3.882909273529857422e+12
6.149693933175708008e+11
4.009301826729477600e+16
1.364449468426260986e+12
1.029640026917741184e+18
3.753764152038746582e+12
1.147333739394119141e+13
-6.739069079384789802e+02
-6.526140681472606957e+02
-6.893229829675110523e+02
-6.628649677053326741e+02
-5.925877899448969401e+02
-6.913489560066373087e+02
-5.677714085980260279e+02
-6.239735765350342263e+02
-6.416993759051547386e+02
-6.654550051177211571e+02
-5.832235533444036264e+02
-6.057958719454181846e+02
-5.624943474307947326e+02
-5.542672637925134040e+02
