-3.399947408238718344e+04
-3.552747447077918332e+04
-3.593592278283474297e+04
-3.686967373269083328e+04
-3.726830744825410511e+04
1.026857324558610655e+07
5.439916240154497623e+08
1.645711986403508484e+08
5.481621224959788322e+08
1.487764219183459520e+09
4.875793648678724289e+09
2.808402361689602375e+09
4.666044183413638733e+06
4.040059248215865809e+06
4.172721873510440812e+06
5.670834939559082031e+09
3.090625145707260609e+09
4.022399113228767872e+09
3.294549845349180698e+09
4.938729213423739624e+10
4.106819238923807621e+09
6.612352685416753590e+07
2.595278665120284081e+09
1.449664717793807268e+09
-1.239542027257045556e+05
3.405992917436692864e+07
-3.018464786059074686e+04
1.599317552289105370e+05
-5.167716667048391537e+04
3.898891853443864966e+04
1.696520641231628833e+05
9.957109103477766621e+04
2.264738905472656770e+05
2.015344652070137672e+05
-4.556278976985541522e+04
1.790629882881165540e+05
2.751615065985709429e+07
1.129640592252326943e+07
1.933638220534845069e+07
3.108798604271315038e+07
2.274743078854652122e+07
2.319661758615433797e+07
1.896420600869292766e+07
7.674595107711954974e+06
1.295775238686791807e+07
1.559666204243778437e+07
-2.526570068561122753e+02
-2.161080289184756111e+02
-1.305108080528152641e+02
-2.550097927908936981e+02
-2.541730027373996563e+02
-2.561825595042901114e+02
-1.578633716519107111e+02
-1.834934211765648797e+02
-1.795305687979853246e+02
-2.460422367943683639e+02
