-3.266397150141287057e+04
-3.318863826396659715e+04
-3.456862282728546415e+04
-3.564514998880478379e+04
-3.673464704620654811e+04
8.100956509303371422e+05
7.882278136424766853e+05
8.470766690728371032e+05
3.814925176008369774e+07
1.013387822855559364e+07
6.482705894854061771e+05
2.384897288057967555e+06
2.426935148295894265e+06
4.113132517320175767e+08
2.176341149827283621e+07
2.310759776891218871e+07
3.691401716143725440e+06
5.418379873427041806e+06
5.090852640567990020e+06
3.334502226956305560e+06
5.571464939196830615e+06
3.704392780906358268e+06
4.168463483273138292e+06
1.080248033514840126e+09
2.527698097735434341e+10
1.217617624188759476e+08
7.259139642957444763e+10
3.070554425571862411e+10
2.279167269676730347e+10
1.560766247258367920e+10
8.704747407113024902e+10
9.239113125628211975e+10
7.962114716561694336e+11
7.158116710782363892e+09
1.592977013787639809e+10
1.738917724871086121e+11
5.748659091678899384e+10
1.369339051521481248e+06
1.500911808203862980e+06
1.882936186114063486e+06
-5.507921048366546165e+04
1.017555573009177670e+07
-1.665507629862287722e+05
2.830587189951857552e+07
2.914480587488221005e+06
2.770386420324610081e+06
2.788689504846840631e+06
2.188550265446224716e+06
4.547868268082966097e+02
2.696771814684616402e+02
3.164027312071411870e+02
4.911492105749784969e+02
4.663860636840108782e+02
3.504744636488903780e+02
3.377185471131815575e+02
3.721713824801845476e+02
