-3.308075119158669986e+04
-3.431927110423381964e+04
-3.524620602752958075e+04
-3.635956076436088188e+04
-3.706470843753100780e+04
-3.753282300705644593e+04
3.517130563621536363e+06
3.450482191977688577e+06
1.921205718846729724e+06
1.747269828346245922e+06
3.340874024920835160e+06
3.572659672369452659e+06
7.518225175103023648e+07
1.366472199400238134e+07
1.155449930399913341e+06
2.903012820809738711e+07
1.794991788281025365e+06
1.130814347619632259e+06
1.174086298741829349e+06
1.492027191474346910e+06
1.212798598097655922e+06
3.127897105913973879e+06
1.793504578672797070e+05
8.338108317536944523e+05
1.171247956692915177e+06
1.676447903080943298e+10
1.904586694103205490e+10
1.783510160526669312e+11
1.026619730115476437e+07
6.406206515600173950e+09
3.425929215797564830e+05
3.096731707649807795e+05
3.887608806019137846e+05
3.747983255554831703e+05
1.204506542064671521e+05
1.311006597990177013e+07
9.450972740901779383e+06
9.570172172961422205e+08
9.670819650415753946e+06
1.292651734056693688e+07
2.188864125240700319e+07
1.572887422324092186e+05
1.020702832624590956e+07
2.997512107978823242e+12
4.965394824646646157e+02
3.394905144972435664e+02
4.921362324971996713e+02
3.200725674559362233e+02
4.379021831785212271e+02
3.410698813042545225e+02
2.773195896928955335e+02
4.223422573723946698e+02
