-3.242823556732116413e+04
2.730791069645047188e+08
2.923777385534448028e+08
2.150286889333950281e+08
1.635392910797791369e+07
1.063628934328477364e+06
1.087312517062234192e+11
1.028411120189789581e+11
2.368260664767247066e+07
1.787649386727319658e+07
1.572837706421969272e+07
1.693519105576291308e+07
2.317621484177052975e+07
5.763123663899201900e+07
6.373856621824271977e+07
7.625226425434753299e+07
4.028575640172918886e+07
6.358300083065773547e+07
7.721001917188666761e+07
4.982844320555214584e+07
4.408727564553946257e+08
1.911733236867598607e+05
3.743248025817374140e+07
5.263551249874990433e+06
4.672034339956006967e+06
1.225725997730642855e+08
3.216350053644372616e+06
3.554032627358785830e+06
3.410272216289908160e+06
3.720313088619144168e+06
1.494142706110859215e+08
1.212431812607918829e+08
4.784752312456964701e+07
2.178765942848986015e+03
2.254792594351689331e+03
2.034043359046947444e+03
2.319230813200061675e+03
