-3.036312153866073641e+04
-3.238075477983984820e+04
-3.286372284376060998e+04
-3.326673916114164604e+04
2.497299810294073541e+06
2.687403700011144392e+06
9.129785438445460051e+06
2.726880839701229334e+08
1.577710150574973412e+07
2.429891856824594975e+09
5.525680599338588715e+09
3.737670434425060451e+07
3.531942676409645937e+05
3.518209579595850664e+05
3.480885971341595869e+05
3.506036080169131164e+05
3.502430884722957271e+05
-7.041000908912162413e+04
-3.022216269659755926e+04
-6.659509814294712851e+04
1.595343950113645363e+10
3.347782871716911793e+09
3.703083910674127960e+10
5.292993416747227311e+07
5.226468182315202802e+07
1.458083896742656827e+08
1.129875519987648120e+06
1.147915723864824977e+06
1.269668435430060839e+06
1.228964518229760230e+06
2.487878478510014247e+05
3.011806344884203281e+05
2.845255068965158425e+05
4.224088330039024004e+05
2.783980887143912842e+05
2.185926167750789027e+05
4.393448802547455998e+05
2.054933049214758794e+05
4.051695298375030980e+05
2.891980703775462462e+05
5.913440697100185603e+07
-1.498820618874089851e+05
1.965407430048362585e+03
1.927260730917332694e+03
2.272231345763895661e+03
2.330183320176816778e+03
1.931534972047782503e+03
2.300414581801218446e+03
2.251085945690865628e+03
