-3.277963014899493282e+04
-3.359293121146090562e+04
2.213447541797166050e+05
1.784737569186232286e+05
2.407248672814087477e+05
1.931643516467252374e+07
1.733667828810191154e+07
1.736377037038175166e+08
1.018411351218134747e+06
1.065352820089385146e+06
3.662171021521845703e+12
4.073715641553461075e+09
7.592932602544818115e+10
2.006352078775276953e+13
3.637559105939575195e+10
6.609506458687406540e+09
3.049366989566344419e+05
2.171680500408852822e+03
1.920447799411693821e+06
9.018576895826944383e+05
8.744186119913111627e+07
2.402129965903311223e+07
2.050109640906542912e+07
8.078333486853657290e+06
1.349422424661782074e+11
2.230384194978553295e+09
1.090024874958423853e+09
2.420194170374835014e+09
1.060698057037724376e+09
2.213743174199543428e+06
1.074874490990765952e+07
3.165349965669224039e+06
1.234574854942242987e+07
3.939782401922778226e+06
4.891988479915889911e+06
1.927031942700251579e+09
1.096612450297041655e+09
2.499031175346541882e+09
1.405568825370033979e+08
8.663621668876554966e+08
1.477134191556040049e+08
1.885645542712233663e+08
1.076740891693708897e+09
3.848177110026591301e+09
2.212092545727908146e+03
2.081506786064535845e+03
2.165273306648421567e+03
2.176214739266724791e+03
2.173124675462226151e+03
2.055518872220767662e+03
2.165948671673075296e+03
2.271777340666041709e+03
2.056219466749083949e+03
