-1.652108673913153689e+04
-3.347474783805393963e+04
6.706455748827586174e+09
4.320550639674755745e+06
6.482947838222255707e+08
4.376258161249379069e+07
1.840454816961361095e+06
1.755820572185896337e+06
2.408782535293468323e+11
6.749884723670236766e+07
9.995095372745290756e+09
1.179003268787749298e+07
9.781647075206605718e+06
1.021443109623128921e+07
9.043922250581169501e+06
5.068333481003490277e+06
7.436156371566143818e+06
1.057174133799829520e+07
8.012462267696666531e+06
8.670543769071588293e+06
1.354633172056539916e+07
1.176569775132399285e+06
4.204847079617489129e+06
3.086895747211222071e+06
4.414782251754142344e+06
2.612955631101074815e+07
7.695372962453553677e+08
9.714724147788029297e+12
1.607285806694134712e+10
3.526405042292369843e+10
3.600667463448041439e+09
1.722727844676199341e+10
6.947791077611270142e+10
1.186558043237775612e+10
6.951301447316167969e+12
1.876602110100239217e+08
1.102794860040995926e+08
4.076430132712559700e+08
1.551670787462587953e+08
7.271767450127427578e+08
4.783209055193715096e+08
1.069700684321406931e+08
2.088782597740417421e+08
1.892176436283448339e+08
1.019702025773059279e+08
5.934832497755612135e+08
3.650105928004748421e+03
3.293457402358908439e+03
3.171741512990643969e+03
3.177467689447599696e+03
3.215516389989730669e+03
3.625899198682309361e+03
3.574614269638375845e+03
3.643815271655301331e+03
3.393170546629378805e+03
3.450969272072252352e+03
3.182673077513871249e+03
