-3.006386096009345056e+04
3.592710578682704270e+07
3.427733760515410453e+07
1.753889332607852295e+07
2.150350267328070477e+07
2.749187498300416565e+10
2.639383142570806503e+10
5.154714680662266165e+07
5.483023225285682082e+07
2.378002752256262207e+10
2.433178026425303221e+08
8.126646250555903651e+06
1.110649433910874650e+07
1.066840438451608084e+07
1.910810175590626597e+08
8.998624615528091192e+08
8.534032395384469032e+08
2.820961698204879761e+08
3.322405859151511192e+08
1.322597374112407684e+11
3.533916626146598339e+09
7.739228700449199416e+06
1.941316979491008606e+11
3.802242378102400154e+07
3.638893596776035428e+07
1.844387147735792160e+10
3.509997082611412525e+09
5.328911732175763696e+06
8.135425972282435745e+06
5.712329648955288343e+06
4.390374772193153389e+06
6.855979641545832157e+06
7.072188845359773375e+06
5.634533687664091587e+06
5.968539958810664248e+05
5.584594481343441876e+05
5.413926649148846045e+05
5.598616224302626215e+05
5.149124636540102074e+03
5.039440972360374872e+03
5.272214490403508535e+03
4.951324263003014494e+03
4.970182784202595940e+03
5.381410966688126791e+03
4.803868268041900592e+03
5.025251049561426044e+03
5.339115224817534909e+03
5.369219297757663298e+03
