1.157504642155181500e+03
-2.299955322485620854e+02
-2.455356216437134572e+04
8.012697681535427459e+06
8.739260291654517874e+06
1.662976402008930687e+06
2.895189175309385639e+06
6.065126974854269065e+06
1.548933947756277630e+06
1.356880682432861300e+06
6.079528845300413668e+05
-2.227635641763089370e+04
7.504675994597475044e+06
6.017970852361047640e+06
6.107128790151805617e+06
1.591691792935039150e+06
2.447306312400145922e+06
2.529777278045093990e+05
9.413280093775261776e+03
6.519753921542447642e+04
2.474967563020889834e+07
1.864942072012629318e+10
5.168729391320445251e+10
4.222223485890925862e+06
3.672905666628166288e+07
-2.422804590368511272e+05
8.037865011915437877e+06
2.204315627665239736e+05
6.683149643558834679e+06
3.396114270567853749e+07
1.921636449291440099e+07
2.916041620384793282e+08
1.246347420024433872e+06
8.592762102472716570e+07
7.080475003093104064e+07
7.354285741525003687e+03
7.756037995723250788e+03
7.372098181020672200e+03
6.905909691228182055e+03
7.043419920954300324e+03
7.306730934774182970e+03
7.560173535527690547e+03
7.732884840102051385e+03
7.550095961478393292e+03
7.671528353483095998e+03
7.021859024271456292e+03
7.181107326989003923e+03
