-2.464229295783930138e+04
4.640511562230011940e+09
6.242810546744270325e+08
5.179732657973837107e+06
2.279535068553822860e+07
4.771326182674245909e+06
4.576939562647555351e+09
1.506665397290254402e+10
1.558698539908038219e+06
1.322098253218032074e+10
2.024123677225679159e+07
7.933368812214905739e+09
3.865958774558142573e+07
1.231544834027289599e+07
1.184910426784987561e+06
1.299952027455152245e+06
1.340840920882001752e+06
2.716758509614074707e+11
3.653722185076432228e+08
4.499648432088568807e+05
2.059403695237598121e+08
6.242206128669779748e+07
4.731420757007279433e+06
4.769611855749832392e+08
1.056629365989905953e+09
8.582275804395713806e+09
1.094850686906771036e+06
9.554411452251592651e+06
1.518249163910820708e+07
7.961542894905231893e+07
1.478108462087767720e+08
3.510911875589834154e+07
6.312369027865562588e+06
8.245550728907973506e+06
9.183469419751977548e+06
7.557902397683882155e+06
9.352177488902507350e+06
8.109223364369880408e+06
3.281533428991139866e+06
3.312887623140556272e+06
3.746492445768039674e+06
4.940055699424259365e+06
1.026513190358408610e+04
1.048413948381849332e+04
9.763454413690691581e+03
1.079798596903661382e+04
9.656760662986722309e+03
1.017461747836787254e+04
1.043616181484318804e+04
9.778038419048039941e+03
1.069922818276550970e+04
1.032488730391903664e+04
1.014202883302373812e+04
