-2.102904008893541686e+04
-2.617410039617141592e+04
-2.632333656441672065e+04
1.029407460202724576e+09
6.467983029227404594e+09
6.109338442551583052e+06
2.311325441795188672e+13
1.437685342852102127e+06
8.460189394452961860e+05
1.122638485633181408e+06
2.035794653451524302e+07
2.160562828099666536e+07
1.663454991196268471e+06
2.207085566017707344e+06
1.859078370073878439e+06
2.807429038997399155e+06
5.799073594170107841e+09
2.914608046685856581e+07
2.160604257173816562e+08
4.309646954212013483e+08
3.301855818610722199e+07
1.101735525570401223e+06
1.565473486812508898e+06
1.421493327096867841e+06
2.317581480439956766e+06
1.178579378998709377e+06
1.129385725353501039e+06
8.395148463421437740e+08
7.572140963276480325e+06
1.310392637187368982e+07
6.759574152408218011e+06
7.082983028511083126e+07
3.145332514246400073e+07
1.531402367322693579e+07
6.058138579940197058e+06
6.584510083897967823e+06
2.062078319974475354e+07
4.821083459784423113e+08
3.756355202253273726e+08
2.035111026818770170e+08
3.982579051571055502e+07
2.379035743988406360e+08
3.349120874498468637e+07
7.149083180490748882e+08
5.955958180662097037e+07
2.972405798145845532e+08
6.588824151586973667e+07
1.024097186181755387e+04
9.797087445776123786e+03
1.020887289557032636e+04
1.003616557592336903e+04
1.009944636882754276e+04
1.054860434993336094e+04
1.015643116910094977e+04
