-1.683435836142661356e+04
-2.120858218419469995e+04
1.461963095773519993e+09
3.634404650843877792e+09
1.861175555982856512e+09
2.889528830866330769e+06
2.488072679485546891e+06
1.886577649799119215e+06
2.263537366144102532e+06
5.896923920441626571e+06
1.009864225505072740e+06
1.297792206361578079e+06
6.480046774293121882e+06
3.793031135044230819e+08
8.843998328145378828e+07
1.000278314556440115e+08
1.693387142655718803e+09
1.594249429990355624e+06
1.680267856843017798e+05
9.948812951342304004e+05
1.159026641525015421e+07
5.376379761183986440e+06
2.260313153878923971e+06
1.113958951109530067e+10
4.754282445286368561e+10
6.630312535241170553e+04
1.541693005263044739e+11
7.530080288096776009e+09
1.367434842410931289e+08
2.631085781151990872e+06
5.133857765140566044e+06
3.844074992038659751e+06
2.605561443303621374e+06
3.027238481892158743e+06
1.980602718633672455e+06
2.024105081083856057e+06
6.743053440625642426e+06
3.584823132947435137e+06
3.476072141493887175e+06
3.315136140470691491e+06
6.911799999073885381e+06
3.246911991707808338e+06
2.643781793568249792e+06
1.343105163488935796e+04
1.419562547540938249e+04
1.462552955636804109e+04
1.327346994420891860e+04
1.475569693783088587e+04
1.329595706169167534e+04
1.432033809786336496e+04
1.475189606835573795e+04
1.369423963023957913e+04
1.348754450164351147e+04
1.438367566136215464e+04
1.424534935266044340e+04
