-1.251618499826511470e+04
-1.431364559657328209e+04
-1.597978613350277374e+04
-1.784066444996239807e+04
-1.688685014021589450e+04
-1.863743699879071573e+04
-1.827612799341735081e+04
8.982763023590960074e+05
9.106276428788416088e+05
7.302619508172485828e+08
2.282070059522230078e+13
4.786250480643447372e+05
3.691965124717175484e+09
7.227486652831735555e+05
6.533127662056791596e+06
1.429113018981000967e+07
4.769347164874783717e+06
2.936619990476547554e+07
5.725308745458430052e+07
4.965273421507198811e+08
5.150361238977236748e+08
9.674041278903913917e+05
4.061672230438843835e+05
1.109652024128562771e+06
-5.817366056325190584e+04
9.786502805757896567e+04
4.379197670839886996e+03
1.585633059952875599e+06
-1.230227542929959309e+05
-1.435860078577566601e+05
1.999570000295815407e+04
1.889158465830321074e+04
1.951046897838459699e+04
1.857549628326599486e+04
1.843682728723238688e+04
