-3.774758261291110102e+03
-8.866661127511320956e+03
9.841508692971955985e+06
-9.257306732989149168e+04
2.336689476627093201e+11
2.296253783131660149e+07
1.244137563380000889e+08
5.613186750108119845e+07
2.245594492286276538e+06
2.897893207310439087e+06
2.207117430414229166e+06
2.116471444924766943e+07
3.142647017981811035e+12
1.650613377188383602e+07
1.237775526406011283e+08
1.311967765615761094e+07
2.244767083224676549e+07
1.440305042189482880e+10
9.521255778936455250e+08
3.199787836554450073e+11
5.029644180879252930e+12
8.785408865629087830e+10
2.842601701018877506e+09
6.596855071560403824e+09
1.129916251296931648e+10
1.640707281735178709e+09
-3.478722492236016842e+04
6.841131559067684412e+07
9.410121247782218270e+05
8.429666701750021894e+05
1.580570200603981968e+06
4.547675960099359974e+06
3.427087745257114992e+06
1.867233053250333527e+06
8.038757417172758840e+06
2.169179737962345127e+06
2.726940967774217948e+06
2.272958996669799089e+06
5.885355425673304126e+06
2.558064836878038011e+06
4.441725617570573464e+06
2.510571290951591451e+06
3.513110640939238481e+06
1.163799528214303078e+06
4.313961652783945203e+06
5.171155067756822333e+06
3.503797550600486808e+06
1.410858895678344648e+06
1.412998821405626135e+06
4.649458949487201869e+06
3.043161324913710356e+06
4.260532970856497064e+06
1.571027303534414154e+06
3.085810974334686995e+06
2.665757395019094110e+04
2.492400138712092303e+04
2.444310040334062069e+04
2.544580940300735529e+04
