-1.141438993473711889e+02
-9.086757907107614301e+03
-7.657306114281294867e+03
9.003982130184279755e+06
5.327278957400364801e+06
2.779225665575561579e+06
3.098489718740148935e+06
9.872487465470953612e+05
1.567521390119764721e+06
6.657412913902409375e+06
5.899872968122900929e+05
4.673937013797425479e+07
1.335051913452758826e+07
2.648110240645228863e+09
2.789751170571217779e+06
1.356651752398846438e+06
1.275565095658479026e+06
1.241719914233347634e+06
-1.892716634382903430e+04
6.175250692102776840e+06
1.077464824484189415e+10
5.119146925409608765e+11
2.052996359968571342e+05
4.153801797198160551e+06
1.058329677404038048e+10
-7.987017834714558558e+04
1.835526476237703562e+08
1.668402366572290063e+08
3.342031547705386765e+04
1.441795714174044877e+07
8.630807102263724365e+11
2.571033494552128983e+10
4.613261600971809775e+07
-1.713361203084180015e+05
4.480675955629110103e+05
1.026837271151332185e+06
3.421584702030324843e+06
1.981334140431997366e+06
2.206038531581077725e+06
3.120968490119774826e+06
6.523773196744482033e+06
2.845966568665792234e+06
2.458946613564313157e+04
2.505365473132813349e+04
2.519587229466103599e+04
2.511011214292442310e+04
