4.015282543526162044e+03
6.679218246605571359e+06
6.189973068321616389e+06
6.019518451276242267e+05
1.105211498674996948e+10
1.105228940447228432e+09
2.859699332441727072e+07
7.621772123465670347e+08
1.184242168736581951e+08
4.142528824326864909e+06
1.419300027615943737e+07
5.368880157561228611e+06
6.047407661335854530e+09
4.567215825676538516e+05
7.118306442538462830e+10
4.919106063557689667e+09
1.913221875810126215e+07
1.004852314239600673e+07
6.078056555229423568e+06
3.205649908953621238e+07
6.888189123191808164e+07
4.182815183077258110e+09
6.595384790148034692e+06
4.420852060151350684e+06
8.026808438140693121e+06
1.204510110046775453e+07
5.909033784674689174e+06
6.015866318519798666e+07
8.574343548365194350e+06
4.580450658619106747e+06
3.147091925698564388e+06
7.027288318891868927e+06
6.693958543072830886e+06
7.985371166961079463e+06
5.791608464747471735e+06
5.028936566825640388e+06
5.987865336710396409e+07
1.486401099654118121e+08
1.494431843519362488e+11
4.442072746187873185e+07
1.785295358596639404e+12
7.140492973166644573e+06
5.573323381129737198e+07
-2.555205766567472019e+05
1.927149589222828858e+06
3.536197856025243527e+04
3.557400814470543992e+04
3.368564667947514681e+04
3.349508596778326319e+04
3.508070360525927390e+04
3.263102885729033733e+04
3.242463191132829525e+04
3.278366632766337716e+04
3.428606008962233318e+04
3.395065411984999082e+04
