4.784927658031883766e+02
2.464434467741710544e+08
2.619919327046981156e+08
3.257779159253893793e+07
1.494182523671638919e+06
3.506936366615011357e+06
1.589975758923012530e+06
4.250429687173578739e+09
1.379775407824374037e+06
2.169100666676404178e+08
8.456263731800021604e+06
1.105048595017535210e+09
1.312776151961198092e+09
1.736660630345347643e+09
4.184705977897219086e+10
7.799408028259036131e+06
5.018046374708138756e+05
6.844074543714629486e+06
3.035451395669563413e+08
8.723808935865265084e+05
1.277864620901675895e+07
3.781253746822143346e+07
1.487509051391140558e+06
3.967222130040743202e+07
7.664882294864566624e+07
4.227437166575883329e+07
1.201467957145167049e+06
1.321599937390885502e+08
2.541460232903979719e+06
9.824636443836503983e+09
2.991809721062519550e+09
5.869543932346861362e+08
2.822928140973831527e+06
3.325692104749256396e+04
3.314722281031819875e+04
3.258837211040389957e+04
3.214046510796088842e+04
3.554714432413654868e+04
3.248828882174080354e+04
3.369847953341467655e+04
3.474852150139471632e+04
3.230762819518431206e+04
3.459790714421964367e+04
3.323929992496385239e+04
3.426938852828767267e+04
3.357338623585872119e+04
3.510057974149953225e+04
3.314144709890507511e+04
3.495719248681352474e+04
