5.917356551038516045e+03
-1.441996311103459448e+03
1.022454111463103630e+07
5.370222802096167579e+06
5.669527111267024884e+04
8.857468866095963866e+06
1.541750400206194153e+11
2.947790029005643129e+08
7.445542871542348862e+08
9.726402876987995207e+07
4.838891052543741651e+06
6.690797919828657759e+05
1.810570611344926453e+10
1.189442657952217385e+06
9.059725453682294115e+06
1.147028667493206915e+06
1.615409217806353001e+06
6.288802896426053718e+06
8.100200171565340133e+04
-1.371844384928381187e+05
2.763709313835390285e+07
1.986067114947251587e+11
2.683167342121864669e+06
7.408464845522306859e+06
2.453923651275355951e+05
2.981859550041938782e+10
1.441579156213165234e+13
1.450622806102256104e+07
1.493927534634786099e+07
2.057304549275807803e+06
1.357115433548676083e+06
5.913163059970003553e+06
2.556133968089044094e+06
1.561830072355136042e+06
1.250705932411168003e+06
6.505378615752605721e+06
3.527814140070124995e+06
1.706258179724876769e+06
1.662447949083836284e+06
1.347303379970395705e+06
1.272523370865037665e+06
3.564479936865012860e+04
3.415594741572841303e+04
3.409744471076654736e+04
3.376408548022605828e+04
3.468714354006238864e+04
3.490102583972297725e+04
3.364030835329595720e+04
3.266503534308396047e+04
3.216615191618198878e+04
3.518070210562628927e+04
