1.286743777468047483e+04
1.262248932126527143e+04
1.023453604558533698e+03
-8.525104222806257894e+02
1.972016229761203527e+09
1.035391663306530356e+09
1.979587165584723465e+06
3.556769066250272561e+06
3.444276610255251080e+07
5.460352617679908872e+06
3.795061308470993519e+09
3.903646356505866349e+07
1.065625784980904162e+08
2.245354507745372559e+12
-4.403105351743494975e+04
-6.431075343653495656e+04
2.635542111800674465e+05
1.345344100046851439e+06
1.760757962265720591e+06
4.399218147192014731e+05
9.891104333659820259e+05
5.278900485079265386e+07
1.490739644113860846e+09
2.656485687970360741e+07
9.606727692572667729e+04
1.452261679951980710e+06
7.495178827005755615e+10
1.612688616636021622e+07
1.631343810045992723e+06
1.635677689916136265e+09
3.780930505721716000e+16
1.484168910617645830e+06
1.182217920452013184e+12
1.675368793375283480e+07
9.635682134983827127e+05
1.432042366518028139e+05
-1.193895524589473353e+05
-2.591979444420390064e+04
7.161127703637767117e+05
7.324835763329101028e+05
3.218931105073471554e+04
3.521214629530312959e+04
3.328586961120448541e+04
3.322739514571000473e+04
3.516678891099931207e+04
3.310290373971310328e+04
3.504075476472571609e+04
3.213246021906528040e+04
3.432602508369938005e+04
3.510695202314804192e+04
3.562362289526473614e+04
3.513821482309489511e+04
