1.214733916572046655e+04
1.281524371352454909e+04
1.021666530329095986e+04
2.762215107901397627e+06
1.652482713345676661e+07
2.863893935966252685e+08
1.194683669164590389e+08
6.449894791598854354e+05
6.992499624854944414e+05
1.095514777699963935e+07
1.436948181086900520e+10
4.904508934731974150e+05
1.248432413099966198e+07
6.624439960798842832e+06
5.177793834045837820e+07
1.835214358977215290e+08
6.864164210879781842e+07
9.143296497441641986e+05
4.617349340309647378e+05
5.164181073749229312e+06
6.416999556195260957e+05
1.884857404071304500e+08
2.664847538326868089e+05
4.054098479959356599e+06
7.461984595337516628e+06
5.500085495648422837e+07
1.100696660596516877e+08
8.308531752143231392e+09
6.144121597028047778e+06
3.793862762810015120e+05
3.549534084975073487e+07
1.110828645402470790e+07
3.048352657006026804e+07
1.261788784409696198e+10
6.262318965375648439e+07
1.126666559212948829e+08
5.354323986891828537e+09
2.336060262661410272e+08
4.571818861481582280e+04
4.461343969226494664e+04
4.315903233199534588e+04
4.580121913519292139e+04
4.673434400603026734e+04
4.323049049583225860e+04
4.573569225371273933e+04
4.707174525537362206e+04
