1.319001744499488268e+04
6.525604167915290070e+10
1.334217899185755491e+09
1.328620904503643746e+06
1.357495612879172666e+06
2.376971474128288683e+06
1.813268412434099960e+10
1.914170496408563256e+08
2.239057301369322464e+07
9.387868147347308695e+04
-9.772509146369392693e+04
6.303527389435393270e+05
7.653702126375322230e+06
7.891651773859478235e+08
8.078234476611610735e+05
8.133168701531100087e+05
3.123312641479136050e+07
4.476698000602185249e+09
3.653494079838585109e+07
8.280654000759936869e+07
8.465047600990357399e+09
2.337892592159285545e+09
1.038758160174245685e+08
9.957279542914031446e+07
6.722549470639141798e+08
7.854081070686379075e+07
1.022670165198710205e+12
3.115798384224455566e+12
8.962584594147600001e+05
3.977111767607730813e+06
1.095610845433042012e+07
2.793145360179899633e+07
2.649370994229549542e+06
3.191963348727591336e+06
2.662304609252232127e+06
5.650214512466743588e+06
2.027770498322360450e+06
6.922492542693726136e+03
8.914973763531770557e+06
7.232977680550285149e+05
-2.313092879260765039e+04
5.240990617677684058e+05
3.245657140423212051e+08
5.016785584573779488e+05
6.958266507940058364e+05
2.560084263023690437e+04
4.506635920749872457e+04
4.612875193529669195e+04
4.489907655198429711e+04
4.466080752803545329e+04
4.584472255936043803e+04
4.463448704290422029e+04
4.508373880929019651e+04
4.359501009580394020e+04
