2.552535839547372234e+04
2.828758189005056862e+06
3.598771093338392675e+06
4.874761979449762963e+06
1.198283701196538448e+09
2.638965782416450232e+07
5.088582773262500996e+05
6.340258257138957269e+05
4.761663230529911041e+09
3.106936459345067139e+11
1.746232951171766967e+07
6.912004383466865867e+06
2.353704093621555716e+07
1.393328977610125303e+09
1.081587880744547583e+07
4.217360267783608288e+07
4.190958389266690612e+07
2.910647049230204582e+09
4.701862470728087425e+07
1.070507451655865784e+11
9.319149119651021063e+07
1.825099656394826412e+09
9.280824311596094971e+11
1.387928006161084414e+09
5.915181774055317976e+06
3.786592954990041256e+07
7.953473195112815127e+06
1.696812127042456297e+06
2.726799091312114522e+07
2.718674936246415600e+06
1.235164504232282005e+07
4.117114050842143893e+08
1.119902767074267752e+07
1.219543678461669199e+07
8.209378317151437514e+06
2.010042734089716105e+06
5.121261350722827949e+06
1.655956209158748155e+06
2.546186565325727221e+06
2.869451912513736635e+06
9.304340022541908920e+07
2.774353098169463158e+09
4.483899069855852285e+05
2.933954555896973703e+06
4.146775531547095490e+10
5.717298499643766135e+07
4.705046265297368169e+06
1.334575018959117006e+04
6.127996477745019365e+04
5.723601501253005699e+04
5.827443163955665659e+04
5.753836907619962585e+04
6.079312278928409796e+04
6.098825563998721191e+04
5.819219616148155183e+04
