6.282020004261992290e+04
5.009228437542371103e+04
4.962489034259539767e+04
1.582941299266931601e+06
3.003815938012378290e+07
3.034249561986929178e+08
5.762748897650146484e+08
1.187964797973849112e+06
3.160213101079649292e+06
4.799618484857756644e+06
8.304562852871980285e+05
1.122784385615927458e+09
1.971408537824380025e+07
1.582236837314785225e+06
5.342035601076567918e+07
-8.753739740835611883e+04
5.790729052411760390e+07
6.549734967747920891e+05
2.274463157046631095e+05
8.957295977522938538e+10
2.665061434012926370e+07
5.003745572251347452e+07
3.912439411219510436e+07
2.670902325976239145e+07
2.866250791327767372e+08
8.000523020936515927e+07
6.365022461182664795e+11
1.827283794981087446e+08
2.369136612265984714e+08
1.749935327251710929e+06
4.416920487075379118e+06
2.275387031749838032e+06
5.781788440975255799e+05
2.654229004128338769e+06
5.013093711023795186e+05
7.687060715744486079e+06
2.107402239980142564e+06
9.494540087616493693e+05
4.054061108577656560e+05
3.796019543543547858e+06
1.028646561805987731e+05
3.306148698471143376e+06
7.682563122802665457e+05
7.128289683604801539e+05
4.231236347712373361e+06
8.285154489549188875e+06
2.890836943733303808e+06
7.934545796031082282e+05
7.531417682803946547e+06
7.523365786289565731e+05
2.067167577676118119e+06
6.606816969806693494e+07
6.892093028476884589e+06
1.725832860252687335e+08
1.126536560743710026e+06
2.460594660024965182e+07
6.467483493807080667e+05
3.476963021666741464e+06
1.481737507160908915e+07
1.041157718433019705e+07
2.130297728921885681e+11
4.585397691110056877e+09
1.024331128836410217e+11
7.546386011462938040e+04
7.585066663363832049e+04
7.848603378016490024e+04
8.056280026452615857e+04
8.029200239447847707e+04
8.150905676976201357e+04
