4.941527542657623417e+04
4.731652946493421041e+04
2.149842886669894215e+06
7.054222204270330811e+10
1.601038183309086040e+07
2.146294447871118546e+09
1.357426673352015972e+09
6.095912754393597841e+08
9.108896411153969821e+05
1.535117592888082843e+06
9.140355597728850320e+06
4.909033432291507721e+06
2.727680209546991624e+06
3.815227894160092773e+11
2.186301246814702511e+09
7.518706311995585263e+07
1.859815723342302442e+08
2.093206913160824203e+10
9.971077289475217462e+07
4.103668743650935940e+05
6.291127091262181641e+12
5.833114827792191645e+05
5.193674662011498585e+05
1.258879224531350136e+09
3.830696262164405733e+07
1.293294234952220321e+07
5.209374749234819901e+05
1.207370349420239450e+06
5.663982704218580246e+09
7.813002643975484534e+04
-3.432408448838765617e+04
1.407474257580033969e+06
1.282368588273511967e+06
7.815952987213875167e+04
7.876169225412706146e+04
7.580790617470530560e+04
7.508251391558023170e+04
7.595475333437672816e+04
7.650799445573741104e+04
8.183684138781920774e+04
7.686191526086797239e+04
7.547048739164834842e+04
7.771002118118334329e+04
7.439261606798757566e+04
