8.080232513964033569e+04
-8.866662876924357843e+05
1.247646584900208109e+04
3.118072189939194173e+07
6.441618252539907396e+07
1.929050430487950146e+08
4.086493871039951593e+07
1.961597810237615928e+07
9.243121924085307866e+06
5.743180079725936987e+06
3.306844983881189022e+06
6.084655962364819832e+06
5.126989587208349258e+06
2.030013217194232717e+07
1.801228066987591088e+08
1.100928847944358177e+07
9.384546957964949543e+05
4.649391596797092818e+06
1.186874478339277208e+06
1.216389607862616424e+06
3.850813392107826192e+06
1.319533157099321671e+07
8.175573916659203172e+07
2.365919995681816711e+11
8.492584306239368394e+06
8.908489434588599950e+06
1.560288642933266878e+09
4.562770829684945941e+08
2.767884682138653472e+06
9.005921083315465450e+08
5.038623811940989108e+05
1.372214280556754582e+07
2.910897005350560416e+06
2.559070601723992266e+06
8.279783929648012854e+06
1.626079284832976013e+07
2.727175665217753965e+06
1.522322939779610559e+07
6.729545271170429187e+05
1.366694514048392139e+07
9.817470947364025051e+04
1.039113316617632518e+05
9.897688685996853746e+04
1.013374556731738849e+05
9.873834850587777328e+04
1.037757256743269973e+05
1.049395419418689562e+05
