1.246288865044023114e+05
1.082181119512889272e+05
1.136558578573020786e+05
2.880083394621363841e+06
3.923586665098960698e+07
1.249560050174187720e+08
4.681897439389342442e+06
5.880950851994136348e+06
-1.502492043758680302e+04
1.540285722457188368e+07
1.176068029884745739e+07
1.650301695952110458e+06
7.759173703029924631e+08
1.040416250002423651e+06
2.582309364691390097e+07
-1.182382030959163239e+04
6.103295812133789994e+06
4.782827817374807782e+06
-4.882265953667570284e+04
4.283890353148127906e+06
1.472039664462991292e+06
9.836310426543487236e+06
7.333274246908424795e+07
1.029718785656335531e+05
1.318961103156916983e+07
3.525952784563852008e+06
4.270156082648036070e+06
1.318278085487899303e+09
3.476074186027858872e+06
1.252444072443441115e+07
5.572009084913770668e+06
2.896979049136359710e+06
7.027519754739849828e+06
8.010292702507486567e+06
2.135435493875119835e+07
1.603261408190225959e+08
1.876551553965896666e+08
5.355897464322804473e+06
7.981595462297555059e+03
-2.592876444750799797e+06
-3.352544613142333925e+06
-2.670540499300850555e+06
6.775211690405430272e+04
-1.513080520097459666e+05
4.538175136521435343e+04
-5.938740919320056215e+06
1.846593585456302390e+04
3.079127159800533652e+08
-3.386004022400896065e+04
-6.207350770569397137e+06
