1.406631594900388736e+05
2.254315022911927197e+06
1.074500316969406843e+09
3.919343289949654341e+08
5.674265837832345068e+07
6.723975139957545325e+06
1.345667078294450790e+07
1.134516075956999207e+10
-8.264966088176349876e+04
1.997210472272988700e+05
4.119869604659350589e+05
2.483036040332208872e+08
3.752095963959489018e+07
2.104141749434741797e+13
9.105822941623751540e+05
2.435862257110466480e+09
8.400860559155119956e+07
1.281911282942040823e+07
5.757009055097896606e+06
2.815045179982530535e+05
2.669457133368229028e+06
7.729456471465991437e+07
4.740977547391167027e+05
6.058420144521276951e+08
3.741190695654537412e+05
5.725776993349486031e+06
2.291126530232453346e+07
1.532791103080214560e+08
2.964294350696289539e+09
1.744998622389145195e+08
8.582642850813811302e+09
3.729177474054687619e+08
-2.763857148392392788e+06
2.369230133404210210e+04
1.079225235181576759e+07
2.440118020878975745e+06
1.197979027839422040e+07
-7.425143314218358137e+04
