1.570008058294458897e+05
1.495739869288396148e+05
1.509913324530841201e+05
1.514410743484213890e+05
1.137312470815646797e+08
2.665416433356446214e+05
8.644623065755691379e+06
1.158309782585145831e+08
5.350565962328521729e+09
1.654002189844058037e+10
4.474814473426090240e+09
3.840685395523908615e+09
2.324564305588178933e+08
1.336796810615420155e+07
1.724856913740999997e+07
1.415673970589323156e+07
1.272525036801451584e+06
5.936796624516813084e+06
4.524905453563328743e+09
3.151145858068254590e+08
1.235077266716566123e+07
9.519000072795001984e+09
5.463614438968208618e+06
1.656822796736192890e+06
1.319738108682717429e+06
4.590554271795524983e+05
8.651249512804244878e+05
3.070511087629671209e+06
7.966739747301760130e+06
4.412664063610411133e+12
1.636888880240251077e+06
5.549363189943221807e+08
1.423049234015762107e+06
-3.907621187817156169e+04
1.876024397921192693e+06
4.357171074218312278e+06
3.444292459953428246e+06
1.382459498602121882e+07
2.829405166242959909e+06
2.592590212483455893e+06
1.846269005613178760e+07
1.794970569748950377e+07
1.604320781559556164e+07
1.633316708052793443e+08
2.806092789017628193e+09
1.297355492786829360e+07
2.850184373914217353e+08
1.834186000817156397e+06
2.109701881933454424e+06
1.380794882184765302e+06
1.165377857148108538e+06
4.287221992979945242e+07
-3.514330523171874811e+05
4.647275669720772654e+06
4.166128374661908019e+06
9.296980443997092247e+08
