1.679157046216372692e+05
1.668858466706672916e+05
1.627934109809203655e+05
1.570154930001629400e+05
8.370761348192826509e+08
1.775924624017549515e+09
2.371656288527785987e+07
1.528227601632558107e+08
6.208301901095936075e+06
2.583033706555033684e+09
1.521870541840975359e+07
2.291134903515591431e+10
9.096348038340469357e+05
4.053851691186165437e+06
1.335514435337635316e+07
3.518172501894635614e+06
1.861797056367588282e+09
5.900781312881872058e+07
1.592227539742468894e+08
1.985923278826653957e+07
1.881154496330474212e+05
2.692870609907208681e+08
1.669755314254571684e+07
1.225905373337704688e+06
7.366222228104730602e+05
4.200770421536907959e+10
8.312126891760008875e+05
2.357108138024581713e+05
3.050760299932033196e+07
4.936190679326541901e+10
1.305750086258410156e+12
1.772892357032566797e+05
1.105068762982821350e+11
3.295497875099771190e+05
3.670668970325712860e+07
8.973626038821998518e+05
1.633219716833186569e+06
1.818787996448441222e+07
6.511123516784858657e+05
2.859769270450092852e+06
1.963114804529301167e+09
3.796131308357164383e+09
4.830048554363207221e+08
2.221772041838477924e+07
6.125371045733760834e+10
1.738243133334943056e+09
-1.466583387096824590e+05
