1.464921254178403178e+05
1.293771373139319476e+06
5.515298258281500638e+07
7.582894318072943687e+09
9.401975415496755391e+06
5.741376554921169300e+05
2.395187159693579888e+05
4.708981026660520434e+08
6.283939518581490964e+07
1.535588400471239090e+08
9.007863767503686540e+04
3.842759875800324138e+06
8.111268418434217773e+12
1.133939338580947224e+05
2.806811961322025163e+05
8.894132791035936680e+05
1.996321157350783760e+05
3.319509513278604150e+08
1.039881509301263373e+06
1.845159961287406832e+07
1.190931377222733572e+06
2.202880992418019846e+07
1.012000728880030918e+06
1.489584948906533187e+06
4.351474734448655695e+07
1.983696486064264085e+06
2.208482898036126513e+06
2.425666803699787521e+10
1.511158589760883944e+06
1.002772374331376399e+06
6.268719669660491636e+05
6.477666376172656892e+05
4.494940862255032361e+07
1.573552141645196825e+06
1.879228710540340748e+06
2.352490620774304029e+06
1.910269423133849166e+06
4.651047490897234529e+07
1.171003971446844377e+07
-2.551953457519863732e+05
1.482670195904358104e+07
2.281547413783406019e+08
-2.334097599782729521e+05
2.410975232262336254e+09
4.390744162260520172e+10
4.962493681862225384e+07
3.706522619867774844e+08
5.473114991719310284e+08
1.004534847720823623e+07
9.938350873885297775e+08
-2.764794952936775517e+06
1.086483513422834015e+11
