-3.647186097535704903e+04
-3.676044551727478392e+04
-3.735906534288892726e+04
4.308952362163102722e+10
8.240558293175643921e+10
5.685934719364703369e+10
8.682050543461519241e+09
-3.181795053138404910e+04
-3.403072634619141900e+04
3.870534866131591611e+06
5.586012234400579473e+05
5.577353332403622335e+05
5.557097003858030075e+05
5.562798273107875139e+05
5.564582992150260834e+05
5.569367250632991781e+05
1.555417768403580412e+07
1.692643302720873803e+07
5.248459328007738292e+07
4.799763874204257131e+07
5.408901667071333528e+07
5.275605105684120208e+07
5.390289121387656778e+07
5.012834358504139632e+07
1.123327334041194767e+08
8.860447094127979279e+09
3.461653917660581207e+10
1.030889871534614380e+12
5.745467967932595253e+09
1.970522611031834036e+07
6.209967181583520025e+06
6.114922177083334886e+06
6.138857758631419390e+06
6.201790051479916088e+06
-1.876318609422829468e+03
-1.874526898114796495e+03
-1.875799847433896502e+03
-1.870317365580558544e+03
-1.871524820040940540e+03
-1.870186602643021615e+03
-1.876594497642392525e+03
-1.875199474109249422e+03
-1.877349931280099554e+03
-1.872892312267911620e+03
-1.870235406859079376e+03
