-3.704405332715476106e+04
-3.735191833801275061e+04
-3.836203567243865109e+04
-3.872980687632686750e+04
-3.953637890237690590e+04
-4.043619061922644323e+04
2.932897787756113410e+08
6.070108102337744236e+08
7.134576033155078888e+08
4.529088480951504111e+08
6.402759400153491646e+07
6.402997443968755007e+07
6.177083308585398644e+07
2.533823637736205578e+09
2.676839252524026394e+09
2.495958051605787500e+15
3.399151504382061200e+16
1.263375593579164000e+15
3.436696972878192000e+16
2.513773225500900400e+16
4.678611734472565353e+06
4.594070008210563101e+06
5.701493520290765446e+05
5.698641298579735449e+05
5.694335577170798788e+05
5.700493097994165728e+05
5.703959883397198282e+05
5.696038075031437911e+05
4.606494913736093789e+06
4.635126022947268561e+06
4.725485882617330179e+06
4.635244738844394684e+06
-1.880890177336055785e+03
-1.870736359224858461e+03
-1.875957223596487893e+03
-1.876074077789002331e+03
-1.881143468530557584e+03
-1.883562819831422530e+03
-1.882426821374770952e+03
