-6.963373586525398423e+03
-7.369688115758166532e+03
-1.127089190387944109e+04
-1.633974632284658219e+04
-1.751852677717726328e+04
8.155367542212054832e+04
1.188217708105315542e+05
5.473656064049818553e+06
6.360864119464129908e+05
7.023396977734531276e+06
1.875047506951631978e+06
1.922812229934162926e+06
2.012047379380011931e+06
2.618401385406136047e+06
9.079594104776912136e+05
-7.221809625292387500e+04
2.242838261498797226e+10
-1.504261764168152586e+05
2.383015532749435425e+10
3.606675651449576378e+09
2.705325483556758985e+07
3.974622910390678793e+07
9.550423825498972088e+06
1.608245385130601935e+07
9.765132278190700337e+06
1.040621567201045714e+07
1.140131759401617199e+07
1.008212389956409112e+07
1.333127336542476900e+07
1.670826383619793504e+07
3.717362023866126686e+07
3.055622077705708798e+05
7.982850920614487259e+05
2.888637824621848762e+06
7.006326502259357367e+05
3.539529038534169085e+05
3.527684403338831617e+05
3.352789795089934487e+05
3.485095603637035820e+05
3.234829229699177085e+05
3.338470672507020645e+05
3.265734645462842891e+05
3.204168883413650328e+05
2.854720816581569379e+05
-1.874480408626113785e+03
-1.868286830377939623e+03
-1.877496749025915051e+03
-1.869284915561147500e+03
-1.868987705725390697e+03
-1.874866868472163333e+03
-1.872048156861099415e+03
-1.877754522009665379e+03
-1.881164454075682443e+03
-1.872650537867972162e+03
-1.873472770081891213e+03
-1.868687182481895434e+03
-1.871051986716629472e+03
