-3.409949360595928738e+02
-1.056780236562008213e+03
-5.498828137304597476e+03
-1.090434457557118367e+04
-8.384974099425013264e+03
-1.756348310152601334e+04
-2.002350898272455743e+04
-2.154477093887579395e+04
-2.826751520665636417e+04
-2.765339486609974847e+04
7.870486651593082352e+05
1.040822399980172515e+06
3.328473133663540706e+06
3.905542308424389958e+08
6.979874830059653282e+09
3.708790419718678594e+08
4.081551091813853979e+08
3.869151073772245049e+08
6.998987485460084863e+06
2.984213008581714239e+06
8.775993413794750813e+04
1.398936021014153771e+07
2.552007267487298232e+06
3.343779058202618733e+07
3.253126128635622934e+07
1.474340995748694800e+07
5.823569761109102517e+06
3.854386299518828094e+07
3.015901693434417993e+07
5.751148047421583906e+06
4.578861267550984398e+06
1.103127116205220111e+07
2.966789299096288905e+07
2.678934491492829025e+08
1.651011571076766774e+07
1.823019578529199213e+07
2.869514470787502825e+07
2.953074527602189034e+07
9.233201581271309406e+06
1.998364484606936574e+07
-1.876649058497336227e+03
-1.871657555945188506e+03
-1.873230192932678619e+03
-1.865796785442769760e+03
-1.864527249683334958e+03
-1.870601779632619582e+03
-1.874474700138176559e+03
-1.869596175660786685e+03
-1.879928904189553577e+03
-1.871247591778839706e+03
-1.869997514709917596e+03
-1.864349358503590338e+03
-1.878799419215647504e+03
-1.874414382106566336e+03
-1.872831285675900290e+03
-1.873611187420203350e+03
