-2.732872519605523848e+03
-2.010890789167686307e+03
-5.505043678246431227e+03
-1.250495642278958985e+04
-8.776123833444107731e+03
-1.244450492797876359e+04
-1.299094582960601838e+04
-9.443303809467899555e+03
-9.128621208494041639e+03
-1.167564810055075213e+04
-1.413540523642049811e+04
-1.396271203171402885e+04
-1.767030013842332846e+04
-1.477338431323658733e+04
-1.722574071575952985e+04
-1.948498368934083555e+04
-1.939228347326065705e+04
-2.436472378702895367e+04
-2.073007947174497531e+04
-1.916080849950370612e+04
-2.217329679674044019e+04
-2.370067491687036818e+04
-2.399305629328722716e+04
-2.411933650439279154e+04
-1.560934589650132693e+03
-1.609250088960630819e+03
-1.628975189640885219e+03
-1.507878615477908170e+03
-1.591693902078637620e+03
-1.625145543163875118e+03
-1.551210308706446085e+03
