-3.735177868302305433e+04
-3.953126282387459651e+04
-3.997615488690255734e+04
2.827667575148424911e+10
2.809026925171722794e+10
4.067320290522175375e+06
6.970423665132666016e+10
4.205348423614822626e+08
-8.868017497609277780e+04
-9.068577625528245699e+04
-9.162780166476103477e+04
-1.085572945294828678e+05
-7.855653973786192364e+04
1.317235755628943909e+06
1.310626352890621638e+06
1.067714339505577236e+08
1.076495733795818239e+08
1.149266832236272395e+08
1.139838129728200585e+08
1.127830475657262206e+08
9.250361484233170748e+07
7.239136055386477709e+07
6.727809016155566275e+07
1.958929579464074597e+07
8.590058412847785652e+07
2.944453736406045035e+07
6.552311315091878176e+07
2.469618178088530432e+06
2.023513335495361313e+07
3.356074368918743134e+09
2.207625246403835714e+08
1.946870784411566257e+08
1.811721993123721123e+09
2.391324102822440624e+09
2.661651227037994862e+09
1.011252637950407863e+09
-1.869616427238186589e+03
-1.871590591861138819e+03
-1.876170233819691930e+03
-1.876860802658222383e+03
-1.881862076872785110e+03
-1.880743394248711411e+03
-1.870077878109004814e+03
-1.875208604822983034e+03
-1.883552441717212787e+03
-1.871632795266283210e+03
