-3.266370397873293041e+04
-3.428490050231847999e+04
-3.586722520013165195e+04
-3.711794800512919755e+04
-3.748778460021747014e+04
-3.795647455439511396e+04
-3.902665769410396024e+04
1.489928593044633977e+06
3.070657068265926093e+06
2.227569554907794576e+06
4.490502085210859776e+06
4.934627434832984582e+06
6.145352108531495556e+06
5.596592425112118013e+06
9.480221543220108747e+08
5.607014345331140608e+07
2.495017847255664170e+08
5.385853840641069412e+08
6.157879446147923917e+07
1.385149991813925505e+08
8.379020547331251204e+07
8.483752096348297596e+07
1.187854311983499229e+08
2.534018422097268701e+08
3.158064343737749457e+08
2.951661019135925770e+08
2.613555382067555487e+08
2.732422543899524491e+06
2.957997252415357623e+06
2.963350962166816462e+06
2.517427667325709946e+06
2.493576965538977645e+06
4.090878238152363338e+02
4.737395677137246821e+02
4.348791505570407026e+02
4.450301139134971891e+02
3.708798355459584855e+02
3.278772939729096834e+02
5.078382353212509770e+02
