2.488883573052480642e+03
-4.225065861566399690e+02
-3.703590922210220015e+03
-3.538438594127546821e+03
-5.119015078433425515e+03
-7.161554457129554066e+03
-4.278862111808623013e+03
-1.057176612661773834e+04
-1.179306566280113475e+04
-1.405820375237625558e+04
-1.211074212902169529e+04
-1.754481361764317262e+04
-1.622847393371858197e+04
-1.976923170640253375e+04
-2.026192304112057172e+04
-2.204772566627739434e+04
-2.385489950035709626e+04
-2.524154181232207338e+04
-2.709183036627059482e+04
-2.689754074609820236e+04
-2.745985952138021094e+04
-2.783719879387946276e+04
-2.724381517082224309e+04
-2.792485341633464122e+04
-2.794555636881927057e+04
-5.436927216428641987e+04
-1.687489704956908827e+04
8.321828447172549204e+04
-1.239852822828117787e+05
8.568449743705082801e+04
8.377365628044336336e+04
6.095841158554743743e+04
8.124287926237523789e+04
-8.761779223169907345e+04
-1.360371699226100754e+05
5.667385310260578990e+02
5.559643438221537508e+02
5.919380937601672485e+02
4.204556178951461334e+02
4.524981938303390052e+02
6.212572391964204144e+02
4.465961823234974872e+02
6.303474185863160528e+02
5.703885578991903458e+02
5.827963305852026679e+02
5.007646050082985312e+02
