1.662771896248894336e+03
-2.409129525015079707e+03
-2.967574792020132008e+03
-5.327758655515695864e+03
-4.381622825267855660e+03
-8.557412957295156957e+03
-8.851638785106442811e+03
-1.048706965109576777e+04
-1.424124418104723009e+04
-1.347404050833256770e+04
-1.276353433844922620e+04
-1.390949828058477215e+04
-1.773704539330103944e+04
-1.684533544850405451e+04
-1.633433862968211179e+04
-2.165714680132393551e+04
-2.216766920793868485e+04
-2.395493643545636223e+04
-2.392469181493326687e+04
-2.176987897883101687e+04
4.500961437651109009e+03
-2.720844647983993855e+04
-2.975694915444838261e+04
1.514797663329307688e+05
-2.077362765039819351e+04
1.363306005366566358e+06
5.199062047368192580e+05
1.022356879168368643e+06
3.901990262439080107e+04
1.031681518712029501e+05
2.184852999045573641e+06
9.981460523467577295e+05
7.276554311657507787e+04
4.140446687928112806e+04
2.841373074594450300e+05
2.236699061437541991e+07
6.227112967340464704e+06
1.581221826843502745e+07
1.789314805266302777e+06
1.409916783728881925e+07
1.832862039656596491e+06
4.947158846584788989e+02
5.137977494620427024e+02
4.909943149770551827e+02
3.480182990592729766e+02
4.299175008857273497e+02
