-3.393605450079806906e+04
1.304348079509181976e+11
3.813633904315358996e+08
3.328117020964521542e+07
1.899035546774611084e+12
3.523687281319199829e+11
2.297093531986955204e+05
2.436453406856321380e+05
6.477004346302216873e+06
5.546125090267236345e+06
6.173327723538546823e+06
3.647081993853081018e+07
1.907013390819763422e+09
2.343460977931781292e+09
1.733045231539822769e+10
7.458971629516848145e+11
1.085807516256341696e+09
2.194362116520734504e+07
7.697688779729181528e+07
8.487032783860847354e+06
1.922529044405900408e+06
2.892387994868343323e+07
4.093767880188870430e+08
1.867233137845702469e+06
1.906933949257832766e+07
2.517883415281809082e+12
3.697633301044278778e+04
2.174373650393850729e+07
1.904879523476190120e+07
1.585657776417674962e+06
2.581408357603247452e+10
2.338864421258259937e+07
3.942345550471218303e+02
2.927494844513421413e+02
4.482304550047265366e+02
3.765198679096356500e+02
3.237933861340570729e+02
4.855504269683151506e+02
3.073540600828418974e+02
2.926770917664980516e+02
3.961145439196843654e+02
