-2.524624567118321283e+04
-3.179038345980820304e+04
1.515790269093738869e+06
1.367828438834671862e+06
2.638252616630975157e+06
6.698853919794256985e+07
2.915340578700521030e+06
2.839169078758679330e+06
2.867477763479718007e+06
4.075676409902556539e+08
5.275276871841508150e+08
6.913378890180810690e+08
6.033562685539969206e+08
6.566122474333167821e+07
-8.342086048962737550e+04
-5.148501060664189572e+04
-5.421142849979872699e+04
-6.830419230600545416e+04
1.117173359720607400e+08
1.907620995144081302e+06
1.587737564442395233e+06
1.624561346899451921e+06
1.707384923047804506e+06
1.914685429859834490e+06
1.797198459998727078e+06
1.152776371470974982e+08
1.492507455262030363e+08
2.896520249570661783e+08
1.337507907538143098e+08
2.534912708550432324e+07
1.730143609358321875e+07
5.315199296992374212e+07
3.704946277773344517e+07
3.998599679936887696e+02
4.989379172382468823e+02
4.832944105546630453e+02
4.413665715789829846e+02
3.389699092486116569e+02
3.144113301114412025e+02
3.060202274293405935e+02
4.543286229455552530e+02
3.238545592516311444e+02
4.172896620639075991e+02
4.053063589260564186e+02
2.966032058745622635e+02
4.490509342174918856e+02
