-3.497072504696028773e+04
-3.631739437712451763e+04
-3.725343301887290727e+04
4.685202713438275270e+06
3.967586009159544948e+06
3.166876133605707437e+06
9.970185664334716275e+06
8.547003026333205402e+06
3.649943855788275134e+06
3.890923684516226873e+06
4.113530855835197493e+06
4.320913082111448050e+07
4.330753566054167598e+07
3.807135649712291360e+07
2.946508352715737224e+08
1.502788075296722949e+08
8.614273564267387986e+07
2.792527394637874961e+08
1.355573877952763736e+08
8.232412581641912460e+07
2.941708348614457645e+05
2.549129074978319113e+05
2.147511689727966732e+05
3.283517617172075436e+06
3.358636382042865455e+07
2.554025763281332701e+07
1.697819292443826795e+08
1.788025602064033747e+09
4.911012824101665039e+11
3.698151695688107967e+09
2.326982009349880695e+09
2.995250211710613370e+08
1.375737138053058647e+07
1.685368230490517616e+07
1.562390701647546701e+07
3.198030737322111055e+07
1.835150911584131792e+07
1.460262232461984642e+07
1.396591309362350032e+07
2.516770207207431272e+07
3.437311171336041298e+02
4.421985046665067784e+02
3.042269729058316443e+02
3.753756661455263384e+02
4.749345347686030436e+02
4.966906507484090980e+02
3.340405184768897016e+02
3.551830923734814860e+02
4.584121052725240588e+02
2.995506872052210383e+02
2.680933274652634282e+02
4.637539221881015692e+02
3.755581816111225635e+02
2.866403473881655373e+02
