-3.088966331100518801e+04
5.505490301274657249e+08
5.272384772933201194e+08
9.024095135652810335e+06
1.003995511252895929e+06
1.122314032702541677e+06
6.729898475416237488e+06
1.661824993764672756e+09
1.867934967627191467e+11
7.724532360661154175e+10
2.107627019259749725e+07
6.512794925218677521e+09
1.304883044599294662e+06
1.654171390474503161e+06
2.516791886251417547e+07
2.516461974622901380e+08
1.910790222656050920e+08
4.895158857927448153e+08
5.832859040055782795e+08
1.431960516907418370e+08
5.993151358810300827e+08
3.780702895992830396e+08
2.586984010215528607e+08
1.202094871684155762e+08
9.733687646459877724e+05
6.174673495715956390e+07
7.256693878445217013e+07
1.105431366869259998e+07
4.173900777720959485e+07
7.526297696199652553e+07
2.431829176520590484e+07
3.698487165954077244e+07
3.290887046474279165e+08
1.205716426487113349e+06
7.847995960066100359e+08
2.710719644064115047e+09
2.925481094771374702e+09
1.716247259265419245e+09
9.950984961327128410e+08
8.029493962762731314e+08
2.126942993967332125e+09
2.469083652748166084e+09
1.304573341663880110e+09
5.045323750783281866e+02
2.706791483535780571e+02
4.540077901853073854e+02
4.024511941121018026e+02
2.747638601402577478e+02
4.079800831804168411e+02
3.624619108377664816e+02
3.334941948873165529e+02
2.939402454110968392e+02
4.317488618358329404e+02
