-1.128021971090400621e+04
-2.647749503915048263e+04
5.839605705856437562e+05
3.742414673557311762e+05
8.685531520204557478e+07
8.111985103325016797e+07
9.681128672334325314e+07
3.537829493829864543e+06
3.826660985757666640e+06
6.475419005704747513e+06
6.453078769757302478e+06
6.764458715422035195e+06
1.359104661234967709e+08
1.344355788021941483e+08
4.704695443778614700e+07
6.369708287331727892e+07
5.765577821347533911e+07
4.904478656110128015e+07
5.697605500474057347e+07
8.731596916021294892e+05
8.225799306323963683e+05
-1.104044132259108301e+04
1.733082579822023585e+07
2.125093982939225063e+07
9.149080850055207266e+05
6.606812206175568640e+17
7.940569260581939016e+05
1.939280188908478478e+06
1.774506047201893292e+06
8.374569035618918948e+06
1.180013223919869587e+07
5.143383063843664713e+06
-2.647357595650681760e+05
2.153935423736159224e+06
6.720308269685202278e+06
-2.391444974097962258e+05
-2.196996641935772495e+05
3.517710535463120323e+02
4.402668979754380416e+02
4.816031430735602044e+02
3.588719361496041529e+02
4.415131244250806049e+02
4.445839890796924010e+02
2.794671337380423211e+02
3.881600901418132707e+02
3.421190841537027154e+02
2.954453578408283647e+02
