1.291219603143112035e+06
1.329026572159963893e+06
2.255199078035704792e+06
1.645849060425009113e+06
8.084421041562777013e+06
6.536560589394293725e+06
6.872689676911541820e+07
1.913578431025336385e+08
1.436338517290359139e+08
2.327724346523961797e+07
5.771093048056881130e+07
1.357782500586162508e+08
9.988295679162720917e+05
5.747894500855182111e+07
8.199081928585918248e+07
5.181463157821164280e+07
6.072105703130767494e+07
4.571428976411704905e+06
4.379272127076813020e+06
4.376661620333238505e+06
5.672924592788256705e+06
3.938432413549684454e+06
5.386871757305229083e+06
4.863447870535416529e+06
5.393101569065698422e+06
8.307306476412103511e+06
1.124859690202778904e+06
1.284889691650386201e+06
1.246950627659712685e+06
1.214330433067272417e+06
1.276415102394819725e+06
1.223242585637571523e+06
1.200101795436795568e+06
1.205076572299426334e+05
6.052926250632636994e+07
2.160351044872034550e+09
7.315493468192713261e+08
2.454299663195317686e+08
2.255179693205704689e+08
9.010804702846568823e+08
8.323904575804198161e+06
1.203222237965225130e+08
6.918583303650341797e+10
1.452006591011527538e+09
4.140386661172263848e+04
8.853762715368571877e+07
1.131698152513039531e+03
1.124287413705518702e+03
1.108763718149042688e+03
1.091194235712173395e+03
1.024005096882901853e+03
1.031155189357697964e+03
1.135981403598067118e+03
1.094572099095908925e+03
1.162331053725210950e+03
