-3.564300974681092339e+04
-3.602295577765119378e+04
-3.623016041314143513e+04
-3.673146656477456418e+04
-3.737019235715109971e+04
-3.759548021318887913e+04
-3.875630310823406762e+04
8.484644435965640259e+10
2.048695230654052258e+09
1.074696915972789795e+12
2.658672848216790625e+14
1.020848941042393088e+09
3.910548924318727539e+12
9.492524571655573845e+08
2.864669949823841858e+10
5.502067679561738968e+08
1.506115306524959207e+08
1.152780328771342635e+08
1.931469587130375803e+08
4.940603421782656908e+08
2.912980041983542442e+08
1.223701675171713233e+08
1.226411802905366719e+08
1.978141751313591897e+08
3.214965652423696518e+08
4.592088513046551379e+05
4.975358783567908104e+05
-2.501502424663025304e+05
-1.231769527467094595e+05
-1.339679335592920543e+05
8.160113366490460467e+05
2.030165520409061573e+05
6.854339701849704143e+05
-2.243364220746126375e+05
1.017647935459157452e+03
1.056872660792228999e+03
1.150155632320442237e+03
1.120907660847646184e+03
1.046402089061564766e+03
