2.891197467539677746e+02
-1.922500043344109145e+03
-2.824394502221926814e+03
-2.679830858656641794e+03
-6.615647941213486774e+03
-1.197915612970031361e+04
-8.363092660302980221e+03
-1.155332939593953779e+04
-8.416278176324638480e+03
-1.012270360774190340e+04
-8.999628452367564023e+03
-1.357419361118871166e+04
-1.411751453433066490e+04
-1.505037555129710381e+04
-1.777762024137877597e+04
-1.851481044574474799e+04
-2.119345136000624916e+04
-2.023223588446663780e+04
-3.227415224908439995e+04
-2.963139772983297735e+04
-3.456371780810914061e+04
-3.338090948900071817e+04
-2.348799773264167015e+04
-3.402431147364774370e+04
-3.402589842434524326e+04
-4.675807858498413407e+04
-2.798800199446997431e+04
-2.572251755155459978e+04
-3.999344632979492599e+04
-6.179227793934963120e+04
-2.474872743444869411e+04
-4.080599902093186392e+04
-3.815985590191947995e+04
-2.797429332431542571e+04
-2.766156349493507878e+04
1.216364383790176362e+03
1.289755759279127233e+03
1.258483070048678201e+03
1.124856076552910963e+03
1.128647456735867308e+03
1.429980140365863917e+03
1.234493366225768114e+03
1.363572699154203292e+03
1.463024412837869022e+03
1.279684738585667219e+03
1.168931803814251907e+03
1.336740230838448042e+03
1.220561804345517885e+03
1.305957090928655816e+03
1.250623902997875120e+03
1.237814878261124250e+03
