-8.238613490351417568e+02
-9.570470903557583370e+03
-1.253463062704319236e+04
-2.563328453969367911e+04
-3.973235089538221655e+04
2.836792427730718045e+05
2.544252309991046041e+07
5.500769514547030628e+07
2.306999741726137543e+10
4.243216547806804068e+06
1.741908332584675848e+08
1.938626217035186589e+08
1.660713181871369183e+08
2.101643891233025789e+08
1.992900917848517001e+08
4.437563605456989608e+05
5.006778289565120940e+05
4.752362014825684018e+05
9.255632241572002411e+09
1.879724132958971094e+13
1.580586096749247000e+15
1.132601467407831001e+10
3.945355181634172058e+10
9.032375519523631592e+11
5.759644779400339508e+10
1.088558484696561098e+08
1.168192170372940302e+08
8.085047887123527527e+08
1.494042319680667222e+08
9.276854132059781253e+07
1.174512881926293522e+08
1.290670305678020120e+08
1.360494607482012808e+08
8.719384504442948103e+07
9.123999098259936273e+07
2.047431278379128277e+08
1.482821460481374562e+08
1.540966962190521061e+08
1.207542818778713495e+08
1.697766729599779844e+08
7.103975349860772491e+06
6.900770458314389922e+06
6.360559437503495254e+06
7.807862044191452675e+06
7.979966808276529424e+06
8.919956954465642571e+06
6.425601645279970020e+06
1.094130696929321857e+03
1.143885568453319138e+03
1.056383331836841535e+03
1.109106436923582805e+03
1.183013007669011131e+03
1.048340811736998148e+03
1.229316212074772920e+03
1.254711802662088303e+03
1.163169341385859298e+03
1.297968325054156594e+03
