-3.322465279722881678e+04
-3.487248653577567893e+04
-3.629804863530617149e+04
-3.688081175530349719e+04
1.174273539407937601e+07
1.050795936838723905e+07
9.227805617078807205e+06
1.123222396813433990e+07
9.679401908686470032e+09
3.588469874224372953e+07
2.654784404715996981e+07
5.076509006592559814e+07
2.589040927798007324e+05
2.639775934710881556e+05
2.576737336817877658e+05
2.063921019422065094e+07
1.700531634031009395e+06
1.665285221271143062e+06
1.813058214681364363e+06
1.700013360919040628e+06
1.770706828488230240e+06
1.690016167427627952e+05
1.662311161388099135e+05
4.122022836027370300e+06
6.137291616245230660e+06
3.517347425201676786e+07
3.377301530154953361e+05
2.633748106565788039e+05
3.590948320065066800e+05
1.284139969489158830e+03
1.153281271558837034e+03
1.248636792616773164e+03
1.130664640612551011e+03
