6.385529818370196153e+02
-6.610532362307028961e+03
-1.855543770478748775e+04
-1.867558539591611407e+04
-2.139928266707512012e+04
-5.954697278217715939e+04
-6.062384857375620777e+04
-4.786000971476834820e+04
-4.763470047872453870e+04
3.718624035514494171e+05
1.555678928774312080e+05
1.846576524402020150e+05
2.360318392448248924e+05
1.364274272538821958e+07
1.268485088586310893e+08
1.219991329303649139e+11
2.165677257202762738e+07
2.852810454280630499e+07
1.592028229074798965e+10
1.343476761940503865e+07
1.379770777077246094e+11
2.615621069354968369e+08
-7.930653184813195548e+04
6.007144875045478344e+08
2.865602637990415096e+05
2.993868901857825518e+08
7.831258064991308451e+08
5.436980090271681213e+10
1.963341124075782020e+06
1.389330252386363456e+06
5.932656033622941002e+06
4.782111364066646434e+06
3.903798749673868064e+06
4.254668647948357277e+06
6.091463340176000260e+06
4.229123702499411069e+06
6.812737126683470793e+06
2.906493419552877918e+07
2.743541975468166545e+07
1.445766838647656702e+07
1.541489808751405589e+07
1.323724084679863043e+07
1.744848840793551505e+07
4.770704886643690616e+07
2.570493157855872810e+07
2.694513809070730954e+07
1.222218825271382229e+03
1.213330767590639880e+03
1.104551393345027464e+03
1.217711147006892134e+03
1.231758784934616415e+03
