3.799114514253785834e+06
3.879542411970666610e+06
6.670108035370106809e+06
6.814454642677521333e+06
8.790539170060180128e+06
2.194303612616693135e+06
1.429969244146704115e+07
7.812237046798645519e+06
7.414487416102424264e+06
9.509872247968420029e+09
1.876975959449525774e+08
3.741037025629165173e+08
2.822744283349147439e+08
5.085607800782571547e+06
9.111098797325350344e+07
4.272677316168601811e+07
5.824685721819373369e+08
9.973679374201045139e+05
7.884694270376585424e+07
1.284649749324481040e+08
4.770752619520869851e+07
9.108752934334248304e+07
6.851925560099956393e+07
4.192841477336867247e+06
5.362097211739121936e+06
3.866889354154768400e+06
4.689433549595454708e+06
7.431806900612354279e+06
6.670179507985602133e+06
5.394267138221876696e+06
5.539205446835191920e+06
5.642160531239069067e+06
5.070825978081737645e+06
4.727424389711170457e+06
1.183970594626294915e+06
1.317635379711347399e+06
1.264875641762013081e+06
1.157220290846489603e+06
1.270835860852289014e+06
1.134377075241087005e+06
5.009868349354697418e+10
2.071004276359105349e+09
4.516866331502790749e+07
7.973964425013680756e+07
6.459223647873579264e+08
1.007180704163126796e+08
1.159876848602784157e+10
8.429518417036236525e+08
2.193420027131959200e+08
1.152085205097915605e+03
1.119175766505853971e+03
1.273449022921791766e+03
1.185523149130196543e+03
1.127117785374837695e+03
1.196941678940318525e+03
1.050460253791854484e+03
1.160268528598331613e+03
1.163520476957783103e+03
9.895311680946906563e+02
1.081066734570194967e+03
1.058836110102623934e+03
