2.538640516999905230e+03
3.104572251021309057e+03
-1.476425457794750764e+04
-1.542289444614405875e+04
-1.515658267481630537e+04
-2.454244507255246572e+04
-2.250595281555275506e+04
-4.303158392893755808e+04
9.735250393504022062e+07
8.058088032096129609e+02
1.726902798729388975e+06
1.195715216300545447e+07
3.019444045483127120e+05
1.050517361160338670e+07
7.837283158749953145e+05
1.241147567144891620e+07
7.604584643814428709e+05
7.679583618563502096e+05
9.937570911304643378e+05
9.347282812344888225e+05
-6.649587922405668360e+04
5.409323127275287407e+05
3.433194208404321969e+07
5.134865838196591940e+05
1.767835536983140558e+07
3.632458070487240601e+10
2.294062056051763147e+07
6.570298776145547163e+05
5.317401235065242508e+05
6.519874862611241406e+05
5.669828980231670430e+05
2.601575526314544259e+05
2.599277373119166587e+05
2.549634430341774132e+05
2.655188541037070681e+05
2.596108417225041194e+05
2.590077292167384294e+05
2.524544028673066059e+05
2.741949368731753202e+05
2.666834368445731234e+05
1.247958704058517469e+03
1.166511731800768757e+03
1.009964733945555054e+03
1.103718519629794173e+03
1.173182061795843765e+03
1.250633611644589109e+03
1.258078089396585710e+03
1.213162891013635090e+03
1.204981600764003815e+03
