-3.393245424078568612e+04
-3.679972241682389722e+04
1.140302149073474482e+07
1.464828616485294327e+07
1.344210712692010216e+07
2.739214401997943060e+05
4.399899411697303294e+05
1.879132333426142188e+13
1.308239396247159020e+05
1.912491311771061155e+05
2.026283270291016379e+05
1.952456547676865885e+05
1.326511505492402066e+05
1.288691682308670320e+07
1.915910919888591021e+07
1.575159469932399504e+07
1.356080083621514030e+07
1.734120239917316288e+07
1.392636798757897876e+07
1.322280500572100282e+07
5.384362665942835622e+06
5.380965730912192725e+06
5.332054094091179781e+06
5.064154163349751383e+06
4.584620291123437695e+06
5.003482131886233576e+06
1.286233401234133393e+08
6.947707438949994743e+07
3.810816106903697848e+08
1.474162830839270651e+08
5.094823856782016754e+08
3.103833011052243710e+08
2.114186510542539414e+06
2.117292537974782754e+06
2.136951079387095291e+06
2.052045912829451030e+06
2.190398672982761171e+06
2.076766471455046907e+06
2.258099225274012890e+06
2.030532255510963500e+06
1.254011577523400774e+03
1.265470561340800487e+03
1.203576146980223712e+03
1.010597889309050515e+03
1.062040564331313362e+03
1.170294722810824169e+03
1.036839108283777023e+03
1.044709020803042222e+03
1.047156003735784907e+03
1.097488519337493926e+03
1.181896279000386130e+03
