-1.578920230764720691e+04
-1.708304754621118263e+04
-1.880634466080831407e+04
4.191774879964559525e+07
-3.171716085015948556e+04
1.765323627589307260e+06
3.041996452834607568e+06
1.645037757908708155e+08
6.988685697653001547e+07
3.953733491095687496e+05
5.366427373806707328e+05
6.408076733656048309e+05
4.902522089188204845e+05
1.285033372770147212e+07
3.090581717070255894e+06
3.516462220189714339e+06
5.540711972579841502e+06
3.899830191816509701e+06
3.475339418803171720e+06
6.051388493381588720e+06
5.911567233454447240e+06
9.749081818320505321e+06
1.782238899119955488e+06
1.562273233742882963e+06
1.668743367580069927e+06
1.758780995935046347e+06
4.748868681330797672e+08
3.442194565869440436e+08
5.476660538802167177e+08
4.071805180556079149e+08
4.106639356314148307e+08
5.954322337198469639e+08
4.876736204559398293e+08
5.468817111575155258e+08
4.769698084026113749e+08
5.385676426651978493e+08
3.262823679064308405e+08
4.432657696671728492e+08
2.162043157942884136e+03
2.273048297187458957e+03
2.318634934196772519e+03
2.096201806240889709e+03
2.062556299622578081e+03
2.264344395774649456e+03
2.181019170644663973e+03
2.177343979430675972e+03
2.079344442599540344e+03
2.233681260054785525e+03
