-3.243545492085733349e+04
-3.492220947852847894e+04
-3.518838634532205469e+04
-3.607754049258172017e+04
1.261323518885846017e+06
1.340999877990272217e+11
2.134018567104056478e+08
5.181444311244505625e+14
1.230020638621812188e+14
6.969922324890932441e+07
8.719057393566805124e+07
2.120779970566050708e+08
7.541328130942813721e+11
1.285564336094717026e+09
2.083383852357708216e+08
2.216168220851131380e+08
1.056845466703448892e+09
1.277790616106959343e+09
1.186480000279638916e+08
1.399641059958929539e+09
3.680054360690447502e+05
7.494149975032217801e+07
6.756689941844256828e+05
1.421494574059207141e+08
3.839286346109106671e+04
9.715470492997168005e+07
4.924446021871160865e+08
2.998507368834803581e+09
4.776939970809076309e+09
4.657377927218420982e+09
2.744558910144485831e+08
2.030446813524846220e+03
1.933936841686576372e+03
1.988787099487293744e+03
2.287997449332993710e+03
2.086993046544870595e+03
2.124060895327624166e+03
2.246244494522310561e+03
2.114564816840953426e+03
