-2.799305139245306782e+04
-3.028193992121704650e+04
-3.554025826487354061e+04
4.906947855793442535e+10
2.294310246594775468e+06
2.329179124467726331e+06
1.099850673788189702e+07
1.495015399710920639e+07
3.149441353136866819e+05
1.051291840859217045e+05
5.497041793303628219e+05
5.802164728742339648e+05
5.520529773440117715e+05
5.586938976902773138e+05
5.448252449635728262e+05
7.688464602940446138e+07
5.394229113085689545e+08
1.488668433565356433e+08
3.998809048452063203e+08
6.843990434271113575e+07
1.499075304936800003e+08
4.209321240708381534e+08
1.157897109153523147e+08
1.463079719588414729e+08
8.340270587844982147e+09
1.649686073046630144e+09
3.341182038583505899e+07
3.415488122167285442e+09
4.415983929873560071e+08
1.866541324902043581e+09
3.070207270472923119e+04
1.064306607080402374e+10
8.873178728855493246e+05
6.493613528216307051e+06
2.228454714125546161e+03
2.327083351145964116e+03
1.962338989273179322e+03
2.269176890021015424e+03
1.937628292047098512e+03
2.098972211711574346e+03
2.308358365862630308e+03
2.331379530501784757e+03
2.143088372626720229e+03
