3.944152322511778038e+03
4.262204355923204275e+03
1.022067088247429638e+03
2.108125083028353401e+03
8.761905431727573159e+02
-1.650207318788678094e+03
5.373583104447025107e+02
-1.145294982827363128e+03
-2.839509917814983055e+03
-5.027082773975074815e+03
-5.079161603517895855e+03
-6.350711217478128674e+03
-8.438512849062739406e+03
-1.220672146162331774e+04
-1.210379914090321836e+04
-1.525866473970891820e+04
-1.492238706987362821e+04
-1.739213691238805768e+04
-1.465235983204114018e+04
-1.598967621899457299e+04
-1.731869383950550400e+04
-1.793649709687675204e+04
-1.790798131747921434e+04
-1.628718105642820592e+04
-2.032977972997623147e+04
-1.986465759157664434e+04
-2.154287428271964018e+04
-1.863120826988437329e+04
-1.930713134718577203e+04
-2.155626914267594111e+04
-1.980401205698818376e+04
-2.532447366928700649e+04
-2.217077019426753395e+04
-2.392088712889082672e+04
-2.328499890031550603e+04
-2.165370678135010530e+04
-2.472969262552104192e+04
2.318691391406435287e+03
2.194044756388640963e+03
2.155119488875148818e+03
2.516657852799486136e+03
2.367025979454861954e+03
2.147554661916918121e+03
2.157720979432167951e+03
