-2.973321627629324212e+04
-3.351235139965881535e+04
2.368601206409788283e+05
1.475499396597695595e+05
1.814333430505442247e+07
1.811964609088005498e+07
1.556558701054466963e+08
7.013838933606065810e+06
5.424166881299289316e+07
8.705163665373739600e+07
9.833483158021627426e+09
4.147435363461884856e+08
1.904084276015708594e+13
1.295203370055476017e+07
5.396435839734674664e+04
6.171642848443504883e+12
1.871647084091967163e+11
1.601921315919414520e+09
2.142913509254816454e+05
7.320893879397312164e+09
6.199627585638477325e+09
2.433511870329204559e+09
4.355866566047663242e+07
-6.725523021673201583e+03
2.607637527007191181e+08
2.690466721376328468e+08
1.752354300830682516e+08
3.038377481487339735e+08
1.859901017084891200e+08
2.171060889376354753e+05
8.711223671580693126e+07
3.488497876343694925e+08
2.284628739806367755e+08
1.735244846120065153e+08
1.148322797565612078e+09
3.143804243770509362e+08
1.239161129793519258e+09
6.674397654279213905e+09
2.741748550756202698e+09
5.400933619854825974e+09
4.327495869371374846e+08
1.622323039402413368e+08
2.104184336292790249e+03
2.328360048445843859e+03
2.320433899016410578e+03
2.109760173344751820e+03
2.030844077956222463e+03
1.930834661495289765e+03
2.291168490230804309e+03
1.932443160833587172e+03
2.329212566089117900e+03
2.113931436895771185e+03
1.937563038986758329e+03
2.094301774223218672e+03
2.271965722394059412e+03
2.334069186425971566e+03
