-4.535172762564219738e+03
-9.862727052245521918e+03
-1.042245864883905233e+04
-9.038973695951397531e+03
-1.523995990890353642e+04
-1.481000243471512658e+04
-2.191926314614509465e+04
-3.645571237812151230e+04
-1.102010114677762613e+05
-1.868649268862507073e+06
-5.790756284604655957e+04
-6.883922828309955366e+04
3.369950462381771300e+06
1.045752805765478685e+07
2.381361092727791786e+09
9.033335399049296975e+05
6.294155930797619512e+05
4.023399206077226554e+05
2.546457238599851727e+08
1.609676734152953029e+08
1.567375242757104337e+08
7.552253459515272081e+07
2.144488293406103551e+08
1.191372452554297149e+08
1.068192533904606402e+08
1.125230790438889116e+08
3.326092595140997320e+07
1.966236193941645697e+07
1.836102550269371271e+07
1.156959980898337997e+07
1.581436811490858905e+07
2.614134828964112699e+07
2.561181463923126832e+07
2.081110122322727740e+07
9.467935379051699638e+08
1.205373512413961792e+10
2.480867862233680487e+07
5.076259784677425027e+07
4.786184133433085866e+06
7.805931856352432631e+06
4.847638076293660328e+06
6.732527392218683846e+06
6.029133658770277165e+06
4.936494522185876034e+06
3.217313984580134274e+03
3.527800026757526211e+03
3.186675971883261809e+03
3.515843577127641765e+03
3.373144924056541640e+03
3.608593173002096592e+03
3.643293466647388414e+03
3.467162093675433425e+03
3.649924484510469483e+03
3.475949968035303755e+03
3.576804072310042102e+03
