2.447528930599053856e+06
2.231573038856570609e+06
4.191982438191732764e+08
1.147560633031103946e+07
6.506025314412099309e+06
1.335325396974448442e+09
5.479954197553031147e+07
2.958818979635392781e+06
-1.150337703180698009e+04
5.981858360564086151e+10
2.725883450046520680e+06
2.715137771301195957e+06
2.428513374264285434e+06
3.037926442231540103e+06
6.265620054012675583e+07
5.303291091414381564e+07
4.991481796783301979e+07
2.730309145171738416e+07
8.668475552507785559e+08
8.068625464629641771e+08
6.699862154235660285e+07
1.596846008125071526e+09
6.718856111822017469e+06
4.793182630423438735e+06
4.717522120777838863e+06
6.016301878827736713e+06
4.536784596646687947e+06
7.959832139930730686e+06
3.580857496524689347e+07
1.576585894707809389e+07
1.539444342437200015e+06
1.484538077882561460e+07
5.722822196162752807e+06
6.333201272932386957e+06
8.611439001453386620e+06
3.226130940143048065e+03
3.567403437996108551e+03
3.303883874454972101e+03
3.612005160705361050e+03
3.240308620062860427e+03
3.373111508619651431e+03
3.449114759252552176e+03
3.582402839992224472e+03
3.396651906775543466e+03
