-3.196436561416416953e+04
-3.234380295315821058e+04
-3.272014549633411661e+04
1.172052633178101540e+09
2.878847795728860656e+05
1.124886617238147557e+07
1.478554402991785482e+07
2.607087416669699177e+07
2.086943056239795983e+08
1.148856751544825174e+07
1.005728277566631511e+07
9.491965610795028508e+06
4.394186283684778027e+06
5.758739835632237606e+06
8.550104134325442836e+06
1.149118149533679895e+07
9.629691048883486539e+06
1.782763368593932986e+08
1.579878248384427452e+10
1.232149321876078993e+08
1.733027324098916054e+08
7.166400565827267170e+08
6.024592178938826546e+05
7.603730006010764046e+05
7.147327006873916835e+05
7.640828922192918835e+05
-1.972421003743274196e+04
-6.689054504008803633e+04
5.169624354966997635e+04
1.271308771771528991e+05
-9.990275117022047925e+04
1.259232994860335893e+05
8.425242166057410941e+04
1.351444995673596859e+05
3.431973785795067670e+03
3.169184458770760102e+03
3.582674422265874455e+03
3.404625478931178804e+03
3.274782318359095370e+03
3.290675178913021227e+03
3.244051800290239044e+03
3.183706233800039627e+03
3.308309756616159575e+03
3.250026964358839905e+03
