-3.153291752170630207e+04
-3.233468827665354183e+04
-3.259667595578986948e+04
-3.342972024760853674e+04
-3.455475438577772002e+04
3.909189966630945913e+06
3.875556551944285457e+04
2.054037646465126872e+08
6.711723912170681357e+07
4.744534897858127207e+07
2.322503643615974486e+07
1.249553087398079872e+09
7.961897462160251141e+08
4.180890387252696157e+08
7.767150329512516260e+08
2.655020514894492626e+08
1.142953219450705498e+07
8.693777882543593645e+06
8.078958184505688027e+06
1.054978408288063854e+07
2.177798661318200111e+09
4.605510824109088898e+09
8.187271344124526978e+08
6.873207619555943012e+08
9.268369022846947908e+08
5.861808300656032562e+08
2.394180078533573747e+08
1.352621525600798035e+11
1.981357094606166705e+07
4.053183378686647862e+07
3.649283353287737817e+07
2.213790089062226191e+07
1.289051572807702608e+07
1.755904294635309651e+07
1.280436577037326619e+07
1.993522412265625969e+07
2.278849286534533277e+07
5.321326213243477792e+07
1.965124580567049503e+09
1.183274017273150921e+09
2.147604872341184616e+09
1.906408378873203039e+09
6.618975631513477325e+09
3.246955152078968240e+03
3.637495265504723648e+03
3.438822591508243931e+03
3.309052437614242081e+03
3.375577893476875033e+03
3.297435857476812089e+03
3.681045558439189335e+03
3.191924744919058867e+03
