-3.187158553658161691e+04
-3.334236204882368475e+04
9.504057659737375975e+08
6.721099030867277384e+08
9.560011669960970059e+06
1.349657350392520428e+08
1.001816910412051082e+08
4.087576438978008926e+06
2.429318073798587918e+08
2.578475503401096463e+08
2.816726804894307256e+08
1.713567058869853914e+08
1.293532361858521223e+09
2.088767224281524963e+11
1.492922679718653439e+06
5.698295093908575058e+09
2.080337103027108591e+06
4.797177987234645386e+11
1.242133383058769703e+08
3.634367320294313431e+09
6.705399994698995724e+06
3.892436128896254897e+08
2.978459408483019099e+07
9.463931386471195519e+07
2.118185763332417309e+08
5.592533525629849434e+09
2.252062753051974177e+08
7.620545721078146016e+05
8.296362219001237536e+05
8.711811635230093962e+05
8.687506085652293405e+05
8.188112304284112761e+05
8.344046638857673388e+05
7.549856170800555265e+05
8.905465495398180792e+05
7.243857565009285463e+05
3.078948178205545992e+05
2.803675195285516093e+05
1.499797203873038234e+05
2.045661335002626583e+05
2.158060171860301925e+05
3.282046671806857921e+05
3.811612272975499509e+05
2.736414852675028378e+05
2.051963582141967490e+05
3.460994969354418572e+03
3.527676155725261196e+03
3.590328823191724950e+03
3.370540718986507272e+03
3.598659175313892774e+03
3.226137241165095475e+03
3.281517898709687870e+03
3.170131760934018530e+03
3.215848420203314163e+03
