3.548085805221457122e+03
-1.682127302109634911e+03
-1.948166174685152509e+04
-3.205443868215749899e+04
1.388144819289665902e+06
1.134818197809419781e+07
1.826600647660180554e+07
2.357604172912694141e+07
8.678704270378100919e+05
7.437668834841381758e+05
4.183235184612588491e+05
4.822793110459839925e+06
4.931903219394627027e+06
6.932760198947562836e+06
1.083656040719978698e+07
8.573121269253609702e+06
7.772269923369353637e+06
7.359500341250631027e+06
5.432189178660864383e+07
1.026011735327620953e+08
1.329637954891942263e+09
2.304915658998469412e+08
5.074122505672743171e+07
5.446921692556039095e+08
2.349849844569412231e+09
2.891181494315231323e+09
2.850893463640294552e+09
3.174495640638072014e+09
1.519362206071203470e+09
1.126869074726505578e+08
1.551100539844770193e+09
1.418447944529716015e+09
3.636001687250605901e+05
2.784028101837979630e+05
3.638058896371679148e+05
3.545582551701224293e+05
1.695991252098323894e+05
4.085874269348851521e+05
4.064209149438410532e+05
3.000791690406348789e+05
3.137518040641940897e+05
6.125833201306451112e+07
6.376728093837809563e+08
1.323536962461507607e+10
1.449564078675843403e+07
9.689235643266836181e+06
3.715199540895308852e+08
2.790269187424992397e+07
7.303477417180490494e+08
5.745574896173140407e+07
5.077524873167690635e+07
3.178326124296407215e+03
3.584599240992072737e+03
3.338031469578621909e+03
3.547225521170388674e+03
3.219667529380385531e+03
3.349295073260407662e+03
3.580732890165614663e+03
3.165280879602127243e+03
3.493847691260249121e+03
3.546344880051387008e+03
3.556985496705106925e+03
