-2.361235899288328073e+04
-3.171831109905276026e+04
-3.271506621094158618e+04
-3.370967617286439054e+04
-3.451356355356847052e+04
4.811406576919072121e+07
1.588685606351247989e+07
4.273821022550204396e+07
4.304901962851578979e+11
1.359267126091975342e+12
9.570541417043083191e+09
1.439679584259008057e+06
1.676074123661724152e+06
1.564680619337285869e+06
1.862512353112477344e+06
1.057835623511623764e+10
1.092781515872084722e+07
6.365064609769988805e+06
2.091835315055461600e+07
8.717160437458972931e+09
3.467884658483107109e+06
9.934084963840840757e+07
2.287463041360460520e+08
2.292321845990123600e+07
2.537441659002272412e+07
1.930288296060066819e+08
7.526930241955545545e+07
2.480788851776539534e+07
2.249131243736597896e+07
6.969309073324765265e+07
4.085079138352543116e+07
7.771264330064947903e+07
2.945424344792742282e+07
3.982736209508631378e+07
5.064751406701555252e+09
1.783167380342757940e+09
1.224752432637833059e+07
1.366669079773931980e+09
2.608087309301603088e+11
4.098391285335063934e+06
3.310319495312025538e+03
3.362818693137669470e+03
3.341646877869527088e+03
3.404784672775247600e+03
3.615300158254918642e+03
3.508691858038742794e+03
3.444778261215251405e+03
3.517879022414970677e+03
