-3.197175998633484414e+04
-3.205878363087913385e+04
-3.283233635988239257e+04
-3.375709541700666887e+04
-3.502839260886886041e+04
1.394071971045882814e+07
7.827561474018074572e+06
6.603958919919589534e+06
6.250400892150687985e+06
1.539624541418317892e+07
1.751319303700117394e+07
1.037338472990901023e+07
1.089878349620205350e+07
2.492916162488293275e+07
3.837933363753404468e+06
3.256758947062026337e+07
5.041938707434745133e+07
6.957624280571879819e+06
2.142827696381558657e+09
9.010128892495778809e+11
9.942719910211322308e+08
7.084171634208417892e+09
8.970593723673284054e+08
3.871262387073864937e+08
6.879769494657319069e+09
2.513194644793404579e+09
5.058488848794360459e+07
3.920592096683600545e+08
1.661810103084436059e+08
1.843026117124099365e+12
3.253574846003877372e+07
1.392083572634341661e+06
7.684318063344798051e+06
1.375637043265517568e+06
3.723080597545898519e+06
1.476811706986802164e+06
1.809361675524282502e+06
2.467346870164602064e+06
1.444651505313091213e+06
1.289974841711275745e+06
5.348104239615036175e+06
2.980546964331221301e+06
1.289063179544138722e+06
2.897324463756243233e+06
3.284030073900969001e+03
3.271748147162463283e+03
3.673494275890989229e+03
3.620714622475905344e+03
3.145812670293351403e+03
3.514285532008827431e+03
3.227859233754599700e+03
3.497386646880535409e+03
3.683887380716128973e+03
3.657532661728590028e+03
3.175853624007402686e+03
