-1.904859280243686590e+04
-2.795044646423654922e+04
3.168259096461068373e+06
2.829039540990044829e+06
3.342042773323741741e+06
7.623698848529974930e+06
9.316584890417364240e+07
3.597822259703508854e+09
3.437533086541698314e+06
4.495589246808043671e+10
4.628475154060006142e+09
5.029794852777430206e+05
8.667630857617573347e+05
1.683462290947262198e+06
2.152348936224465847e+09
1.787666080164145306e+07
1.326534136702221107e+10
1.813574332421552017e+07
2.237572697575159668e+12
1.318602383306363970e+08
5.918015850310621262e+09
3.729124837973716431e+11
6.660735513887152344e+12
1.080275460727599077e+07
9.315358144493967295e+06
1.003780194270268828e+07
5.460247531656297855e+06
8.149271189605693333e+06
2.322918770185614750e+07
2.672308484640054703e+08
-3.094045795959549141e+05
1.356575801365984604e+06
-1.050613067241720710e+05
7.550104283738777041e+07
7.186607815159982443e+07
8.663644534717309570e+11
5.266269836332241539e+03
4.930545175601728261e+03
4.751337724826065823e+03
5.055203464255668223e+03
5.002309155649476452e+03
5.442510901879140874e+03
