-3.029876849351093551e+04
-3.164244794536728295e+04
-3.249231038366176654e+04
1.216188457298859954e+06
1.130659994133979781e+06
1.761238243950112152e+10
6.313911568081672192e+08
1.413804116380604450e+06
1.172475108703526668e+06
1.318010063663369976e+06
1.511861699894125806e+06
1.189880688621448586e+06
3.458887331482122421e+09
4.133689404652551651e+09
1.068707486010401323e+07
7.916607556103134155e+07
8.253006773456569761e+06
2.729211068767196313e+07
2.352043728939424455e+07
1.775712543811604753e+07
1.018810792708997801e+07
3.759158174651653767e+09
4.664133180241002344e+13
1.156965316987954855e+09
1.278633042785829735e+10
7.276452064879642334e+11
4.093395048800511932e+10
3.105402840527638793e+07
1.170825665414184798e+06
2.582427417887293398e+08
4.064165296632253528e+08
3.497551486083747745e+08
6.158099711357023716e+08
2.472613794398703873e+08
1.738399448805191740e+07
2.823147090682659149e+08
8.174820324039269984e+07
9.486393777186609805e+06
2.841815844418151379e+08
5.174130682165152393e+03
5.163968078369158320e+03
5.059860286844603252e+03
5.192658866864192532e+03
5.358518608052516356e+03
5.338201273205515463e+03
4.942489684032683726e+03
5.363676595255266875e+03
5.380768770587543258e+03
5.178153985463868594e+03
5.085972173087968258e+03
5.341100322614453034e+03
4.815412899886607192e+03
4.879621414259861922e+03
4.898389283646247350e+03
5.255948300249001477e+03
5.324429229067114647e+03
