1.135876603746964633e+08
2.217829797665352002e+07
1.730021004390792608e+09
7.217714307032557204e+06
6.763214985928112641e+06
6.606090944833121262e+06
7.177238164001454599e+06
2.123012175523966217e+10
5.783525019236300781e+13
6.776876030839964747e+07
1.988966184019058943e+07
1.915914461431390047e+07
1.566383978697288409e+07
7.581462271436392330e+06
7.845089709301736206e+06
9.350299578802000731e+06
5.208129502143749036e+06
2.804474332078718580e+06
7.308431292794746347e+06
8.546738135685110465e+06
1.611627876146891527e+07
1.447867435072707012e+07
1.015973307934414968e+07
1.579831712350510120e+09
3.573604657410624623e+08
1.319222469842938473e+06
3.365939880141558498e+07
2.947342211604114994e+07
4.711605851150334626e+07
2.654848686135140359e+08
4.825365587890748866e+05
1.533305356932247430e+07
1.530183661312688828e+09
5.860513734740427136e+07
2.019562077312247467e+10
3.902183812539076060e+07
2.704452746977951005e+07
2.308448254098914719e+10
4.705192137332905084e+07
1.184575987158903852e+06
1.001908119278945770e+11
1.527565028736490173e+11
2.966465519398538861e+06
2.147679232349178195e+07
2.873786010003793716e+10
1.689656090053925582e+05
5.338815330696030287e+03
5.063262363623187412e+03
4.753210227956034942e+03
4.789846476907579927e+03
5.358317261968302773e+03
5.390294471878354670e+03
5.335871243488305481e+03
5.381145998327032430e+03
5.124878245806467021e+03
