1.504617958623011783e+07
9.612581184819512069e+06
6.724121193786298856e+06
1.068095878232875466e+07
1.008843581782665104e+07
1.229721802131843381e+07
1.227177910122386932e+10
1.434173394855195098e+07
7.084491605342064798e+07
2.661264760414156318e+08
1.762767823061653972e+07
9.769208430366368592e+07
7.770172405416156165e+06
7.539839220810646191e+06
5.336161280820652843e+06
7.167165661958881654e+06
7.300186537342349999e+06
9.694526118957325816e+06
5.564634284037314355e+06
8.421889863463021815e+06
1.344393885873849876e+07
5.101849419519497082e+06
9.081224245919542387e+06
5.155788141248823144e+06
6.503775266939556226e+06
5.401481610648540780e+06
8.744331925563573837e+06
6.843322340509938076e+06
1.512894757235620543e+07
2.420602564269220352e+09
1.853536506358406067e+09
1.346802481444756889e+10
9.574949555785224609e+11
7.917618335265089111e+11
3.044569213154655075e+10
8.022234605937365294e+08
1.043792459641848445e+09
5.181532052343025804e+07
8.374516547929397225e+07
3.028199211738668084e+08
2.307435821173705459e+08
1.125523909347413927e+08
6.515883283030321449e+07
2.244378390301310730e+10
1.838417029105815125e+11
1.166321137462055683e+08
2.865876937277611718e+07
2.526000980156615067e+10
1.655722778428937867e+07
2.081214886658242035e+10
1.740748777094154805e+07
5.183200606761267409e+03
5.421256071479379898e+03
5.207246024796389975e+03
5.357695719957060646e+03
4.969368565998971462e+03
5.154499467949906830e+03
4.886400860531721264e+03
5.298990135801082943e+03
5.222382765569083858e+03
5.421510960007581161e+03
5.273895913375046803e+03
