-3.098590612944910390e+04
-3.099752271151793684e+04
-3.161477237414885531e+04
1.344006427217331715e+07
5.910043597412788086e+11
1.728006118675239182e+10
1.370422136750083650e+06
7.155045825535835326e+07
4.832514136211448349e+06
8.130053974925737828e+06
5.031077764195528030e+09
1.238958245616994858e+09
1.835471205206508934e+08
2.134191652835396118e+11
3.090713560767467117e+10
1.725549538830678177e+10
7.936282793876766227e+06
1.062601534143111420e+11
7.849766954587936401e+06
6.589386331709235907e+06
1.098684381673709679e+10
6.011248224553780556e+08
1.425567580470357463e+07
2.399221410223660059e+06
1.510521106370108388e+07
1.033590764481593110e+07
7.738473912259242497e+05
7.534695927813544404e+05
6.575727533436011290e+05
6.850625854717614129e+05
6.548002162457701052e+05
6.706317508492562920e+05
7.485054771500951611e+05
6.791212674944286700e+05
7.128527348965276033e+05
8.315486288017389597e+05
1.783264325687839300e+04
-1.384363172838086612e+05
5.341582242308265995e+04
6.875376952863167389e+04
1.504431373889188981e+05
-1.591362047161449154e+05
2.158478115403556149e+05
5.035889624802104663e+03
4.870463162498286692e+03
5.048354920861165738e+03
5.381968269798351685e+03
4.879342965925461613e+03
5.325113876609859290e+03
4.884548536437854636e+03
5.022149947839643573e+03
5.384522977441840339e+03
4.766473871289723320e+03
5.280665317424573004e+03
