-2.807092569965355142e+04
-2.847888066147858626e+04
-2.923304134290257207e+04
5.032665188035128638e+06
5.244917456805011258e+06
8.702923649794197083e+07
4.036839758751729980e+12
6.560157382197169587e+06
9.449506975905524567e+06
8.421514738590285182e+07
2.525540210785585344e+08
9.665566148040671647e+07
4.538971627215063095e+09
3.356651483624080811e+11
3.039224233868814074e+06
1.692564556202555075e+06
3.229514283417280763e+06
4.289058750991085544e+06
5.726935280798804015e+07
7.151888971959559619e+07
8.313061989414757490e+07
1.713392851268927334e+06
1.549673341468685532e+10
6.478690979508377344e+13
4.092452533564411402e+08
1.417020793329381570e+07
3.006267415801236406e+06
3.082339499436574057e+06
1.482936757609288979e+10
2.328682889545747340e+08
5.093071404375545681e+06
1.665449150730791092e+09
7.340471618227136787e+03
6.947471059453411726e+03
7.217127460694988258e+03
7.223877036621765001e+03
7.682213843403063947e+03
7.189476952443132177e+03
6.870335301418992458e+03
7.528363117940956727e+03
7.174120257085975027e+03
7.394977303271647543e+03
7.363718671729264315e+03
7.493107427942886716e+03
