7.840066241913878912e+03
-4.535855171797844378e+03
-1.111909668301408237e+04
-1.368955549835305646e+04
-1.757641183839572477e+04
-1.765040165610742406e+04
-1.762724332902078459e+04
-8.457308177227636043e+04
-6.039254343386694381e+04
-7.976641580885158328e+04
-7.942865656922805647e+04
-6.467793504205377394e+04
6.223678607064276002e+05
2.085373780993932392e+06
3.006058245210500900e+06
2.658386149202924222e+06
6.866867272846837295e+05
8.910364786507524550e+05
4.403707635619244538e+06
4.518502253567513824e+07
8.693494024637432769e+06
2.837220397623279132e+06
2.646882316774494480e+06
2.803961684439729434e+06
1.762815533657385269e+06
3.883897018758300692e+05
4.958488239603241091e+05
-1.059407557905725116e+05
1.922107423316881526e+06
1.345360570433217101e+06
1.233203920232781675e+06
1.956207990570083959e+06
1.497513668454964161e+09
8.641925175550462306e+07
5.588794464118359566e+09
3.912339704952248186e+07
6.877053509864910739e+05
5.323528961130448151e+05
6.360987185263347346e+05
4.697332124117639032e+05
5.686649817989126313e+05
3.583748193431060645e+05
4.828900018306227867e+05
1.099046562812492019e+06
1.709664929235696495e+08
4.388328247801139951e+07
2.127233383001820755e+10
3.374769580982239544e+07
2.987949858505046964e+08
3.435193926920887828e+07
2.165698628313781738e+10
8.274644545828922093e+07
7.332466102415550267e+03
7.013740701204311335e+03
7.508307284100737888e+03
7.413282457396358950e+03
7.729487310296914075e+03
7.290263643332611537e+03
