-2.845160092834206444e+04
-2.880413416088890153e+04
-2.905654855488346948e+04
-2.887372268255229574e+04
-2.940964620374597143e+04
1.286083540745691210e+08
2.319175607405105606e+06
6.361233104666605592e+06
7.903808895220542327e+06
7.413072757282868959e+06
1.667303436840724051e+08
1.760724360554514229e+08
5.759943064307910390e+06
1.082929419638762325e+08
1.783074088838463068e+09
2.678556791766409397e+09
2.338327030239566326e+09
1.733346757468523690e+06
2.293060628834671341e+06
1.789071537095820298e+06
2.538626534501382150e+06
1.142655634618834853e+08
1.343980259161989288e+11
1.438705633005303442e+08
4.998630562855286151e+07
7.919851014936638996e+06
3.807033526955324411e+07
1.088718668966528475e+08
4.106300949297968149e+08
1.718790727317155123e+09
1.700915964941321135e+09
4.678742608217371941e+09
4.196939992451723665e+06
7.307777002865262330e+06
1.634656604493308812e+07
3.863082495293567777e+08
-1.495402374287377461e+05
2.164747964651581133e+05
1.240223365989713930e+07
1.159532863837894917e+09
1.373285759165168703e+08
1.012763109983604800e+16
7.418598794532655180e+07
6.795936778385668993e+06
8.992981443964082748e+06
7.047017593432712601e+03
7.070526996786036761e+03
7.701315889881079784e+03
7.063767623548395932e+03
7.565090377171698492e+03
6.858291880465985741e+03
7.619433732331992360e+03
7.331217078391142422e+03
7.714764408868242754e+03
6.898051299593556905e+03
6.897082037212501746e+03
7.764996942323254189e+03
7.408156789447239134e+03
7.668623821826971835e+03
