-2.731711824674850868e+04
-3.098133057322302193e+04
2.789498711831711233e+07
3.498012956887206268e+10
9.347074421133924276e+06
1.129909276640961878e+07
1.876405610144942045e+09
1.019377889472816110e+09
1.570038994513555057e+07
1.020106371659907512e+07
7.557791193275772095e+09
4.884766195510352850e+08
2.515150304385087013e+09
1.636814063828013372e+06
1.502613363209367543e+07
1.795908109791588783e+07
1.269936476711576618e+07
5.179452242237240076e+06
5.858265497876243293e+07
2.953551152661351776e+10
2.196450622200817108e+10
2.058114921733827591e+08
2.005816177891330793e+07
1.341577904874735451e+10
1.062632606293646852e+06
9.249828029549982166e+05
3.090857304150211159e+06
3.322586819432490156e+05
-2.435035905199352419e+05
2.030654143319328432e+05
-1.042381741399838647e+05
1.068237931356206834e+08
7.164763919856478274e+07
6.489588639452492446e+07
7.821257684764930047e+06
-2.561504819778093079e+05
7.117540535897744121e+03
7.748158542110788403e+03
7.767924765742616728e+03
7.229129778479400557e+03
7.160883030476805288e+03
7.434986679837427801e+03
7.280946029656042811e+03
7.474047269147937186e+03
7.285582727930013789e+03
7.740495812059351010e+03
7.736057871219672961e+03
7.320272283108613919e+03
