-2.290159026395328328e+04
-2.374180231514653133e+04
-2.579580815756996162e+04
-2.536381273657590646e+04
-2.659748584704192035e+04
-2.840586266458622413e+04
1.510287943280410051e+09
9.509782249612616003e+07
4.539762551113190129e+05
7.460898783997219801e+07
2.076125152023904324e+08
6.513638787129063606e+08
7.038065280843345821e+07
6.977233292686414905e+06
3.265918772986479492e+11
3.181325595499301562e+04
2.521145658764382303e+08
2.161840184893064725e+05
5.446313970295928955e+11
4.138113859581044380e+04
3.385130311711803079e+07
3.833308398995377502e+04
3.208798693817469291e+06
-5.574025391106062307e+04
2.316669719550279260e+05
5.027391549857876778e+09
9.558478644355829239e+09
2.114547393145091553e+12
-1.427881897118042980e+05
6.641499225296972500e+14
1.428128151804962397e+09
4.988283841756570619e+05
5.273472017792440057e+08
1.814411571235280514e+09
5.252957784010963514e+06
2.100367526629826054e+06
2.136775703727750778e+09
1.126712985724600498e+06
1.059061674265193869e+04
1.027133111996078514e+04
1.056794519520326867e+04
1.071589677014085464e+04
1.006332187448145123e+04
9.932909563540015370e+03
9.921430036602425389e+03
