2.458688298805640952e+05
2.640371627083208296e+05
4.154310427587620448e+06
6.503890903020530939e+08
5.436759488689596206e+07
1.098312610193155706e+06
9.949013250920517603e+05
1.400566761482071690e+07
1.559406961767582456e+06
4.497674502190195024e+06
4.722343461134024896e+06
1.201582822578416235e+05
9.168041012136833742e+05
7.204116904658651352e+07
1.972789818913519084e+08
2.074685989310372770e+08
3.469110433180626631e+08
2.941806518227871060e+08
3.833272037689069510e+08
5.139556169800630212e+08
5.351176884871826172e+08
4.339695868004517397e+05
1.485130384039178491e+06
1.610673515900999308e+06
1.471716708650128916e+07
1.289330040899312869e+07
4.821598558821184188e+07
5.816767947863860987e+06
5.612148925672505982e+06
1.616789221276159585e+07
1.024405441031467021e+08
2.471234521980729327e+07
1.280952952215328254e+07
-2.689874776649072301e+06
1.311040357931571826e+07
3.620274245009119622e+06
1.877782081094297022e+07
2.828307257524898529e+09
3.362159214454427827e+06
-2.299724034703652142e+05
1.407718185334722220e+05
-7.867385955947875045e+05
1.048941488228592789e+04
9.911624903292977251e+03
9.766944110567623284e+03
1.044253806908213301e+04
9.652673129185917787e+03
9.687562005647487240e+03
1.035611888880716288e+04
1.006184568340590340e+04
1.001035611004653038e+04
1.021701427376095671e+04
9.605355869329650886e+03
