-2.528601727033682619e+04
-2.495654253519925987e+04
-2.530723314519134874e+04
4.208643489930746146e+05
6.831032552571137203e+05
1.182061990874766731e+10
6.232606127525953576e+06
5.029519982792958617e+08
2.747521165650508367e+06
1.717078920444653749e+09
1.152267914055958157e+06
9.784862865149331046e+05
7.904040667607640076e+10
6.594206321018457413e+07
7.625125368824000470e+06
1.057217726081175264e+06
5.951438419325974537e+05
3.625990451048994437e+05
2.916545574054376339e+05
5.416925798108729068e+05
2.385587262248348445e+06
1.468781592940650182e+06
2.531742534023346379e+06
1.777855860456821742e+06
1.333373976803506725e+06
2.701894096921081655e+06
1.752773827849007444e+06
2.437701799172167959e+21
6.928167577604512939e+11
6.023573619900505990e+07
3.237923861006517410e+08
3.233219968146780971e+06
2.250021694165334105e+06
4.737716649029141292e+06
3.851370495627000928e+07
1.796903002454404235e+08
1.432790597671892047e+08
6.975177782572898269e+07
1.896133523824007213e+08
1.231596956006271601e+09
4.747224212240434438e+07
7.315954908935210109e+07
8.380479646883727051e+06
6.921794392610789537e+08
1.285009425878651619e+09
3.194669337080151960e+07
1.003757617719291011e+04
1.038141264211441739e+04
1.023400339248811360e+04
1.056199480591708561e+04
1.062513861151755555e+04
9.848880480996594997e+03
1.030011444659036351e+04
9.936835600281687221e+03
9.834802531102410285e+03
9.859189522061613388e+03
1.058821303900095518e+04
1.001851262003771262e+04
1.001707849558099406e+04
