-2.083622490289363850e+04
-2.229226820571460848e+04
-2.485256664607440325e+04
-2.640785822016731981e+04
1.332487005784438690e+06
1.122869180652932730e+06
2.304648745609236526e+10
1.390103501742095375e+10
5.399225956778986752e+07
1.272467652289916994e+06
8.825244656522390433e+05
1.320643027991680428e+06
6.578314167804994434e+07
2.240682743222816661e+07
6.487417094095443189e+07
1.052897715078514218e+08
3.433647377745041251e+07
2.318077147609138966e+09
7.011064309380516410e+07
3.366360059519174099e+09
1.339284194672879219e+09
7.111609313031430054e+10
2.355042950010349974e+07
3.182478507396653000e+15
1.688366926736065373e+07
2.491064127872793935e+06
2.303520742197819948e+08
6.428163976195912361e+08
9.497451046148517728e+07
9.958696453686064482e+07
2.435931590866404785e+12
3.436252856975940522e+06
4.785388086546295166e+09
2.220306131082559204e+11
4.467321804506871849e+06
3.015890306796609424e+06
1.047224807031650562e+04
9.932455799661140190e+03
1.055723934383373125e+04
1.066116605163624627e+04
1.037326720017867046e+04
1.037843337096486357e+04
9.655270414356637048e+03
1.053443040100403596e+04
1.036747662881782162e+04
9.778266495562886121e+03
1.076995104220151552e+04
1.051421070064595551e+04
9.901886398847302189e+03
