-2.170634508739483499e+04
1.347149054615610046e+06
1.430957943927793996e+06
3.785615313213315676e+04
6.952172926766890287e+07
1.326417732048759311e+08
1.009541358492806368e+07
8.899790020796096325e+07
1.029574787601819038e+10
2.448792521293265000e+07
6.297705699645504355e+06
1.329221995489311870e+06
1.460005114298342960e+06
1.028047898798880157e+11
1.314954556328991195e+06
1.157614576787658036e+06
8.770666778241939843e+06
3.672283848127586395e+07
4.321248853884808719e+07
7.932686265624374151e+07
6.443590599816379395e+11
7.813767355380523205e+07
7.867404330455509424e+08
3.525180881428596973e+08
5.272009400916565210e+07
6.959254898026235104e+08
5.953671484160230309e+07
1.010356411751580797e+07
1.120915742577272654e+07
1.679991596050395072e+07
1.307393513773609877e+09
5.853165821839170158e+07
4.952763061444897950e+07
1.932441639090996385e+08
1.401169538748905897e+09
1.035157553001432098e+04
9.623170297430973733e+03
1.012812000174092827e+04
1.015050350427531521e+04
1.001490204162165173e+04
1.013357445069713867e+04
1.070192024262703490e+04
