-2.414196763104514321e+04
-2.631499755600513890e+04
9.772561351946472423e+05
5.950676061655161902e+05
5.824118434375735000e+06
9.184507775208508968e+07
4.097247602704929304e+05
1.347786141935267253e+06
4.955908946712190509e+08
6.348048813089261055e+09
5.240500855438261293e+06
2.018672670745557919e+07
7.347023983694663644e+07
9.051548323612879030e+05
4.324537358222857118e+07
3.619266426183824986e+07
1.532318857261472940e+07
9.010863860117158294e+07
1.318004822270929441e+07
9.038744311729141474e+08
8.459951118066292256e+06
9.931834139602159262e+08
3.055464128027103027e+12
2.105718635733935833e+09
4.254878170957797766e+07
4.493964882128529996e+07
1.441485996863890290e+08
5.506858245933301926e+09
3.317499694856445694e+10
3.878762309596416540e+06
6.067014868090315625e+13
2.478798328996543214e+07
4.839656950311277509e+08
6.119313390263678551e+09
6.430875626431008301e+11
2.483494750174570363e+06
2.810591929957344662e+06
2.508139618018788286e+06
2.659452191290566232e+06
2.400983428213038947e+06
3.955933613092900254e+06
4.938809503784282133e+06
2.462931488811742049e+06
1.040723082868303754e+04
1.033780523195804562e+04
9.980040264507784741e+03
1.009431101297590067e+04
1.050600039369720616e+04
1.029271020456834231e+04
1.076122333911142778e+04
