7.118697189775202274e+08
2.066648487374192047e+10
1.689071709846504778e+07
3.539711258744042206e+10
6.151132107338679023e+06
4.928258069900561869e+07
2.704844014669260941e+06
8.328316186446152627e+07
4.599097688172328472e+07
3.644472478686166555e+07
6.159250531213459326e+05
1.333294329567396082e+06
5.115495142416244489e+05
5.860251457065448631e+05
5.712511465059797047e+05
6.546542955577387810e+08
8.856822776508687064e+06
5.763969497145751491e+06
2.140949176108817384e+07
1.828012860002430156e+07
2.128242088906369019e+11
1.176776142777817139e+12
-9.915082488639483927e+03
3.079852017227684148e+06
7.547781646678903809e+11
1.577137269982185066e+08
2.883866073712334633e+08
1.586957087572120072e+05
1.222002201484129066e+06
3.878506764096025727e+05
2.568265994637729018e+05
1.439994658246567249e+08
1.945268916814956963e+08
5.964732839812230319e+07
2.923807419684363770e+12
5.369221486589097232e+07
7.420074161752624204e+05
7.881929571454879828e+06
1.257263071597111598e+07
1.044933908026720514e+06
1.015833726141951047e+04
1.027360878819608479e+04
1.006495789075270295e+04
1.004881307353361626e+04
9.715126298688031966e+03
1.072371275547693949e+04
1.007548282717642724e+04
9.826002494816755643e+03
9.662227621913974872e+03
1.035472898184391670e+04
1.055144195872920682e+04
1.009323444364921306e+04
