1.504096972250529937e+07
1.091934315277421661e+07
3.635189426993362308e+08
1.722488850837081373e+08
1.962970929350864887e+07
8.645577526880512014e+06
2.573015555054901540e+07
1.420911770248790272e+06
1.234901392412412539e+07
3.335125270901959017e+07
1.926981288596263854e+06
1.069746486263872534e+08
4.797274144181412645e+06
1.465687890011982812e+13
2.148844076943678856e+08
8.236721838914011605e+06
7.944314682410770264e+11
1.280945490840002336e+07
1.005518791838185936e+08
6.802207980621338822e+06
3.409760886374322325e+07
4.360507757392613292e+08
1.472962126621432543e+09
1.569138064703679383e+08
1.783330190280846357e+08
1.225127226248191446e+08
3.131617110791787505e+08
3.735145489583182812e+09
7.068994073439091444e+08
9.023579016481881263e+05
8.063721717223521555e+05
9.790098404576680623e+05
5.762257312709609978e+05
1.042963347617848776e+06
6.841452055204518838e+05
7.203174082709467039e+05
1.427934289457934210e+04
1.469071986723161535e+04
1.440917455598621746e+04
1.411751494980504503e+04
1.377597725658895797e+04
1.412795493510909728e+04
1.435537277252099011e+04
1.361773528972582426e+04
1.366539683710411191e+04
1.427563065845321398e+04
1.366024931100508547e+04
1.453209566880617058e+04
