-4.567390161214279942e+02
-2.155271239470382716e+04
3.225278889880508557e+07
8.039718875652002171e+06
5.141464075735434890e+07
2.692896774072993547e+06
3.381759894982280675e+06
2.120682952286699787e+06
2.743968078208981454e+07
2.460158532609722018e+08
3.499660618574078679e+08
3.373627367863680124e+08
5.417182152208612859e+07
3.659470454877606034e+08
5.463103210611521453e+07
1.266848153021961451e+08
1.601784497337312624e+07
2.176966473982386291e+07
2.818949422992556542e+07
2.737116413983246894e+05
2.589462605459411570e+05
2.905007729208713863e+05
1.126912034423662186e+10
2.313894042540555075e+07
1.933227385200785473e+06
2.535746583788241959e+10
3.212539137922954932e+07
5.521329844487934373e+06
1.318737525082998909e+07
4.553663831331461668e+06
1.389154536923280102e+04
1.463457525503975921e+04
1.342414322659454774e+04
1.414545639470493188e+04
1.368459351230866741e+04
1.429091778819178580e+04
1.448874521604232723e+04
1.433943574067883310e+04
