-2.157762966067101297e+04
-2.166953119778884502e+04
-2.309576929462862972e+04
-2.256714908901539820e+04
5.393333212905898690e+06
1.268939013872220414e+06
1.635173996728664041e+08
6.737667380354174972e+07
4.526778068799666405e+09
4.291172553805758667e+10
3.413945428881611824e+08
1.067338100215803385e+08
1.472615248130358160e+08
6.255047809942281246e+08
1.010239756060347080e+09
8.873678116618413086e+11
1.590422121826777588e+12
5.901782431321773529e+09
1.567552448126483203e+13
5.235751379544772148e+09
1.232581990083827972e+09
4.014092561067280918e+07
1.303598910401064157e+08
8.377859346427474171e+06
4.105876564361068886e+06
4.955522474452263676e+06
4.239118770090372302e+06
4.099013139845998026e+06
3.344408285914579406e+06
3.796005330520999152e+06
7.924566832730280235e+06
2.507208512282863725e+06
8.821162841886970520e+09
4.620460547028425217e+09
2.067179021576490479e+11
8.262138679206378460e+08
2.784083034988100529e+09
1.354939553335122764e+04
1.385391237707049004e+04
1.327902389029183541e+04
1.344107632260606624e+04
1.416964156548731262e+04
1.376980955615869607e+04
1.374477517728970270e+04
1.409317195309701492e+04
1.322766019430797314e+04
1.392855225989886094e+04
1.457411586804853869e+04
