-1.916043718881391032e+04
-2.184027397069261497e+04
-2.274791675430761825e+04
-2.223437321202090607e+04
1.275955104065713007e+06
1.486589220359817613e+06
2.900047793355196118e+08
2.140365204799560785e+09
3.827457275569538281e+13
2.472776274356748535e+12
1.416311931392659026e+05
1.456827137908922508e+07
4.887491192739031464e+07
1.683552648807810619e+07
1.877065843806188926e+07
7.785797473146246374e+07
1.059769650276380628e+08
2.270402237953582406e+08
6.883651024972594261e+09
8.798728532239566803e+09
2.805404133529648930e+07
5.544695433489780426e+09
2.856435924987288475e+09
3.242072308924910147e+06
1.098929012720696442e+07
1.371821482488069125e+07
3.705103504522947311e+09
1.373292665059302216e+11
7.127240407164168358e+07
1.953084330739442026e+06
1.454097764594739419e+04
1.321079687531746458e+04
1.454004526806939975e+04
1.403542650492599932e+04
1.402045040496275760e+04
1.320826710650380119e+04
1.381616119572997559e+04
1.384119800956128165e+04
1.396036248371913098e+04
1.461230562957862276e+04
1.355175515493209241e+04
1.420917857711337274e+04
