-1.862845674110855907e+04
-2.048361438224023004e+04
-2.097955024623668214e+04
5.681701963295125403e+06
1.627427136012014151e+09
2.100858399795997143e+07
5.155628337758585811e+06
6.089794978922504000e+06
6.143052191152513027e+06
8.732709638571752235e+06
4.448189640509916842e+07
7.090476221385435760e+07
1.867336540773940971e+06
2.581387012028965168e+06
3.875226004117423203e+06
1.998697755082908319e+06
3.120533857586734928e+06
9.626607349769152701e+07
6.560775427423625253e+06
1.934308499068612978e+07
7.592110399088020436e+06
1.050203131433722191e+07
9.974654442884944379e+06
1.918433610700588301e+07
3.469911984471897595e+05
7.236686185933352681e+05
9.334066041259473423e+05
5.673646783274370246e+05
4.192769736642513890e+05
3.903040569383440306e+05
6.323275937089287909e+05
3.999189473931589746e+05
5.234297748767169189e+10
3.879795554276210722e+06
8.625795422891754657e+06
5.374560547883923166e+06
5.613760138986899517e+06
3.581826408595364380e+10
5.345489874219119083e+05
6.584552489889799617e+05
1.062419231519153438e+14
2.175782762432834879e+07
3.395732084613977432e+09
6.402262213240458679e+10
1.458344267412475892e+04
1.350294504009120283e+04
1.345087160623093951e+04
1.453170323601027485e+04
1.416581666612220579e+04
1.400040448405902134e+04
