-2.138638992389805207e+04
-2.207969108955446063e+04
-5.129668112603238842e+04
5.610508425557649462e+05
5.811482981057972647e+05
1.071579794434329029e+06
1.759364302070555277e+06
6.645532740977735072e+07
5.026899485902347565e+09
2.379818473987372126e+06
2.199372268534189463e+08
3.830001931437741280e+09
1.139972609256489277e+09
1.152205948536054790e+08
4.909889631555479765e+08
4.667933359371320903e+07
1.341698679521486536e+07
5.779105248324634886e+04
2.011262179605251644e+06
2.296074124124041409e+05
3.381120452654238790e+07
-1.183336626311053260e+05
1.031908396662872750e+06
5.344579910813773155e+09
9.956533901150369644e+08
1.684391037298573256e+08
6.700405171543128788e+06
8.890052783326480538e+06
3.959933006189972162e+06
3.745749942583484575e+06
8.177048779185433872e+06
1.108268996507632446e+10
4.697133059791817627e+11
3.513600843479637695e+12
4.710928528447982178e+11
9.544881007598925829e+08
6.087382556683866882e+10
5.914293177242517969e+13
7.860347182795451164e+09
1.916198820246971924e+12
4.784107398673433685e+10
7.568417530053530273e+11
3.704399591443933868e+10
1.405664026603515958e+04
1.378361787593926420e+04
1.389175744991263491e+04
