-1.576346117935083748e+04
-1.535737940249110761e+04
8.307929757232475281e+08
1.144986144450699165e+07
2.177938657616228461e+08
1.754597636787445052e+06
3.087807595368584618e+06
5.518079364799007773e+06
9.791891956465601921e+06
5.507082733098758385e+06
3.321885369755425956e+06
4.276482023632784933e+07
5.909097927141785622e+09
4.097401419077092316e+06
6.490552411306775175e+06
8.907173757236305624e+06
6.409751410109114833e+06
9.416240808404583740e+10
4.963797168584276250e+14
9.494479449343183041e+08
1.310829457202641869e+10
2.680005361713791370e+09
6.321217640194970369e+07
2.955693407111425996e+08
1.470669225127495360e+06
5.679536092487400770e+08
2.065160157700709403e+08
7.810499644436877966e+07
2.269327487395882010e+08
5.886703056050885469e+07
3.173219858915750869e+06
1.687178531548417872e+06
8.315050224314978719e+07
1.070115527011612058e+07
1.993922843231736869e+07
2.057215925224144384e+07
5.499285510918806307e+06
6.125188555193791406e+13
1.663312050726900995e+07
8.926521481462292373e+06
8.598949556806555018e+06
5.351039489676444232e+07
3.500392043576021213e+06
1.187121106172419153e+06
8.578086405579288257e+05
9.817460186703939689e+05
1.471400167859159177e+06
7.693575968544008210e+05
1.938882369783869945e+04
1.928658360765973339e+04
1.834916166114891530e+04
1.994315102756576380e+04
1.901039546880792477e+04
1.906380833263453678e+04
