2.097170946122359601e+04
1.893249540861678179e+04
8.966486954859836260e+03
1.616846877710719127e+03
1.062956856249374337e+06
2.154583377058213577e+06
5.604584678301173262e+06
7.881318901328870561e+05
6.566647713898676634e+07
2.406478419988623355e+06
4.331943198334637284e+08
-1.424922363385675635e+04
1.629477653828493953e+08
7.919125586107325554e+08
2.816018927768383548e+07
2.118270322472351789e+08
1.116512124067501910e+07
2.049486385814677179e+07
1.167026958135598749e+08
1.220767206581526436e+06
1.542175539104398806e+06
1.280696222942198394e+06
3.125816177619404718e+07
5.620941407542089462e+09
7.395989670665542781e+07
2.997338536821167916e+07
7.889708889641992748e+07
2.466722653327952698e+07
-1.912698563805462618e+04
1.995388722456294894e+08
1.136094902181798033e+07
4.121495060810843110e+08
1.732944899445820134e+06
2.219083164930026513e+06
5.084708321924293414e+06
2.616317545316060074e+06
4.966096456541739404e+06
6.149146897881846875e+06
3.111704730895492248e+06
5.019849138401446864e+06
2.706071496292391326e+06
4.508261391578094102e+06
4.066455655467495322e+06
4.779881989223956130e+06
6.457917404828699306e+06
3.910428196271983441e+06
6.676272812026260421e+06
2.818657941430498380e+06
3.352608106528942939e+06
4.449081270868363790e+06
1.856367553312299424e+04
1.834105320862345980e+04
1.925911235942848725e+04
1.832282401185162598e+04
1.969623030086475774e+04
1.949980781164290966e+04
1.815776296918472508e+04
