2.188837937572604642e+04
2.156932962429628969e+04
2.051377735007399679e+04
8.690651138686051127e+03
1.045706427502320003e+04
1.313803581073552050e+04
9.467733728503546445e+03
5.318003360483875440e+03
3.335087055616808357e+03
4.733652534221895621e+03
2.694851457977158134e+03
-5.821077201402782521e+03
-8.384055769164689991e+03
-6.180162458577906364e+03
-4.255176392563604168e+03
-5.275330668331065681e+03
-5.283029096727579599e+03
-8.409101252450942411e+03
-1.064727462469710008e+04
-1.123412961665508192e+04
1.837280481257551583e+04
-3.772907479401777528e+04
-3.821011551851512922e+04
-1.469389810139643669e+04
-1.320549956604163162e+04
-3.647922000286696857e+04
-1.748207621757735615e+04
-1.613465227249354939e+04
3.598397293051569723e+06
1.751104716163944826e+07
1.016226511807881743e+08
7.371954107704567909e+07
7.312331686435322277e+06
1.805708504712703871e+04
1.868562501293845708e+04
1.863305872145071044e+04
1.969849499520307290e+04
1.967446242966013961e+04
1.911253713204254746e+04
1.841335275972148520e+04
1.961307127379204030e+04
