-1.658017428023272805e+04
4.757326024338266999e+07
2.352888414687864017e+06
2.567733226203085482e+07
1.356169747463278938e+06
1.033789931255570496e+06
5.624197060060200281e+06
2.313885337273314130e+06
6.680720786564579234e+06
3.173798762885687407e+06
8.874726920716746151e+07
1.147452106288745068e+06
2.092130644585289760e+06
9.462525802393628284e+06
5.765071109008269043e+11
5.126415798824221611e+09
3.103162386668268009e+05
1.686029154884877428e+07
1.992606704595454270e+06
2.064785039127101600e+08
7.443261262869543396e+06
1.629380423657673950e+11
2.253936081412547082e+07
8.048047875619862229e+06
4.888531512333694696e+08
8.724250751117696762e+08
1.511935045239529908e+08
8.134634843000097573e+07
2.524221866535844803e+09
5.005059154636017047e+06
1.973689051348909424e+12
1.366959470047544222e+06
1.121588639699702850e+06
1.326722741638567997e+06
1.032109093722165097e+06
9.748608048029558267e+05
8.507081141078966903e+05
9.260019097320321016e+05
7.336465855771885253e+05
1.984109149738200358e+04
1.942402163614550955e+04
1.982380513680746662e+04
1.851906078820105176e+04
1.805596492402622243e+04
1.991598763302326552e+04
1.917009249791121692e+04
1.889046960367209977e+04
