-1.514452230433532895e+04
-1.554701151893122369e+04
-1.637651279740646351e+04
-1.825676524104980126e+04
9.318473806568309665e+05
2.422144214672909304e+07
5.085035250020265579e+08
8.341645941335653320e+12
5.153660927382702500e+14
1.759026433685632467e+09
1.338457490306220250e+06
8.435325346035429975e+05
5.385922242908049375e+05
8.172934011840508319e+05
9.696970630189836957e+05
6.124174993348434800e+05
2.406751365858116769e+05
6.429104915326233022e+05
6.153657178470821289e+12
1.517776596169272065e+07
1.229264284690015156e+14
2.570949386017298102e+08
4.235862729476501234e+06
2.025764005815764423e+06
2.109654051372493152e+06
2.159261127831555437e+06
1.445938477443791748e+12
1.864599483868056675e+06
1.777116674465423217e+06
9.153945479155062931e+05
1.985037609958369285e+06
9.748675462573926197e+05
1.394204299220326822e+06
1.116106880891680950e+06
9.663497178540300811e+05
1.434417012143601663e+06
2.755796774676041678e+05
6.801597762924102135e+05
-1.031704238888088439e+05
-2.923282798452454153e+04
-6.086534712648647837e+04
1.987892691859936749e+05
1.946461078476946568e+04
1.812187361964580487e+04
1.810340187911016983e+04
1.998721137055591680e+04
1.884876793053367874e+04
1.915646390953304945e+04
1.808471158319554524e+04
