-1.622529789060399708e+04
-1.807340719402353352e+04
5.404428752790213563e+06
2.101078868524120748e+07
9.895246219644712284e+06
2.078768136087498441e+07
2.377040118534757756e+06
1.661927931374736130e+06
4.494875779673404060e+06
-1.069560072106147272e+05
2.592837195308077149e+06
2.406269312411443330e+06
1.656017347874267027e+06
5.570859836996080121e+05
2.752237511765789613e+07
5.337492235196579248e+06
1.781255457109718584e+06
3.385550605244752951e+06
1.753077197380406782e+07
4.414785922577979974e+06
3.951005207856973168e+06
2.222345074688372668e+06
4.077014612782086711e+06
3.738620499967989512e+06
1.109928893098552711e+07
4.662377432445770130e+06
4.627226168616029434e+06
7.015051837678429671e+06
1.769838644639780372e+07
9.556326272958856134e+04
1.043524225759622641e+07
3.992548455449293833e+06
1.608275166527734101e+08
2.258014518550062776e+08
4.080750569453337789e+07
6.489382348631592840e+07
3.161289168617869541e+07
3.724249886487983912e+07
1.812581901201407891e+04
1.847384571648313431e+04
1.975963122543427744e+04
1.916841632002068218e+04
1.859340040894466802e+04
1.888807833515576203e+04
1.978702314619891695e+04
1.987450486793337041e+04
1.821483311147280619e+04
