4.406313506704100291e+03
-1.435371102782872913e+04
-1.564054310811524556e+04
-1.710255115419560389e+04
-1.849191696385826071e+04
-1.893631791491602053e+04
6.405587701002972573e+07
5.941097388375705341e+05
6.300581024953775108e+06
1.190615661005273694e+06
4.386796054744995199e+06
1.290647110877467785e+06
8.487489094774480909e+06
6.859003552954124752e+05
4.807657985138043296e+04
2.886562798415149446e+05
5.440889683504278660e+08
1.532869453986713562e+11
2.138154388554136083e+07
9.181459869327889755e+06
1.227190647593050049e+12
1.517393313495887518e+09
1.588912638431666195e+08
7.646553632328775406e+09
5.093054810304467566e+06
2.492563425009563672e+13
1.541039999039268494e+11
1.618172993031945638e+07
1.306370745412318036e+07
4.967919453468715772e+06
5.892974256106812507e+06
2.339251284631608287e+05
2.854870764749087859e+06
1.423902396993007362e+08
9.838957670094974339e+06
5.579998253268542467e+05
8.643022146877957880e+07
1.996624526008108514e+05
-6.423069016187964007e+04
1.184934653542495072e+08
1.961692509943311452e+05
1.960960441690668813e+04
1.801782017246176838e+04
1.899753845936225844e+04
1.908374970907892566e+04
1.974860281771142036e+04
1.904780843561555957e+04
1.975079103010581457e+04
1.792473964155453723e+04
1.862891561472526519e+04
