4.435174207982658118e+03
4.539982616027875338e+03
1.121339797428845486e+03
-4.367121589094385854e+03
-1.251803572635519595e+04
3.904268675854662433e+04
2.566030752757993105e+04
1.820910605418656633e+04
5.736417566785596136e+04
3.740976991785003338e+04
7.066484335705128033e+05
7.319803488675142871e+05
7.052047141602060292e+05
1.805309663035159698e+06
1.577586094603103818e+06
4.744626104616630554e+09
1.058344684283946157e+09
2.013521045316033065e+06
3.347267729701667558e+06
1.719235201560336864e+06
3.288721662962562987e+05
6.701714248092503287e+06
1.941166472559524298e+09
1.352790167669293365e+11
3.696496076143485494e+06
2.991167071883353218e+07
3.590588261593047529e+07
4.305939857216814160e+07
5.447935945302696526e+07
7.065313888251911104e+07
5.259965547324789315e+07
4.719747638293641806e+07
-1.488290441447091580e+05
1.045397555074140895e+06
1.317012366459503071e+06
-8.932385804414746235e+04
3.924804489173830487e+06
-6.552003531242492318e+04
2.793718093936156365e+05
4.576127082022934221e+06
5.999803983770817518e+06
5.263283398793864064e+06
6.144840623481556773e+06
4.325159616753458977e+06
9.681867784733617678e+06
1.202751375187150016e+07
5.299106907541084103e+06
6.185607142500663176e+06
5.638706332901554182e+06
1.844399134490854340e+04
1.930681140883461921e+04
1.964864063361435547e+04
1.955979459993049386e+04
1.880539817631556070e+04
1.967909171995377983e+04
1.899334806627922808e+04
1.922933676071633818e+04
1.837150366605658201e+04
1.863139246693972382e+04
