-1.211080337420313663e+04
-1.536452484733722304e+04
-1.586243125270789824e+04
2.560951998682029918e+07
2.153525949491367117e+07
1.431348226006621309e+07
1.022616588375530578e+07
5.637705595945437439e+06
1.180305389475422911e+06
1.271675668434541905e+06
7.705092807669435861e+05
1.066254245163924620e+07
2.849515111221755855e+06
4.917741924407569692e+06
7.345471420068081934e+05
3.289876901330505498e+06
1.139679498830568232e+07
6.392124410040163994e+08
8.408388344920307398e+07
1.121702231281434326e+11
1.463546885077292025e+08
6.265397223048799038e+08
1.272109927841260098e+07
1.289374969737839699e+08
2.376653024913444743e+07
1.631967758128178492e+07
1.721408313306930359e+05
2.578515497715198621e+07
8.415365561772307381e+06
3.313608749060437549e+06
6.387958707786499290e+05
5.801945010472758440e+05
3.542246191929895431e+05
5.146058007713424158e+05
1.746858468043954053e+05
1.921005091500883864e+05
2.324765327134166728e+05
6.656673279670658521e+05
6.328715186649786774e+05
6.755758236109005520e+05
5.936821143161770888e+05
1.961538500836134772e+05
8.131887026647327002e+04
1.897802462298705359e+04
1.925569405831510085e+04
1.940571915982002974e+04
1.791814233005404822e+04
1.974975707037470420e+04
1.890257996786120930e+04
1.836775193428192870e+04
1.817775683707860298e+04
1.949945978382212343e+04
1.881564532564405818e+04
