-1.385518035824130493e+04
-1.577337197377241682e+04
-1.505723979978953139e+04
-1.697102433850114903e+04
-1.703769376389589524e+04
-1.708547932249763471e+04
1.375160653740442824e+06
1.436293776073431253e+09
4.853014940950291604e+07
3.050697821127594449e+06
4.257078003180528060e+06
2.593245925082688220e+06
1.342405689213448204e+06
7.396015015010270290e+06
2.266350286139277935e+09
1.636273442743502557e+06
3.242019514530556044e+05
7.618293907547316551e+09
9.191904920601551533e+08
3.386606514147796035e+08
7.493675275902512483e+06
-1.147904573203009350e+05
3.644027438363395996e+11
7.186873439571761131e+09
7.027869836551130371e+11
2.358111899182588577e+09
2.279628831841691284e+11
1.711824249148991211e+12
3.474024387849568129e+08
9.555234309745466709e+07
1.131247724949809611e+08
9.878474265997080505e+07
3.086154478825927377e+08
3.388320911329704523e+07
2.593538988941712500e+13
1.715792124447613001e+09
3.443183581117160797e+10
1.779938216946869195e+08
8.748575419757329941e+09
1.853996326387097361e+04
1.977146130316873314e+04
1.794870455692350515e+04
1.916743288102821680e+04
1.823327843923837645e+04
1.865116107543709222e+04
1.897767824653352727e+04
1.958284144629407092e+04
1.798561113573148032e+04
1.935897486020682845e+04
1.978152685207992909e+04
1.881117183326801751e+04
