-1.239625897013478607e+04
-1.327375779713807424e+04
-1.589531131359222491e+04
-1.641693728991235184e+04
-1.855479813669643772e+04
3.490042077694411390e+06
9.059853717014482245e+06
1.431255639428094402e+07
9.875646372246557847e+06
9.088459336664053798e+07
2.372625179491672058e+11
9.138061478254042566e+06
9.655977328044986352e+06
2.872149657983506471e+07
3.665970138130214997e+06
5.009910364242039621e+06
1.652711255603319732e+06
5.455666241866196506e+05
2.656373164582734928e+06
4.951112597601966932e+06
5.675412077852455000e+15
4.098452071056671906e+10
4.877640931794521484e+11
9.589878338367424440e+05
4.218558691185577500e+15
3.526753536161092520e+08
2.307214274677781388e+07
-8.889873170862121333e+04
9.117386572218775749e+08
9.137622268741883850e+10
2.136399170131028593e+08
1.870762691731729731e+07
3.403972343920457643e+06
1.047002635559888184e+07
6.115822647818797827e+08
1.495822920537282715e+11
2.097119017849085808e+09
1.062596311871874690e+09
4.897495830822772461e+12
1.969061766229216309e+11
7.966168581949056387e+08
7.120833847185803652e+08
8.576851912428189516e+08
1.158050872967979126e+11
2.469832039911435852e+11
1.292849032042281151e+09
1.921085303194215521e+04
1.807366725757136010e+04
1.992117221894281101e+04
1.838179434501830838e+04
1.796172663181278040e+04
1.904224488948070211e+04
1.952910223524601315e+04
1.908919810522632906e+04
1.898897886396336253e+04
1.922580318198027089e+04
1.806525317669505603e+04
1.864046601433443720e+04
1.965630013108724961e+04
1.983979002517843037e+04
1.910286054311317275e+04
1.947641011583845830e+04
1.808797843772228225e+04
