-1.463518251035556386e+04
-1.665364660709575037e+04
-1.611167988322655583e+04
-1.669901762801790392e+04
1.353722810411817045e+05
3.539983301770446897e+08
2.722323543514968750e+12
7.603344401255459525e+05
6.575364537556072325e+07
2.127030132513664627e+10
4.161717319874511719e+10
3.042279823735406641e+13
7.937831451798905945e+10
2.254544539751856588e+06
-1.867188457807333543e+04
9.017251239738877630e+05
5.798956452466253281e+09
2.465717298426954076e+05
7.938655289292792440e+04
5.578327488153154850e+08
6.240158370472029783e+05
6.744858447963783145e+07
1.863701321597262025e+08
1.290658527664389461e+06
1.956889246220175922e+07
2.069894967449233867e+06
2.029110648334933212e+05
1.259135076942314336e+05
5.892561632203848567e+05
-1.835826037883191748e+04
2.004631630265586427e+05
-8.067836106029164512e+03
5.265203706660899334e+05
6.787112115865069209e+05
3.881949549880681443e+05
4.870684928244457114e+05
1.071829834968001815e+05
4.240124151925446349e+05
4.762930862130548339e+05
2.250124865596279968e+06
9.038332741203309631e+10
7.002055240579420328e+08
4.066883065804056823e+07
6.718864399477772415e+07
5.306674530625462066e+05
2.425644562691289062e+14
3.902215534664463252e+07
1.857844140392775635e+12
1.810921036369507783e+04
1.840057993024430471e+04
1.902994767360584228e+04
1.934642880499068997e+04
1.962833432994098985e+04
1.937479196102451533e+04
1.900433947976640775e+04
1.817410084123938577e+04
1.966365591594023863e+04
1.796478974440362072e+04
1.977123395243959385e+04
1.994338292238535360e+04
1.865912239565083291e+04
1.941560533970937831e+04
