1.644751386784044735e+04
1.607980412166862516e+04
1.653910993301992130e+04
4.545680034922959749e+03
-1.643026007037343516e+04
-2.018649671854797270e+04
6.548884582535873167e+06
2.123664398383141961e+06
4.669758219822880030e+08
2.890472639419571310e+07
1.197616061372129822e+10
2.946194004815426841e+07
2.244428093845455647e+08
1.576157069085058272e+08
7.058476659611441195e+06
4.217096235225242376e+07
8.381485899310693145e+07
4.255085954659943283e+07
5.124976758113570511e+07
3.981889731334221363e+07
8.793279669803415239e+07
8.426585917873275280e+07
9.394231602821458876e+07
7.408436072609595954e+07
7.832689904052442312e+07
7.103889194812187552e+07
6.071180369979429059e+06
3.494459345295398962e+06
1.707290326651236713e+08
2.591421949797956040e+04
2.596172031948171207e+04
2.652519187957007671e+04
2.437011945661305799e+04
2.610690605226921616e+04
2.442657263515307568e+04
2.621505961677921005e+04
2.444785844354197616e+04
2.408310230063003837e+04
2.573370329942315584e+04
2.621174369676425704e+04
