-9.886707925663304195e+03
-9.215201382189152355e+03
-1.099477331527740171e+04
-1.117798311160433514e+04
-1.083174102686639526e+04
-1.346692449694937022e+04
1.981098233112773895e+08
3.151544230405846983e+07
1.549154000174285844e+07
1.383810673019290039e+12
3.256439364649250731e+07
6.121250209780285368e+05
5.168260756307658739e+05
1.872047037729653995e+06
5.464357921109597683e+08
1.647224305266089970e+06
1.679461993664640468e+06
1.569718731455763103e+06
2.202665401631854009e+06
8.490335517013768311e+11
6.511896726631761342e+07
6.933474746743753552e+07
7.257296417246892815e+05
4.065907852738674730e+07
2.581981007108181715e+08
1.080587645235718228e+07
6.928058278230629861e+06
2.393179056221463543e+04
4.144071674605641165e+05
3.365338721276751719e+06
3.472149066760553360e+09
4.199013176050218754e+06
2.664697300978456042e+04
2.456223979731960571e+04
2.623026209381455556e+04
2.420188056464988040e+04
2.418529060854125419e+04
2.654272131665659253e+04
2.626764824448490981e+04
2.668270234038034687e+04
2.408599699369643349e+04
2.668757467020704644e+04
2.520659134596129297e+04
2.482440023875233601e+04
