2.656065018714656617e+04
2.579352647994639847e+04
2.784864717583855236e+04
2.442192102936492302e+04
2.355570308292268601e+04
2.329957557609173818e+04
2.239386294454589370e+04
2.205408941123567638e+04
2.620358742531317694e+04
2.481505541575934330e+04
2.325351990856455814e+04
1.973271473831072217e+04
2.170178528427582933e+04
1.877067575485025009e+04
2.053249687233449367e+04
2.158820380325356382e+04
2.134718253526129411e+04
2.071008937674592016e+04
1.933829627620795509e+04
2.812128623701914330e+04
2.570545739636331564e+04
2.597646226572892920e+04
2.588832754471688531e+04
2.705122263023923733e+04
2.587612606395038893e+04
2.691481581189690041e+04
