1.079631606271820450e+10
7.958998259329558350e+06
2.634421369405040983e+06
8.389832368631282588e+05
6.710780208203035872e+05
8.605603279768116772e+05
1.334508983278849335e+11
1.892393486257951334e+07
2.174419002309744060e+07
7.498458861471849680e+07
1.810830701156274299e+05
1.704300327007075539e+06
2.878688818153247237e+06
3.907276115583497565e+06
1.101050716386860758e+08
2.028290412807813846e+06
3.803681132077289224e+08
1.764803591541667702e+06
5.401117949933749624e+06
4.142086139681590255e+06
2.440176197889389470e+06
7.937817922999014147e+06
1.742698607638668036e+06
5.123600121624591947e+07
8.679366348050698042e+08
9.336390578451409936e+06
1.318044018643911229e+06
2.273609356877075508e+06
2.537143248311972246e+06
1.522681461014373926e+06
2.673666171084298403e+05
2.011990441146063968e+05
3.060729979568460491e+06
5.798663768356392393e+05
2.992198675152022857e+06
6.175438343151310692e+05
1.477356811096905265e+06
2.341018227699138641e+09
2.022910951921136677e+08
8.164528316564137936e+08
1.331395569567910433e+08
4.214127889221177436e+06
2.389411349074558541e+07
1.253727085866730288e+07
6.850729055873575620e+06
4.746361229068842717e+06
6.729560205912450328e+06
6.818184684853211045e+06
2.510255092677081120e+04
2.577403386813777615e+04
2.668679458574258024e+04
2.600520744299970102e+04
2.525869013866278692e+04
2.495960269410390174e+04
2.440011021364698536e+04
2.504098073341345298e+04
2.563016409341763938e+04
