-3.587979566273306409e+04
-3.614164855151289521e+04
-3.947570432267224533e+04
7.879301538060678542e+07
7.861487982279910147e+07
1.589114103980088606e+06
1.600792080088208430e+06
1.594906185139967594e+06
3.405539835298906565e+08
3.194149615061780810e+07
1.857579210904426873e+07
3.166831342758334637e+09
1.642385299267555475e+09
1.062407141835754156e+09
5.068590635540741641e+04
5.080862124793117982e+04
5.068755244833285542e+04
-8.301836462297840626e+03
-8.565556127122952603e+03
-1.050367078092883457e+04
-1.041739634410727012e+04
-1.478866387179070443e+04
-7.469494335950388631e+03
-1.335898840005329839e+04
-7.489698412624267803e+03
-1.268402397224476590e+04
4.871149713884558868e+10
3.491520378736190033e+10
5.611040279414583588e+10
4.415043142011200714e+10
5.322608976125415802e+10
5.001234998675010681e+10
3.841091087912840271e+10
4.184492062643027306e+07
4.460837873351532221e+07
3.957232550224339962e+07
4.159823432961015403e+07
4.369742474970220774e+07
4.002559925462996215e+07
4.538176659958964586e+07
4.026362979723220319e+07
4.001570691864659637e+07
-1.821892469328624429e+03
-1.824378331926942337e+03
-1.824144092070462648e+03
-1.823924705019773683e+03
-1.827491748003143584e+03
-1.820383483369310852e+03
-1.829714294276607689e+03
-1.820780547895526979e+03
