-3.700869128955945052e+04
-3.761879407691506640e+04
1.166387390360709513e+06
1.173105443000847939e+06
2.160535201586049194e+11
1.384396596442657523e+07
2.100024065508629754e+07
2.129698863804490119e+07
6.025015558301725984e+07
1.105673900992504321e+06
5.645011996700253338e+06
5.630579632557890378e+06
8.718634648734671995e+06
9.228933375566005707e+06
2.211098176873355731e+07
2.298044638442597166e+07
2.208470643671247363e+07
2.266503253855679557e+07
4.987029650252521038e+06
5.180134035462500528e+06
5.327367576573650353e+06
4.648773334419318475e+06
5.676214209994941019e+06
4.696355446791572496e+06
6.047297035054379143e+06
5.897139711661441252e+06
5.931872270321925171e+06
6.026296343476410024e+06
5.900809913685086183e+06
5.995764276405839249e+06
5.896536930882379413e+06
6.032636994746224023e+06
2.757962346645704820e+05
4.191612807577512741e+09
8.337569387139092445e+09
1.261128986338496022e+07
1.275147320350189400e+10
7.994994327300735474e+09
5.031574907315762043e+08
6.321110358374471664e+09
-1.818319984187779482e+03
-1.820484199959697435e+03
-1.826426437447400531e+03
-1.822976577019173419e+03
-1.830227432532003149e+03
-1.829524573386588600e+03
-1.836580928341718391e+03
-1.818675907059077872e+03
-1.831692509253160097e+03
-1.816045314729155507e+03
-1.830744354276510421e+03
-1.835367972672567703e+03
-1.827080140528269112e+03
-1.835019809792982414e+03
-1.836699000747845275e+03
-1.822539991944184294e+03
