-3.794659665950499038e+04
-3.946600569382811227e+04
6.612933214285178110e+06
6.882861544441186823e+06
6.815887568577568978e+06
8.017125492823614739e+06
2.124689169252815723e+09
2.585030945529144287e+09
2.208088725866579533e+09
8.043494133730633736e+09
8.492848114207061768e+09
7.508439837925280571e+09
2.123129805173740685e+08
2.278420901141867936e+08
4.351059726213441849e+09
7.291624657766265869e+09
2.204897767288073540e+09
6.628101215570184708e+09
2.771754685066691399e+09
1.092717158507052995e+07
1.080612407992793992e+07
1.070579269775384665e+07
1.079994056513335928e+07
1.069682415980484150e+07
1.068028401464308612e+07
1.075471554537169822e+07
1.071898674629369378e+07
1.098105724993982911e+07
1.089188714850794524e+07
9.897148808126072998e+11
8.546888439440472412e+11
7.445805427569813232e+11
6.741436550539144287e+11
3.068355233050236106e+07
3.109547542962703481e+07
3.114318167153904587e+07
3.130354444643064588e+07
3.063007761002056301e+07
3.066657209914096817e+07
3.076792299094465002e+07
3.065153564084154740e+07
-1.833046099091297947e+03
-1.820239258743182290e+03
-1.815899079967261059e+03
-1.832712649052002234e+03
-1.835059926144400379e+03
-1.836064493787707761e+03
-1.831439693405991420e+03
-1.818663578818173846e+03
-1.832613773644261528e+03
