-3.329941590230466682e+04
-3.670376134095055750e+04
-3.762575432716644718e+04
-3.868671829426691693e+04
-3.948113585648244043e+04
-3.991689894259664288e+04
8.570215863698171616e+09
3.131044693417994976e+08
4.630509434460772872e+08
3.354663973627624102e+06
3.071293835712550208e+06
5.004127385332978964e+08
7.117257039136884212e+08
6.573031196175509691e+08
6.007419648735051155e+08
9.769891879153525224e+05
9.673989029502850026e+05
9.688238127662232146e+05
9.677234699571926612e+05
9.786751153923113598e+05
2.677533243310730362e+10
2.864832658179491425e+10
2.341632453242326736e+10
1.752979417923220825e+10
1.650732204716333771e+10
2.798079548408122253e+10
1.534955686519508660e+08
1.584810018423410058e+08
1.431358247854402661e+08
1.662599333572246432e+08
1.782514114768745303e+08
1.948114465941041112e+08
1.804541817707459331e+08
2.054814903612628207e+07
1.977192294823633879e+07
2.065647439057113230e+07
2.143805391096461937e+07
2.174912151897085086e+07
2.141933275938862935e+07
2.095232191332321241e+07
2.106579051154983044e+07
2.068149400306974724e+07
2.082595511591534317e+07
1.979609729481314123e+07
2.138353295564353839e+07
-1.819533825913997134e+03
-1.822699773840606213e+03
-1.822522106237214757e+03
-1.830082172317575896e+03
-1.818144227520184359e+03
