2.693352324402077496e+07
1.794075576234151050e+07
2.900173770290094893e+06
1.819215102333250809e+10
1.412574077924533486e+08
5.077454501617104560e+07
5.210322681631869823e+07
6.166476936840343475e+08
5.995165725921599194e+06
6.009699483913877979e+06
2.354981797569864273e+09
3.984532979583399296e+09
3.115872505480837345e+09
2.637655808580589771e+09
6.333878899611695670e+04
6.114396488172788918e+07
1.198673115702066338e+06
3.482621926017671824e+06
3.448807442630067002e+06
3.459742039608450606e+06
4.634716635353321908e+04
3.961402314380916505e+04
4.043000204293525894e+04
1.382030486711495667e+11
1.855129961370393982e+11
8.669549291180613708e+10
1.814599568778149414e+11
-2.008366743485796032e+05
-1.879311606441914337e+05
-1.831219745212863781e+05
-1.786612469074620749e+05
-1.939473204881228739e+05
-2.009542258636893239e+05
6.906542617784908295e+09
8.223063711745614052e+09
8.075160150121039391e+09
6.037930695742025375e+09
7.944953193390014648e+09
7.332143750063484192e+09
7.085550676690611839e+09
7.958040162560730934e+09
-1.819453501200070605e+03
-1.820048348080861615e+03
-1.835762421841616742e+03
-1.830918814979610033e+03
-1.835244018501922255e+03
-1.834634223245695466e+03
-1.836105586895952001e+03
-1.833267235536855878e+03
-1.825182018704654183e+03
-1.828434705456515076e+03
-1.834454432528611505e+03
-1.832420564034138806e+03
