-8.306127431925342535e+02
-4.694021143591067812e+03
-2.350921661782291994e+04
-2.490530078033594327e+04
-5.031860937165041832e+03
-4.805791488187724462e+04
2.956117461761838640e+05
3.257915853403675137e+05
1.628961478697256884e+06
1.639901030255654156e+08
1.166694531103096157e+07
2.129469229752856493e+08
8.938945484286701307e+06
1.976870538794687251e+06
2.576328641302116215e+06
2.512049310621689074e+06
9.612151218441309175e+05
4.155768310184624279e+05
4.676744545970664476e+05
3.917598731129834778e+05
1.702814193140632659e+07
4.341883653094705194e+06
1.457506101952530676e+06
6.640331112190402928e+04
1.067627015430968488e+06
6.783434661456642672e+06
2.001162755925436497e+09
2.242859783190297894e+05
6.281490853720848681e+05
9.367210424727081060e+08
9.668867625266214833e+06
-1.829309111017384566e+03
-1.817299210931931157e+03
-1.826967867294792086e+03
-1.833445405625272542e+03
-1.821728049243014539e+03
-1.812349155029223766e+03
-1.815614101160957944e+03
-1.833771542569331359e+03
-1.820833741648995783e+03
-1.819416169478150550e+03
-1.832386063036159612e+03
