-2.347557274281884020e+03
-4.005574454892048379e+02
-3.383004692718175647e+03
-4.194164615658424736e+03
-5.678855224055761937e+03
-4.207720729202163056e+03
-4.001559243624986266e+03
-5.573863220640560030e+03
-6.406534355899158982e+03
-7.912063138711644569e+03
-9.668375267767580226e+03
-7.965221683655836387e+03
-5.870588995204190724e+03
-5.979660582388489274e+03
-8.985463543435180327e+02
-8.600545827961759642e+02
-1.018512796234106645e+03
-8.166281336713145720e+02
-9.590078577386302641e+02
-9.527725535495264921e+02
-9.981775604668800952e+02
