3.416948931542197533e+04
2.291106851077282772e+04
1.743989665011137549e+04
1.256324628620593285e+04
1.372341265170699262e+04
7.366823461262167257e+04
2.482282055334144388e+04
1.991778588966643205e+06
1.576792347395550227e+06
4.608706736250679940e+06
1.310141906809660196e+08
1.985802708442645967e+08
3.023401890479859710e+07
3.141584109732954204e+07
9.805669728298452683e+05
8.495608091309819138e+05
1.185414764411713462e+06
2.113776038252332211e+09
6.125910751563042868e+05
1.825733525693177478e+06
3.056941971877273638e+06
1.404649841734000249e+06
5.646802923579785042e+06
2.821624514023021329e+06
1.778700742219249019e+06
3.973881786936369259e+06
1.998818406863313913e+08
3.047654979529285058e+07
1.201986867737246246e+11
8.209473397504742257e+06
9.913014801057137083e+05
6.710634876633347012e+06
1.202343147172938474e+07
2.528433675480647949e+12
3.117105414734575897e+07
3.525091274864270235e+04
3.424368864172685426e+04
3.337608907243647263e+04
3.358232023056002799e+04
3.512116456674769870e+04
3.428820873534746352e+04
3.333071669951864169e+04
3.491004406415027916e+04
3.419442397901002550e+04
