3.113931624594806635e+03
1.078363773963435960e+03
7.971223528547871858e+06
1.348372324011141434e+06
5.406114535564209335e+06
8.689516055723439157e+07
1.249225616474393196e+07
4.754016193809072673e+07
6.603505387224349193e+06
1.893448104299202934e+07
9.262861161200519651e+06
1.673933025454625895e+05
-1.185310542449199420e+04
4.498401669823387638e+06
2.146724975624538492e+05
1.832988009586951812e+05
2.096505008199689910e+05
5.795092262310327496e+05
5.131261813932425343e+06
2.639062879846055876e+05
5.916389216727296589e+05
7.303804985507057905e+08
4.123790426738921553e+07
1.966872356815310121e+08
4.810215394610579610e+08
2.689243446424624883e+06
3.890348110637086391e+09
1.378415096873850441e+10
1.748082993280800292e+05
1.397562195105974388e+05
6.502407322244165838e+07
6.096326137026442587e+07
1.497778902523197021e+11
4.182979954796848819e+06
2.455177503503555655e+08
2.648238342612950504e+07
8.807211235751560889e+05
4.260060169617667794e+06
2.343178851174074225e+04
3.812835003194474848e+05
2.544891440149016306e+07
2.211463540054829600e+16
2.400655592740348540e+06
3.512775174988163053e+04
3.473628370916721178e+04
3.242830010238225805e+04
3.265880095610924764e+04
