3.548779080289768171e+04
2.627120454537129990e+04
2.232552614349657597e+04
1.946216608938990976e+04
1.287673356971891189e+04
1.129403390403709636e+04
-6.866400458886612614e+04
3.471428324799715192e+05
1.638397348387505044e+05
-7.541810442404290370e+04
2.914095878086386681e+09
2.625654460114095360e+06
2.917137544438713696e+06
1.539551958051803112e+09
2.662880096531893359e+05
3.958920053422478959e+05
6.810997735855693054e+10
6.493246811636984348e+08
7.919330304429937601e+08
5.829502049601763487e+07
9.430490778913320974e+06
4.474533169695679688e+12
7.698746191891321912e+06
6.029683556511135539e+05
9.598662869874794036e+06
2.546374261787581921e+09
-6.014700288889778312e+04
1.855402869384993683e+05
3.029291222710894654e+05
6.812938838428768795e+05
2.365264611028896179e+06
7.669385020421145600e+04
1.193233839156669332e+06
3.969215509071779670e+05
2.407445714311297517e+06
1.387277843442286924e+07
7.675502830183580518e+06
2.994233882938988972e+06
3.215835992198316846e+06
2.216227145797562320e+06
3.313892215232669190e+07
2.196227419770318083e+06
3.765763795804636320e+05
9.003919028873833595e+05
2.002267963038062211e+06
8.769899409721900884e+04
1.833985716908589937e+06
2.606055485410873219e+07
4.237912806504801265e+05
1.008986569344663024e+08
6.538398193616793305e+07
5.157298092059343308e+07
7.626729887652729452e+07
2.367172438075401485e+08
3.438884513852142845e+04
3.444528076074650744e+04
3.380940665540139889e+04
3.399136172016675118e+04
3.498890621225282666e+04
3.489972915528298472e+04
3.307152596575717325e+04
3.564673418989536003e+04
3.266962116625334602e+04
3.557467803087079665e+04
3.283201486420951551e+04
3.474811990491169854e+04
