-6.377768901384260971e+02
4.972129412160502397e+02
-6.221929876847570995e+01
-1.000715969713710365e+02
-2.936182253739389125e+00
1.621130553481979063e+06
6.345271159546604380e+06
1.513424126833732426e+07
1.415844011909955414e+06
1.532368172110393271e+07
3.691791580852224231e+08
5.964699499747821130e+06
3.293012881692511961e+07
2.675872623667728007e+08
5.895286552469282411e+06
1.435262277586526703e+06
2.850480694922156632e+06
3.752197737369716051e+05
2.756336312055118033e+05
9.526454498227830045e+05
9.520062325923278695e+04
8.702878240813149139e+06
1.638479270005672932e+09
8.296829891748593330e+09
2.731352179920856375e+06
5.164549294543495178e+09
5.845744745344749689e+08
2.175142941964755058e+09
5.759161157777167559e+08
1.771469613989360631e+08
3.667445121096715447e+05
4.318114827178706182e+05
1.484478703706659180e+12
-1.304598019697895506e+05
2.038025048591985251e+04
1.753523533536928240e+06
2.971434165761736408e+07
2.086209282386361562e+14
1.492060334484230727e+06
3.716938377797574520e+09
-6.075559169883590221e+04
2.488615239462275803e+07
1.028467047799593396e+07
3.893832536169681698e+06
4.251491098172500610e+10
4.196718150904433727e+09
2.645174001855786424e+06
2.463025382690839004e+06
3.408769712422700832e+04
3.223011217575025512e+04
3.518831206659926102e+04
3.454378843680015416e+04
3.215149070618566475e+04
3.508653597487977822e+04
3.292756745787500404e+04
3.270169905088836094e+04
3.419140883113601012e+04
3.545198880560960970e+04
3.541967886992901913e+04
3.309540538208474754e+04
3.297007588598231087e+04
3.459707781958486885e+04
