3.737735250796417677e+04
3.463714054248863249e+04
3.354468570394946437e+04
3.641059371514681698e+04
3.627632228786617634e+04
2.713325214990309178e+04
2.871779435447340802e+04
2.997166320251787693e+04
2.738289566357161675e+04
2.466273507757982588e+04
2.594723629722205078e+04
2.315914763504140865e+04
1.772312265330481750e+04
1.959809619020352693e+04
2.417010098862075392e+04
1.538113414522925450e+04
2.003904176520882174e+04
1.786729668364615645e+04
1.560660302126716124e+04
1.631964458442059549e+04
1.627335347039852059e+04
1.406949078954591823e+04
6.733004875518803601e+03
1.288514703036053106e+04
7.295636286569628282e+03
1.495631565639376640e+04
1.213999656576078269e+04
1.207494658899329079e+04
1.109190307452726120e+04
1.081295689461629081e+04
-2.883052007802412845e+03
-2.420605458625378378e+04
-2.775534166117533459e+03
-1.510123639526340412e+04
-1.134400965687833377e+04
-1.095583083702296426e+04
-1.778760098475439008e+03
3.257757427420874592e+04
3.339680890895696939e+04
3.316752354818806634e+04
3.353528400398028316e+04
3.399498030553161516e+04
3.350058222357355407e+04
3.332560628670369624e+04
3.416024129468374304e+04
