6.126457869100595417e+03
-2.324328645839583987e+04
7.107962252539284527e+06
1.087759937889490277e+06
2.692041187309998274e+07
8.595777638998345938e+05
1.817582342074114829e+06
1.507283855459874263e+06
3.162423626501715742e+06
7.698286240215565078e+06
6.942568054853547364e+06
3.880822514708457515e+06
2.272295046044449508e+08
2.894013124201958008e+11
7.134267736250716448e+07
8.184744130963672638e+09
2.476730300559536934e+09
1.793190269103023071e+11
4.104228298957016319e+07
4.737822961818806827e+06
4.360383887971287966e+08
5.231334151539656520e+08
2.789924736286412598e+12
2.136457819376476172e+13
3.659505601159046637e+04
4.457591738498255610e+07
1.204311894915327139e+04
3.449111150423607975e+07
2.521622723770365723e+12
6.422433717258670807e+10
4.932263477917967796e+09
3.513616419916116167e+06
2.334344993932276562e+13
1.551592216322093010e+10
2.383551944131950662e+07
2.538935143478278809e+12
7.008214089521890640e+09
3.491671204293213668e+04
3.373635327322740341e+04
3.492692344812417286e+04
3.219669891169658513e+04
3.513717849235766334e+04
3.393970062439909088e+04
3.512413637845640187e+04
