3.495780407458820264e+04
4.119792349512194778e+04
3.883746513271874574e+04
3.143104790565877192e+04
3.577262485251094040e+04
3.679224384175457089e+04
-2.886181578732955677e+04
-7.901293713546807703e+04
-2.605844406644501723e+06
4.196761750121063960e+04
-7.846352125131463254e+03
2.934934014409795782e+04
-5.814495956746166485e+04
1.407855254206238315e+06
5.217024779438298428e+05
2.836550773933264241e+07
1.031711603162650168e+08
1.264479847075231075e+08
7.712936649436745644e+09
1.845483974252443612e+08
9.568419108045606613e+09
1.101571932652065754e+08
1.527612645831257105e+09
9.209176636021905579e+05
1.954674553434381494e+06
1.884138519800315145e+06
9.122908697039178805e+05
6.544194462575892685e+05
1.090324457282274403e+07
2.944609174910905305e+06
1.038335830587105476e+06
4.824908143309710547e+06
4.457738413791235536e+06
1.231519500785650685e+06
8.176042443458810449e+05
4.460448381270759739e+06
4.203967411350701004e+07
4.707997614958814345e+06
2.949539448336376227e+05
2.848100607829331979e+07
2.619164541679257236e+05
-9.856205570187504054e+04
4.815064242021968216e+07
2.389132109306276590e+07
-6.951412480949198653e+04
-1.921014870071512123e+05
-1.795958770752233977e+04
1.476551755837064236e+07
4.368612498799001332e+04
4.684880350887370878e+04
4.472601959549181629e+04
4.371888542799331481e+04
4.547880069266245118e+04
4.484368598006741377e+04
4.464273853652711841e+04
4.483961356416202034e+04
4.506495710228406824e+04
