4.836398095930863929e+04
3.906174557176583767e+04
3.612387966569852870e+04
2.967352608230070327e+05
8.916831350928797619e+05
1.219412139372569509e+06
1.865257116259255260e+07
3.271363999277949333e+08
8.428161155037114397e+06
5.850219489648529291e+08
5.203739745088760376e+09
6.091256995233077556e+07
2.334529632545449829e+10
3.698538091780032963e+07
8.389290670170351562e+11
1.143376162286490936e+11
1.262710309109801292e+10
7.136235989068184793e+07
3.128995407463546842e+06
2.060635679205188900e+07
1.696055638915696335e+10
1.782835705262022495e+09
3.694058001197559061e+05
3.707280411915542603e+09
4.075593375427655992e+05
4.892924790370885166e+05
1.582682067363403738e+06
2.746658988643135875e+06
3.732447095983346226e+05
4.137300145274063689e+05
7.834241222850620979e+05
6.604046379818907008e+05
4.463169074108148925e+04
4.515243490687778103e+04
4.414761059872002807e+04
4.691656033750949427e+04
4.459988359359002789e+04
4.694439955815862049e+04
4.472955633394155302e+04
4.718381995044078212e+04
4.473358943689992884e+04
4.704318912652338622e+04
4.331036141771374969e+04
4.425540703818993643e+04
