6.571032205945200287e+06
3.404985656166194379e+07
8.580302885141139850e+05
9.173183463958759094e+05
2.640816271377440915e+07
3.005458973327297345e+07
7.015717397981957765e+05
1.487468546333648633e+13
6.900353499828639440e+06
1.430365121927709877e+08
4.072007244950344786e+06
1.568520217514822721e+09
6.273214737342424011e+10
8.839207920590441208e+05
1.538748533008996248e+08
7.064606724599184468e+06
1.053018986814397424e+08
9.327557036275068298e+06
3.761325353898025118e+06
5.117116782961800927e+05
8.815711443513702834e+05
1.841837315676325466e+06
1.953781854782220675e+06
5.012669666157175303e+08
3.001721099242238561e+05
5.562737449554459572e+09
6.084049293035768718e+07
1.576808044103101268e+07
-1.413491286636974837e+04
-2.436081540264055366e+05
2.722986986625758931e+06
3.784060746041535378e+09
3.183607839750570655e+08
2.813488142064261246e+10
4.665552549982254277e+04
4.594592558978631860e+04
4.678321093519483111e+04
4.281882016491118702e+04
4.444616589702086640e+04
4.299611072912006057e+04
4.264474965312349377e+04
4.515688673095023842e+04
4.536673933480819687e+04
4.332831197360943770e+04
4.282524739547315403e+04
4.413478000730960048e+04
4.471957954901561607e+04
