1.322643201043006775e+04
1.428436212344544765e+04
1.035043518289352141e+04
1.188336518660352885e+04
1.641095598504624702e+07
2.897033156861395389e+07
6.539555078500911593e+07
3.361431597723557055e+07
1.503418584151993738e+06
2.240855949941265397e+06
1.742376606065082364e+06
2.787594513723441400e+06
1.928209143197738647e+09
1.080562576840005964e+08
3.195945202848288417e+07
5.294062954310089350e+06
3.101885713464579545e+06
3.800498112426294829e+05
1.362184352992763976e+06
3.703416419749211311e+09
2.170523166600915432e+09
7.223442740159392357e+08
7.950395165151233673e+08
4.911638077809521928e+06
6.605020311553939246e+06
3.429019120012838393e+06
1.627234087654399276e+08
-2.316741002292789053e+05
1.143347207515711069e+09
3.709141813818691764e+06
3.482844837820973396e+09
1.865023245879897475e+07
2.321419871272994041e+09
4.877229702537890524e+06
4.482810934180079494e+04
4.437774338514619740e+04
4.352523107834564871e+04
4.314024207831665990e+04
4.546159520119786612e+04
4.661186210693523753e+04
4.305095862370630493e+04
4.491518535075188265e+04
4.457310831673161010e+04
