1.313732602438485264e+04
1.045363571995763414e+04
1.080968062020461366e+04
1.177426267391789588e+04
1.055370970720747573e+04
7.353251683509588474e+03
1.128316948204123043e+07
1.155802701437719315e+08
2.068615307657577276e+09
2.812508882680012207e+11
7.338447130829397440e+08
5.715388540243978500e+08
1.883295818050848553e+06
6.833066197387146950e+08
7.677924704090932846e+09
2.300141992013909388e+06
2.110520854805522598e+06
6.030464766106751442e+09
6.540585291563072056e+07
7.440596456784288399e+06
2.963837651928002015e+07
1.026155334553980976e+08
3.120933381428444386e+08
1.252050782457933016e+07
7.362754724213344045e+06
4.214993000009885742e+12
6.670198381205761689e+04
5.287961710410474241e+07
1.429000454057102464e+07
8.367013661938698962e+06
1.475247748489384912e+07
9.033759566227054456e+05
2.142878763114334550e+06
1.571132890099808311e+10
3.994848557804822540e+10
2.075849758098472168e+12
8.330503382933675312e+03
3.191851220932022333e+08
6.947889746758756638e+08
8.115391570651424561e+11
1.141009021092024088e+09
7.229552604356502533e+09
1.047565927146786928e+09
5.278397409887910821e+06
3.170394923305588774e+06
2.776930851473072815e+10
3.167746123138557374e+07
9.857356751659395173e+06
-2.097481630617763149e+05
4.358327431145054288e+04
4.672004441932402551e+04
4.714918383515824098e+04
4.276456125949692796e+04
4.318069018727075309e+04
4.579289217229941278e+04
