2.584730547979137555e+04
8.452553295813013613e+07
4.364863275224316865e+06
1.001837003446173668e+07
1.756341931975172088e+07
2.444817920536311809e+06
4.490351662665206008e+06
1.068973878467976570e+09
5.606002302920154572e+10
3.561379370881992188e+11
1.532706537203885317e+08
1.197319351027535275e+07
2.874675812773042824e+06
4.765606831107569858e+06
3.271450800670155440e+05
1.117977285431533121e+07
1.508555329857031116e+06
1.318829081840664614e+06
2.464728839728133008e+07
5.811324557087466121e+07
3.048427487254773617e+09
9.552239070996844482e+10
2.196280302856814563e+08
9.589281490526739120e+09
5.763605637917091697e+07
3.823226647344832764e+11
1.521882441055484295e+09
2.424969671440067768e+09
4.131702155686154962e+06
1.298190075473179668e+08
4.210806359001567587e+06
9.364560003487303257e+08
3.361486964682054706e+06
6.530836591459226608e+07
6.313018531593461990e+09
1.549862339284846187e+07
2.501238395479711471e+05
6.814087110102626085e+08
7.414808757765365764e+06
2.127657655152635574e+08
1.199376498431549408e+07
1.392134717812013696e+04
5.133892925097061321e+06
4.038707930657131195e+09
1.117015834678913234e+04
5.864141086028778227e+04
5.739327439138089539e+04
5.689028398982540239e+04
5.962597605826990912e+04
5.688495790739564109e+04
