6.322030819491973671e+04
6.270704973240519757e+04
6.436861772251753428e+04
5.717504418600982899e+04
5.591460866919196269e+04
4.588881547437335394e+04
4.359604595803483244e+04
4.102800032417504553e+04
4.534877502227525110e+04
3.592006361471180571e+04
4.092502750161723816e+04
3.218425127934343618e+04
3.911704346224352776e+04
4.071033704110775579e+04
2.842493768369675672e+04
3.414049441597386613e+04
3.610262839075754164e+04
3.014661513126251521e+04
3.538368048957342398e+04
3.424836740739471861e+04
9.930438830308344041e+04
-1.374545132680053066e+05
1.527969511229042546e+05
-7.813020739212998888e+04
-1.169088188114902296e+05
2.638832062820107094e+05
-9.325027439955313457e+04
5.943829505585078732e+04
6.163243399716145359e+04
5.991988070424553007e+04
5.855469306021090597e+04
5.999993720338257845e+04
5.862860680607752874e+04
