2.489222279913352395e+04
2.544361841907344206e+04
2.867063266193600430e+04
2.733838015844962501e+04
2.365152059304215800e+04
1.135209830195668340e+08
5.303523540860843845e+06
4.817457426775105000e+08
3.198767167514285073e+07
3.938269292997049809e+09
2.646255746252115312e+14
1.165864984944208059e+06
4.791755982444453053e+06
6.622546802437140141e+05
9.150835453159994213e+05
7.743903655154443346e+06
5.098130849786996841e+06
4.360109670261645224e+05
1.314421416942619253e+06
7.527368381003537215e+06
2.501783087377902527e+11
1.213523950809336675e+05
4.474684007269270718e+07
2.160132647145935535e+09
9.454085625126187503e+07
2.015973363528900146e+08
4.620024763518012166e+08
5.378561058812324889e+06
8.843405840389156947e+05
2.567143274080409851e+11
9.674359786106614769e+07
5.680153183613944566e+04
6.175396507093877881e+04
5.987650926569214789e+04
5.666416058521956438e+04
5.934930502343154512e+04
6.103638512444414664e+04
5.753313120492114103e+04
