5.511963609275863564e+04
5.386148031411494594e+04
5.144432459717187157e+04
4.776845709604561853e+04
4.721151758686144603e+04
5.048706278859751183e+04
4.542751696825266117e+04
2.461529593072114949e+04
2.069082276094381086e+04
1.218791152954105346e+05
6.732361065915325889e+04
1.591559556967899262e+05
7.151024599851522362e+04
1.208249811451725429e+06
3.131195593126305030e+05
4.131216456824605353e+06
3.761356576711712987e+05
2.815076898062020540e+07
1.072488430102117732e+07
1.553348221462045982e+07
6.234711656561845914e+06
6.113722900214866735e+06
1.389336125140888849e+06
2.434974824483984336e+07
1.344542152774672722e+06
1.130648635413472774e+06
1.545569684818365844e+06
9.348227145604970932e+09
5.065898199930620613e+05
3.290134917721230984e+08
5.847232697028084658e+04
5.789483216409842134e+04
5.785519577098108130e+04
5.840501267789126723e+04
5.766017278232338140e+04
5.655809712676005438e+04
5.917814797232951969e+04
6.097810591631708667e+04
5.839277913499178248e+04
