6.528067797887987399e+04
5.910152171482441190e+04
6.432910439164669515e+04
6.002053478750579234e+04
6.163375969945229008e+04
5.434992728658378473e+04
5.662147476523726800e+04
5.930004915655187506e+04
5.487182052282877703e+04
5.525411470321629895e+04
5.171583505564450752e+04
5.534050237165702129e+04
5.358189924458626774e+04
5.526653489463634469e+04
4.781093945558708219e+04
5.244591652268909820e+04
4.973803663014250924e+04
4.656754100512544392e+04
4.835455033524845203e+04
4.688835571512585739e+04
4.823223828427348053e+04
3.915135881759936456e+04
4.751083397638946190e+04
4.000910420511716802e+04
4.402562378052934946e+04
4.571093382940464653e+04
3.866098351177522272e+04
4.514832294281334907e+04
4.344553182834516338e+04
4.482749757432739716e+04
4.176564422079829092e+04
4.315432477351880516e+04
4.373149324787872320e+04
4.075664582913185586e+04
4.343324278504968970e+04
5.900141945694986498e+04
6.151107497119967593e+04
6.253875315791592584e+04
6.064492807002284098e+04
6.068898264128211304e+04
6.286188687799434410e+04
5.741921738912040018e+04
5.752045632892611320e+04
6.251184128116746433e+04
