4.903143808165054361e+04
3.875238219937123940e+05
5.025022737743450562e+05
5.847345713285848498e+06
3.424861682893587947e+08
3.945928216653723939e+04
4.855932610854333616e+05
7.329357121330685616e+08
2.022720949806436300e+08
9.421861590899722576e+08
2.591559006582000293e+06
3.560477157601095438e+08
1.496090967409714358e+06
2.105835223943780363e+08
2.170836483914114535e+07
1.139223751611017063e+07
1.263340274586495478e+06
1.059215309317937819e+06
5.785478431588363601e+05
8.875177399097956950e+05
2.637034555821129307e+07
1.568960607943033447e+11
2.769789270760295540e+07
2.580110739776962585e+11
2.036796500524181604e+09
1.403508982521660393e+06
3.019068301883812062e+06
2.376530379812389612e+06
1.804441455575719010e+06
8.428762917065339844e+12
2.052008370767248869e+09
3.859200131136104126e+11
1.779949948514831543e+10
1.305922426071800391e+13
1.485328322230508089e+09
5.598464896537795067e+08
9.194486708100521088e+09
3.677301414288618253e+04
7.822852851437048340e+10
7.921823286068619927e+04
7.462653591485373909e+04
7.410913580739143072e+04
7.879016538230399601e+04
7.820508227459347108e+04
7.516598151513858465e+04
8.150928320967796026e+04
7.568130647117586341e+04
8.155236472772294655e+04
7.758915415354282595e+04
