3.261723190274491534e+07
1.237638856571416603e+06
6.470864698569017649e+08
3.277830765739091396e+09
9.743568263488330841e+09
9.843006759638828225e+04
1.121041345113734752e+08
1.360032681655181572e+07
1.283132650728280097e+07
1.412509995615498424e+08
7.140837976090597222e+05
1.797922767574696918e+05
-8.524612728150056500e+04
4.240712543208994716e+07
9.292312515721748769e+07
2.590901599444398403e+09
5.450284026541274000e+15
7.175187920263347216e+06
3.233913478567150305e+05
1.511498186407495290e+06
4.998013056289225817e+06
2.962329676091932505e+07
2.455675003571449280e+09
7.598354542546220124e+06
4.827600200579503435e+05
1.180253563905351795e+06
1.904929351342414141e+09
7.045255140961734578e+05
8.394251399916632473e+07
6.752898205962560605e+05
2.564910723266107030e+06
1.208324380944459915e+09
1.356039603452050127e+06
1.288485024517993212e+09
9.989786795970781326e+09
2.207882440271521211e+08
3.878800816116417944e+07
7.797466338793124305e+04
7.922284449491754640e+04
8.054863738309737528e+04
7.809553578546899371e+04
