4.459506797987824393e+04
4.390766455536446534e+06
1.797978612512582680e+06
1.249897091724795289e+07
6.302542404314689338e+07
2.369594301876938782e+11
1.035995458771238774e+08
5.050971079405564070e+07
8.590195680260916138e+10
3.582013015187345911e+06
2.662024048750957847e+07
1.654683422227935314e+09
3.391519633719105273e+07
4.758123174409329891e+06
1.830662084014968947e+07
5.970540661841860414e+07
4.946214643017601371e+08
5.079897669333533198e+07
2.737572109850014560e+06
2.054179912067966303e+06
1.091456583363473043e+07
2.497389882163149770e+06
2.465790521560748108e+06
1.786975759200178459e+07
1.731096828250823542e+06
3.277221033862830200e+11
4.423797362659130859e+12
7.188579186235485598e+06
2.309371473805902933e+05
2.214995782851490021e+10
2.616687787822325714e+06
6.756649939673147164e+05
3.189551817042421899e+05
1.268023158928797767e+07
1.186471102405056125e+06
7.693285434203658951e+04
7.491474961784668267e+04
7.784244879810203565e+04
7.996109145744674606e+04
7.449751364242314594e+04
7.449702664236043347e+04
7.494771334045933327e+04
7.527680324023467256e+04
7.888220164545590524e+04
7.413498820362804690e+04
7.540098034344735788e+04
7.416447448073734995e+04
7.866577746648609173e+04
7.579639896619983483e+04
7.667708909868070623e+04
7.516863233112380840e+04
7.469955171336204512e+04
7.990471720664965687e+04
