1.015652393403507158e+05
9.496605870202048391e+04
8.548484943526453571e+04
7.597458328530174913e+04
6.456120649696725607e+07
6.314632792696517892e+06
1.507968707751904055e+07
5.158519109091477469e+06
8.477920708442459581e+05
5.747212464374698466e+05
1.522696149286930077e+07
2.739663494033738226e+07
9.950751323749419535e+05
5.460467506096252441e+09
1.169224975648467080e+03
1.426883326961628860e+06
2.595488051091797184e+06
1.699034798216823861e+07
4.095531252035363317e+08
1.451336747139364714e+06
7.326926185893945396e+07
2.771425843920831569e+06
1.440749163504460454e+08
1.921053271868905576e+05
6.823410063683351278e+08
9.422787438041873276e+06
2.545923949118347466e+07
3.986530721442336914e+12
4.901560670559017360e+07
8.201831536083866656e+07
1.717387673245297813e+10
3.386615126581969205e+06
-1.731208158472760697e+05
2.174168391622964442e+08
1.014038704653095938e+14
2.354744946183363497e+08
4.600319443791621365e+06
1.491272552066277504e+09
9.840400488070463762e+05
2.453909360107461456e+06
7.359716885598030640e+05
9.122604319813936949e+06
1.029899086131426739e+05
1.050926886184600880e+05
1.062566805050050607e+05
1.056305310717168031e+05
1.054331165916182799e+05
1.048640841873164754e+05
1.036021204568791436e+05
1.004602543459538720e+05
1.019883189429233316e+05
1.018433906444997992e+05
1.044524196554358350e+05
