1.049937788649253343e+05
1.026971277691022260e+05
9.483464712605356181e+04
8.728187125180849398e+04
9.039013794487580890e+04
1.260157370815971633e+06
1.725487464023656026e+07
5.469988945561769418e+06
4.685135030704935780e+05
3.883722951248975471e+06
3.423050379007095937e+06
1.729671720644774660e+07
7.773130258690352738e+07
1.515861543843750954e+08
9.515208754732565954e+06
4.903372093682599068e+07
4.576532481304273824e+05
3.966494834105026722e+07
4.514963402582666837e+06
3.516290177428109944e+07
7.682657780217612162e+06
7.643050884326401711e+09
1.038665392704853555e+06
1.069840497263636068e+07
5.718710955254795263e+05
2.995326802415561676e+07
5.886730666342600016e+05
1.103063965677324384e+08
3.462630646767873783e+06
4.481657437240415020e+05
1.269784416933989152e+07
9.804360533344181022e+04
1.026095341419345932e+05
9.823455081674305256e+04
9.942567975865036715e+04
1.063030728501189733e+05
1.063433268806125270e+05
1.021838014143176260e+05
1.030694266954215127e+05
1.043897116201462923e+05
1.045335191841979977e+05
