7.588450333285295346e+04
7.071521181128628086e+04
1.603801328950468078e+07
5.128348812778719701e+06
5.736109660198249817e+08
2.884414609352278337e+07
5.872398798157313466e+07
5.146195997068621063e+10
3.299474988821605803e+05
4.456446403023180552e+06
6.131071743028829806e+06
4.637367748668789864e+06
3.030478329928918742e+06
1.779719234755768441e+06
5.584230549031614792e+05
9.777829696645172080e+05
5.682906801403546706e+06
7.123040568434935994e+06
3.921973493144509383e+06
8.416014136634401083e+08
2.591207142243307495e+10
9.759601736550125061e+05
1.399646804589680629e+06
1.940395209663068056e+08
2.371822052558676805e+05
2.488801964206369128e+06
5.813087425719093531e+07
5.778179014404058456e+06
1.733702920016351622e+06
4.038775722754815128e+06
2.803915774133738130e+07
9.955755242313968483e+04
1.061511854577846825e+05
1.024140029224341852e+05
1.044198754169222666e+05
9.974609651910240063e+04
1.009128784896242432e+05
9.910839949423552025e+04
9.889392128415207844e+04
9.803022245163895423e+04
1.038502730936036678e+05
9.751042469508538488e+04
