1.460577394185099402e+05
1.362701333194507752e+05
1.345148369154841639e+05
1.304520465289517306e+05
1.179723984465820977e+05
1.205213022133875056e+05
1.248576222428294714e+05
1.258008035988133925e+05
1.315488935130305472e+05
1.279435121049681329e+05
9.144187619318818906e+04
3.941879920731748280e+04
1.210112715998764033e+05
1.518735431618510047e+06
3.278494871170824394e+06
7.343474861938698450e+05
4.970889661881249398e+06
6.854096685965597630e+07
8.538712780132113025e+06
3.769551605907307472e+06
4.263847818967483640e+08
5.810662290324774981e+08
6.288783461327837706e+08
1.610436390739153862e+09
3.621187026096274257e+08
2.736942070292424038e+07
9.777868882579781115e+06
4.137770877485760953e+06
1.092299565275655128e+06
3.383971640799225774e+06
1.802846202412489336e+06
1.465261574625340477e+07
7.033039083866159618e+07
1.123065538620079607e+08
4.211805720239874208e+05
4.064400459038129076e+06
1.905149293955223111e+05
-7.308490026848141861e+04
2.380590185676243622e+06
7.756421189331555506e+05
4.403195910032386309e+05
1.231188395078492641e+09
2.972609904032483464e+05
2.572749998745208140e+05
5.801221575648839585e+06
3.071608844907266088e+06
1.215950705661126226e+07
2.757090535241322359e+05
1.517366113088709961e+12
-1.157236382344578160e+05
1.148309841116219759e+05
1.156282424866390647e+05
-1.870091870878420770e+06
6.224067056534156203e+07
9.974772799158482254e+07
