1.109066935688330268e+05
1.030487182220748655e+05
1.146434108257983753e+05
1.050572828606960393e+05
1.020502767932171701e+05
6.228484584109212272e+06
2.648939647059925795e+08
-2.849238666099571856e+04
4.161533109711907196e+10
5.777679029879664071e+06
5.156180441913680077e+09
9.927441497220490128e+06
1.263794876546499319e+06
1.842658215937085683e+06
1.169397733056338737e+06
8.348692417701908946e+07
-5.692198586197778786e+04
1.343936399619645672e+06
1.450951514602099080e+06
1.367286425626452314e+06
1.631832970322230540e+05
3.233660241697306279e+06
5.858862430481332121e+05
1.210043339588340521e+08
6.270727272536313161e+06
6.129249069043225795e+07
8.038071828022944741e+06
1.011002725505857030e+06
5.469865321650601923e+06
4.074529695293078548e+05
1.487123980702925008e+06
5.016176473441384733e+06
1.566049805587676587e+06
1.536162800711069955e+06
8.435041305020121336e+08
6.110094824568894692e+06
6.254238609035863727e+07
4.705804787212675214e+08
8.341574209506426007e+06
-1.752666373112444580e+07
-2.004342180639968067e+07
-8.950621334851523861e+05
-2.699728616246641614e+05
-3.121383525902326219e+05
6.487410885355266742e+06
-7.622093850675707217e+05
-9.272161772732390091e+03
