1.155109405948494823e+05
1.172727140406600520e+05
1.082324246227638068e+05
1.092804372795614472e+05
1.037805114397833968e+05
1.096794331592232775e+05
4.138234548128372408e+05
2.661192915675979853e+07
3.430092594039977342e+07
3.825592827382314485e+06
5.280329935543846339e+06
2.517759894899285398e+06
1.651725400036926940e+07
7.481471678692375310e+06
5.092215520112296566e+06
5.621894911727715284e+06
2.496332581062863115e+06
2.289776846595377102e+07
1.262483894001039676e+06
3.043452758285974264e+08
2.221291334768097382e+06
1.011408395923878998e+07
1.711853411120618057e+10
1.728685653818588937e+06
3.305298316109738499e+07
1.110403966346229553e+09
4.964016612277077436e+08
3.461039016539537907e+07
1.199430640333078988e+07
2.011030567318983609e+06
4.292471978941333008e+10
2.051385247357668122e+05
2.043327624024260789e+06
4.780709844463261776e+06
1.464311785858797468e+07
4.940341259565737844e+07
6.980223424719622731e+07
6.156349862420178950e+06
1.114124421534519410e+06
3.308179902523011435e+06
