1.443927712215092033e+05
1.346296456280205748e+05
1.442983958503553877e+05
1.379896391153283184e+05
1.473653050708893861e+05
1.435797799255602004e+05
1.349784763535606908e+05
1.487812019015709229e+05
1.375742610466326878e+05
1.432323127071204362e+05
1.443350911081578524e+05
1.361810610967304092e+05
1.396343126872984285e+05
1.332400666696217377e+05
1.442739995775089192e+05
1.342110742619715747e+05
1.309370657142282871e+05
1.396981054522196355e+05
1.365170835320250771e+05
1.329573221281595179e+05
1.320687922262571519e+05
1.303492068652990856e+05
1.350645679638220172e+05
1.430232480694829719e+05
1.323643653914527968e+05
1.387167881085827248e+05
1.302499948169880663e+05
1.442755902754156559e+05
1.312502679627365433e+05
1.387550651392788859e+05
1.440798908549181069e+05
1.391867728703847970e+05
1.443782784124435857e+05
1.399820487149692781e+05
1.394424093703544931e+05
1.356162747325408855e+05
1.368889385565359844e+05
1.354493762168454996e+05
1.376123933920626296e+05
1.346567119054686336e+05
1.334417756180508004e+05
