1.156853608717537718e+05
6.671604682467246056e+08
2.686418306460566819e+07
1.302879819062008988e+06
3.276570762555888748e+10
1.689046480460681725e+10
1.582517645832456055e+12
8.277794969221607782e+06
3.797644110159960575e+06
7.610675650197795592e+06
1.187265533440703154e+07
1.155070399069236133e+13
6.721736143538458347e+08
7.855794673875047010e+03
3.134789015593272634e+06
4.082309532215507352e+04
5.909332077913599200e+16
7.888194618529871805e+05
2.444427406195803778e+05
6.802971937538403273e+07
6.016892793373849988e+07
1.732864636363455057e+08
5.048141037448667188e+13
2.112758145324051819e+11
8.213808162128470838e+07
1.664270462456012726e+09
2.974527500469090939e+08
1.066408783388247559e+12
1.984461489583376465e+11
4.999106049726029160e+05
1.448623939888719656e+07
2.560316881929467246e+07
4.065229749023830891e+08
1.155747812313389732e+06
2.411442574065182114e+10
6.055904259305139072e+06
6.023556935116286390e+06
3.295589844729489181e+06
3.106467772010634653e+06
-1.033957486155547667e+05
-5.590619633655468933e+05
-4.322104881990004797e+05
7.358930038873540238e+06
-1.175740515819750726e+04
7.498784193191619590e+06
1.387100678227800727e+08
-6.331745112353703007e+03
-1.084765098829269409e+05
-1.667637714932606323e+06
-2.769011259913471714e+07
-1.409072713638744550e+06
-1.131565709458399098e+06
