1.157901826577171159e+05
1.083899124902160838e+05
1.072128458958894189e+05
1.078753522164713359e+05
1.042059493918686785e+05
2.267886049354823232e+08
9.077800306569343433e+06
2.596686833877022400e+11
2.395686593127503991e+06
2.191043208188162651e+06
5.771352851902965631e+04
1.506756419581548157e+11
1.493394575730011566e+06
2.206950780165558681e+06
1.892490476690778509e+07
9.271049318265944719e+07
3.573504276902657468e+06
1.025994152924655238e+06
8.456670363229315758e+09
4.071501991799436808e+08
1.194647691210250341e+05
1.379324877511902153e+08
4.703484341137387091e+05
-1.478247275066290604e+04
9.457159891281126067e+06
3.942440330841093790e+06
5.090923492524663918e+06
4.979035801025813103e+09
2.114875957342708949e+06
2.647006258158710971e+07
1.450818760615511099e+06
1.498569223209351897e+08
3.339670520248926431e+07
1.248809824145797174e+05
2.567048480206089318e+08
9.784102045985119417e+06
1.250863273728680797e+05
-2.628700790783483535e+04
1.249527583783955779e+05
1.279947569441413507e+05
