1.131619519180209318e+05
1.012809804549758555e+05
1.094691476862147247e+05
1.102272454444542818e+05
1.008921287542227801e+05
2.364119086302738637e+06
5.505055432443454862e+06
4.753011856087207794e+06
1.431877345317285508e+07
1.534720296366183758e+08
3.033684209253059234e+06
1.772679846664745419e+05
2.353122209087884985e+06
2.400848376591477585e+10
1.389109009749262594e+06
7.829730990934608877e+07
3.987746249534228325e+09
2.465988740897464100e+06
1.393837783654505946e+07
1.602732737136694835e+06
1.859155585071711801e+06
1.450361315957693150e+06
4.312420114143532515e+07
3.473263767400777340e+07
1.022424349200470001e+07
6.470554548919198569e+05
1.085329638084379723e+06
6.479381568224858493e+06
6.473750734233274125e+05
1.123482616841641602e+12
8.125056583485200882e+09
7.801626615736628883e+06
6.493714020202486776e+06
-7.907358651254628785e+05
-1.553958537294992711e+05
6.008741635958342254e+07
-4.790357946920210961e+05
-7.254472395309000276e+05
4.580626009257255122e+06
2.199729233923008665e+07
8.555505597511120141e+04
-2.709218021962024271e+07
-7.310489931720534340e+06
