6.730648732671188354e+09
6.867108056444261223e+06
2.284287858860169537e+06
6.324299715939037502e+06
1.164003234354147911e+09
1.335941637572545528e+09
2.198123081535078119e+06
3.337519659486777782e+08
2.426856364278319836e+09
1.639811230009267572e+06
3.437450867790122051e+06
1.094676911032443866e+06
2.496378101705993526e+06
2.355691695226863958e+06
1.403593660247952677e+06
1.214097045459810086e+07
6.087366301719444990e+07
2.066134403384410217e+07
1.268912650047801581e+05
4.004850998125940561e+07
1.507282439065189799e+06
6.852969139468902722e+06
3.837696760076710954e+06
5.430276841592619568e+07
4.202813158505460620e+08
1.354928887299871712e+05
2.694201955700418912e+05
1.657268853854677873e+05
4.587502193523875438e+06
4.094149219486764669e+08
1.166195579434003250e+15
1.974543867405703906e+13
9.957402514410944656e+06
8.107410234096656740e+07
2.873764543034586250e+14
1.472467642744680664e+13
1.738884071037177928e+06
2.374236986755866706e+08
3.843079132314390503e+06
3.351581430581786670e+06
2.634797267988941167e+04
1.601684190327054239e+03
6.514143758681826293e+05
6.510741187373980210e+04
2.980423361560514450e+09
2.053628300640355330e+06
2.642965019751685206e+06
1.660939224155190168e+05
1.025122866586589627e+07
6.561609120237117633e+06
1.768507475734982681e+10
6.979314150538468361e+07
-5.329756314977236092e+06
-6.618164724705065601e+05
-2.374423309827954974e+06
-2.760189230016817339e+06
-3.488600632834087312e+07
1.836530266633767262e+07
3.448327179534686729e+04
4.290618630505912006e+04
4.157978855374455452e+04
