1.439784940632968210e+05
1.515115684128164430e+05
8.606018402533624612e+04
1.049392079550963454e+07
2.403679739968149923e+06
3.595151401293684728e+06
7.502662937188493088e+06
3.990333430773084760e+08
1.005152948153678910e+06
1.565547073510664551e+12
2.917606874484772682e+08
2.273301255146626756e+07
2.908208469334362820e+07
2.440917493221175391e+06
5.245432836678327061e+06
1.916040564174146159e+06
9.699548078282235656e+05
9.490392417910431977e+05
3.992256526015614625e+06
-8.939949465091762249e+04
4.589356452684612274e+10
7.185319291978776455e+08
2.218037475416070811e+04
9.051927870813881978e+06
9.764065302394547462e+08
1.840747679421314388e+05
1.238044163652098551e+07
1.039061215609465959e+06
7.637954193534886837e+07
3.053268516777404025e+07
1.053009761384841986e+06
4.275732297748198509e+08
2.872099023660698440e+06
3.721247447680920595e+05
4.803167241845357232e+06
1.517230788874821737e+06
1.454807313758181036e+08
1.108169552491492188e+12
1.285081008619733527e+07
8.071238589250804688e+12
-7.760499200139461318e+05
-1.923949065495938063e+06
8.781363056495748460e+07
