1.739722463054138061e+05
1.690292834155659657e+05
1.688488712465208955e+05
2.439186196365709882e+06
1.106232006305802912e+08
3.648746006660777330e+08
1.070304311825800501e+07
2.295512663945242763e+07
2.245811823838065902e+05
3.773771874304436684e+09
2.211561884472954553e+06
1.213838558377944632e+06
1.033094277134857140e+07
7.862477723927523196e+07
1.780432216157574058e+08
4.001996226132153533e+05
1.632856759670194471e+06
2.356618492471558154e+08
2.457294278959466517e+07
1.886321695651305199e+09
3.050604465945356525e+06
1.397289477226772308e+09
7.367018867528519630e+08
8.677308772914584726e+06
3.163434704079795163e+06
1.157654724691979820e+06
3.889384388186855242e+06
3.835535880646798294e+06
3.852312417517615482e+06
9.289905016912447289e+06
6.238502805579614826e+06
2.010617104459152557e+06
3.924284628410613630e+06
9.842536234202492051e+05
2.263013664110442158e+06
2.226921543116075918e+05
2.689664651855650330e+10
8.684152987919448316e+07
8.284437677424603701e+07
2.233641438976791874e+07
3.478100216647155466e+05
-5.030936081125710043e+05
1.006660552872290969e+09
1.821545920126737356e+08
1.068805329789390713e+08
2.270157439484106004e+07
2.021075277608684078e+07
4.583329473442550749e+06
-1.202931145447573857e+06
4.022451875140313804e+07
