3.328608951414879799e+09
1.894353754121021135e+06
1.493609434657117119e+06
2.882247212622885132e+10
1.901623553293020248e+09
3.819538167745921875e+13
1.423962965664582327e+07
-3.024273486892235815e+04
1.810354309726343490e+04
1.777303509091523409e+09
8.567723941762497649e+06
6.381646153674973547e+07
9.181077418381351978e+06
3.701995293263618350e+08
1.339935967409631237e+07
6.975258427066176664e+05
5.497294890628759749e+05
6.996613781057036249e+05
1.103351479220790352e+05
4.130503845706494059e+06
1.520794593096805736e+06
5.296542998122522831e+08
6.984112042299786583e+06
1.074317224090941483e+06
2.789609041678570583e+07
3.314033514343618774e+11
1.527403188852441788e+09
-5.033167118915464380e+04
1.936662729629585519e+07
1.025449120692057163e+07
3.479256616075496674e+08
4.544978475670822859e+08
2.143145434338492155e+08
6.699137968828865327e+06
1.655477164727425436e+06
1.696799534008540344e+11
1.525372705481764030e+10
2.461362632846832275e+10
-2.792298984457967803e+06
1.218615165253238525e+12
4.329068831209311676e+10
5.241480224348185584e+04
-7.832149273243095959e+05
-1.104089179651753977e+06
1.249149265144849196e+05
