1.734866119745812612e+05
2.527146631093937031e+05
2.745982671069868375e+05
1.381945954293110408e+05
7.140934172432458727e+05
5.511659259448942030e+05
6.835998363100928068e+07
1.404127954326243512e+07
8.320652284101467133e+08
8.177096556961217429e+05
6.291465508544425247e+05
1.318146257609402761e+06
1.657022914841636317e+06
2.497148960104065016e+06
5.579727324133501388e+06
2.117818634622993320e+07
1.041026875948558927e+09
9.314589514210690686e+04
-8.543258533183576947e+04
1.122378474777237698e+07
1.210371227495269477e+07
4.431499174413640052e+07
3.642716216322489548e+06
1.365983372871066928e+08
2.499433364915014431e+07
1.436340384615810402e+07
2.657153441733793588e+05
1.008117978977754712e+07
3.325890700543336198e+07
2.835828184257057309e+07
1.376973879667679965e+07
4.511234404911779799e+06
3.153886178452109452e+06
1.208966458411347866e+07
5.041578216280319612e+05
4.082946112770960666e+06
2.294156440788635314e+08
-1.576911187384987716e+05
6.190305302284054458e+07
1.456765138103084173e+06
-2.439146903832477983e+04
1.838609113685020059e+07
1.044419792658218890e+08
1.814258689971392155e+08
3.361583040735399723e+07
-1.321453348037107848e+06
1.279469916764214277e+09
6.071863202514691511e+05
3.045695220712951198e+07
5.315146212594617158e+06
