1.464989237614973099e+05
1.610918850583699241e+05
1.520350727949519933e+05
1.479770138058535522e+05
1.518636607580092968e+05
1.483144048970136209e+05
1.597359700931094412e+05
1.314716679229313741e+06
1.088793824590701580e+09
4.558558218792075641e+05
5.891848561306185275e+07
2.946405268910609558e+07
1.523239899887426756e+06
-2.428714634662121171e+04
2.307852591050459305e+05
6.053691231470939238e+05
8.988777323323266208e+07
1.111927313021994941e+07
2.464367100862725347e+05
7.963448133680460975e+06
3.502401174094599672e+06
1.162767397331118118e+05
2.930211950041782693e+05
1.066118782082041027e+06
3.153778912184984423e+06
3.218604896361819003e+06
1.645844674429510720e+07
4.911418085227971673e+08
3.612181147153950334e+08
1.851674642202449031e+06
8.111876722507237457e+06
3.418854854054688662e+07
4.175367537544840015e+05
3.555397955767910928e+06
8.410672938341800123e+06
1.706549487967746332e+07
6.340857502501439303e+06
4.372544280137327313e+07
2.829265492716786265e+07
1.703046226718317345e+07
-6.103793256611794932e+05
-4.131833219492920907e+05
1.409976994654746532e+09
