1.907637714492915838e+05
1.793957856471259438e+05
1.818014834682954242e+05
1.832146499422419874e+05
1.645512801162614196e+05
1.633815561128048867e+05
1.612816963307046390e+05
1.816584384862611187e+05
2.042870181102674396e+05
3.253104856533663813e+06
2.849487784324239939e+06
-3.893211172447605350e+03
8.138279722155992873e+06
4.976200452846716158e+06
6.377379338253539056e+07
7.042561004203270189e+06
5.776264385726977140e+07
2.032020941763646901e+08
3.044630820871271566e+07
3.758792847395727877e+06
1.233987053621712513e+07
8.200375547471158206e+06
1.216890182337948866e+07
2.080690564322363958e+07
1.920432150185078790e+05
6.366202406305322051e+07
4.575639855812591122e+04
1.191620477302226645e+05
2.602943950119432434e+07
1.738785887907306552e+08
3.126637264175347053e+06
1.348437426799823940e+08
1.843322859614773393e+08
1.578723053963055909e+08
6.463102006028650701e+07
9.618239875598970102e+05
1.999732195093595982e+08
5.872737769616282654e+10
3.349427850627288342e+09
1.521423407503631115e+08
-1.277394751722460933e+05
3.697763146034598816e+06
7.639227131983613968e+07
9.002484332956197739e+09
4.249340782798117995e+08
3.247366617009154055e+06
2.716162923153398093e+06
6.164605588632372208e+06
3.032085137302058283e+06
3.870217589451588392e+08
5.125668830469745398e+07
1.488244519643224077e+06
1.513714162261585891e+08
1.309743592098027654e+07
1.284994822619565297e+06
-3.485190519579660613e+05
-5.734072609406365082e+05
3.673017995994266123e+06
-1.053423690091734054e+06
1.867000240254425704e+08
