1.817784297845767578e+05
1.923780316408749495e+05
1.801749343592212826e+05
1.828553736851355061e+05
1.810513010773345013e+05
1.945630104389703483e+05
1.769559777835828718e+05
1.787729340117426764e+05
1.905649277310398174e+05
1.851432267782313284e+05
1.819100738767209696e+05
1.918122875645184540e+05
1.824073633768797736e+05
1.809583820437453978e+05
1.763400984107417753e+05
1.923785782108637504e+05
1.827326059482389537e+05
1.861968064521474298e+05
1.927744075139915221e+05
1.806050544561190181e+05
1.889951922425850644e+05
