1.439066030414014240e+05
1.559241334926998243e+05
1.547617208875768702e+05
1.599727720770118758e+05
1.481974203643669025e+05
5.756204622131504118e+07
1.064735396212364081e+06
7.387088155678893672e+05
1.607383534712027609e+08
5.081352553147265625e+10
7.109910229250129312e+06
2.200778048920361698e+07
3.974248063061219454e+08
1.658277391621957649e+05
4.063093731856612954e+06
1.145152033999998250e+15
2.310551475454493775e+05
1.315428874476580182e+06
1.570931228536681971e+06
1.264245898099511163e+06
6.088223175482273847e+07
1.255378270558807552e+08
3.666931473157914728e+07
1.411875169105988927e+07
5.267522139583334792e+05
4.720005364153485862e+05
7.166268191953864880e+05
-1.754425585039037105e+05
2.533559120880106464e+07
3.089313374262875877e+06
7.087337879145568609e+07
2.297141790194250178e+06
9.275052830143824220e+07
1.004637129495471418e+08
1.352439651399185183e+06
6.277951456855825381e+05
4.105353434885353565e+09
5.866713266941730957e+11
4.819844228765615234e+12
1.382426506596587563e+10
5.942316585217887500e+14
5.252786044054065645e+07
5.608862453296284676e+09
4.176468693408609390e+09
1.374448279572901917e+11
