1.565779801832766971e+05
1.612555876762730186e+05
2.527115427916153371e+08
1.344144720781729519e+08
2.311616714617910087e+08
2.924463627037758231e+08
1.285784173935541324e+07
2.127532547527219355e+07
1.466445250427301228e+07
2.354611091674268246e+06
1.448988285027238159e+11
2.129537424121987305e+11
1.266011588328057528e+09
9.787203956690003397e+05
2.575230290672062896e+06
2.143509851313906312e+08
1.110536828041365892e+08
2.150496399886972308e+08
2.551006399501466192e+06
4.545971760138982907e+06
3.317327203549745027e+05
8.603456448694831925e+05
1.014008899714903790e+06
4.991909184665905195e+05
3.099297758645353373e+06
1.512964615770512260e+07
3.277258415060909424e+11
2.244937000888556004e+09
1.417003718223654509e+09
2.286680686001006688e+05
2.353432962285404205e+09
9.992508672146635130e+06
2.605062260455884389e+05
3.592315673114112578e+06
3.923135998683985138e+10
1.512878053429250605e+07
8.175030414917781949e+06
3.369572547583554871e+06
8.705889379724614322e+06
-7.302891395374985877e+05
4.030912311981205828e+06
1.642991308431201614e+05
-2.033369100708166603e+06
-2.412356720954193547e+07
4.441736788827109528e+10
