1.459887543799066916e+05
1.558124388551044976e+05
1.266956223426010704e+10
4.993669941084111929e+08
1.913066811180314064e+09
2.071697235367143154e+07
8.677081691604906693e+06
6.885135302241475880e+07
3.161077807833663188e+06
6.668936996393150184e+05
1.032149738322941959e+07
1.657822660120045898e+12
7.520981504391206428e+06
5.186658102100887150e+07
1.789636949688964710e+07
-1.495787219964504766e+04
3.313177893597880363e+09
2.335704237096664496e+06
5.196686145772549207e+04
9.618050190424943576e+05
6.544521855590478517e+05
5.751594547158971545e+04
2.504838203975643031e+06
2.604988635242769960e+05
7.705817837940140627e+06
1.183108288181352466e+08
4.919019809248023033e+09
1.893684294419058133e+06
8.080655156454722583e+07
3.472522630569221973e+08
1.838001347314249352e+07
9.044679866105023772e+06
2.767096464101580158e+07
1.063523883709277026e+06
2.225402687198373675e+07
1.107950642787751436e+09
1.820018699160873890e+07
1.211238018066619057e+06
-2.007639546087810886e+05
1.798577913714481145e+07
-1.945119663447158411e+06
1.625952719559585750e+08
9.698589608159495890e+07
1.145496451802362874e+07
1.496318947963214517e+08
