2.442607055486445315e+05
2.523672176484470838e+05
2.492171648805588193e+05
2.340965729602605570e+05
2.495367273524901248e+05
2.418598696924287069e+05
2.307706705230158113e+05
2.338585119269798743e+05
2.308962542069765914e+05
2.467959666294727940e+05
2.493953836037631845e+05
2.437689417807524442e+05
2.267841324659977399e+05
2.429696711713866971e+05
2.368621023353973869e+05
2.255962455145422136e+05
2.390759822590274853e+05
2.322878581485807081e+05
2.357300669561375689e+05
2.231886925781953614e+05
2.360070556071152678e+05
2.261164489771518274e+05
2.290018071570809407e+05
2.247408544468953914e+05
2.375720633434727206e+05
2.299787871625415282e+05
2.399712320745176985e+05
2.305742182748578489e+05
2.335565805273997248e+05
2.219771149254081829e+05
2.175916657398228999e+05
2.221472335568959243e+05
2.155339243892435334e+05
2.233100380182313675e+05
2.265505209462872881e+05
2.349761268417486572e+05
2.126832845773116569e+05
2.296787091434607282e+05
2.252380816283293534e+05
2.442367712690772023e+05
2.239910245496321004e+05
2.423658922843568726e+05
2.292637083086309722e+05
2.477907520535214571e+05
2.360785893208336784e+05
2.473117439543718938e+05
2.399188821297489339e+05
2.310583801129476633e+05
2.279324064089210005e+05
2.237197758347876370e+05
2.307767014787477674e+05
2.423818515960935038e+05
2.469930992353806505e+05
2.306223746216987493e+05
2.521035791385388584e+05
2.484868155114331748e+05
2.553399575622892007e+05
2.253258841704527149e+05
2.201965135337206302e+05
2.268822388004402164e+05
