2.262485578042494017e+05
2.210193599668550305e+05
4.968825900053128600e+06
1.742373460219916306e+05
2.923978959366969066e+05
5.696061494907794986e+05
6.840841968180295825e+07
7.391465171355485916e+08
2.961136488222492337e+08
6.206746782753558159e+08
6.389716996655027568e+07
1.912394640275981801e+05
2.811470342280016541e+08
1.493881809176665172e+07
5.759011138990590572e+08
9.997672485783960819e+08
2.104272847819301300e+06
3.111151108949982375e+07
5.183078542788376100e+06
2.257972171439033933e+06
4.044662331406412274e+07
1.855198971557585526e+10
4.840684342683349550e+07
1.233036131433511078e+08
3.571441914001388010e+06
3.921503556558623910e+08
6.036240794746509552e+09
3.113676467369351536e+06
1.229336012440437189e+05
7.176671789912411477e+05
2.956043575521470234e+07
6.620117234592074156e+08
1.752814958500790969e+07
6.837086499123250246e+08
6.124375138911004178e+06
3.809810781479024328e+06
1.843853549365905637e+05
-2.723405693822979811e+04
3.298887219147084281e+07
1.773479139076219581e+05
1.674341091174739879e+06
7.471934290749622742e+05
1.904601419560668292e+05
1.017304898486226564e+06
8.563003872508142376e+04
1.484512358600198058e+06
1.842568751317204209e+06
3.547566630900135497e+05
1.704334181841493607e+10
2.329389775371281430e+05
4.992910568328529596e+06
-7.124997716668556677e+04
-3.630900326314734994e+05
1.412489629857383668e+06
5.289514939902383834e+06
8.902494088683766313e+05
2.188466781112829596e+07
-4.522061913997136289e+05
1.013663041602107231e+06
-1.821789603242644807e+04
2.384372466978279408e+04
