2.392407922337550262e+05
2.095513315183846280e+05
2.047224677804574603e+05
7.615016494347485714e+05
1.783989526868934743e+06
3.012978432189832926e+08
4.233657101570884697e+06
-9.182685116890148493e+04
3.824602670889540110e+06
4.990187588738146424e+08
-8.813096142571078963e+04
9.060436338126315968e+04
6.710040263898312114e+06
1.967267606609342853e+06
1.283509621711059008e+05
5.416316278782763984e+05
2.733000403600314632e+06
4.665919516963327304e+06
2.016859851569470484e+06
4.894396527641659603e+06
2.307013021422446147e+07
8.362630573512621224e+07
1.229876335694742948e+08
1.699147248734766841e+08
1.248996663857718110e+08
7.696142631288176775e+07
1.219954385359482169e+08
7.802168113579066098e+07
2.855938606146459281e+07
2.102383786500937864e+07
5.216706933351287842e+08
1.337080757590706227e+06
1.185754808136836626e+07
6.348156123320433497e+07
1.173897345398591645e+07
5.020591941016775556e+06
4.791436585702971555e+06
-3.130759449444251368e+04
8.274685076101584360e+06
1.000161525792202912e+06
3.752957753673930187e+06
3.558501692043229472e+06
4.825014223837045720e+05
4.626571774849268608e+06
7.577014393476012629e+03
-5.673268230172371841e+04
8.764011651996348519e+05
7.697360920449975878e+06
