2.099442153518851264e+05
1.460119651011299156e+07
1.490823835057836585e+07
1.219875596944309950e+09
2.136425522168098483e+06
3.470751946463935375e+08
6.860705800628311699e+05
2.289745728259299882e+06
2.190055744899839878e+09
1.335589387116058497e+05
5.055266255102498627e+10
9.991397708360616525e+04
4.121345648833663017e+07
7.624436815321385860e+06
4.627522125444767065e+06
4.898875900096263504e+05
2.992825273417969704e+09
2.199779487110131979e+07
2.063969503346827254e+07
1.320083561491888463e+08
1.826202592833993835e+11
4.671743199480406474e+03
8.486426432948414236e+06
5.956401599673716724e+07
6.196900054730140604e+06
7.442079181927090976e+05
4.269964021334293066e+05
3.215475729252563324e+05
9.866033594795593992e+06
2.850485713195282221e+07
2.900765113425758900e+05
7.338074858613133430e+06
9.627265673580791918e+04
2.935629414209721144e+05
8.300053417954716831e+06
1.537585460313245421e+06
1.024580297067555226e+07
-1.340840598034934374e+04
2.368157638505701907e+06
2.965058204731617589e+06
2.918203131346739829e+05
2.388219187090185005e+04
4.026641599401748739e+06
5.506343116676855134e+05
1.752900529510301771e+06
9.670249292736180359e+05
2.631099601117265411e+05
1.465159872632806073e+05
