2.456550217094760737e+05
2.414455381244815944e+05
2.505944873809436685e+05
2.463383296271052095e+05
2.432063541893343208e+05
2.285816064075936738e+05
2.402884498954359442e+05
2.205042670567308087e+05
2.355242332618610235e+05
2.206961059261503397e+05
2.419853468199438648e+05
2.219359082008031546e+05
2.238843048193823779e+05
2.317059031302424264e+05
2.398085361028487096e+05
2.289148412298086914e+05
2.234417035657338565e+05
2.255002092975419946e+05
2.985338960121317650e+05
2.587452859476433659e+05
3.733254817394278944e+05
2.578886320952257956e+05
2.726519631261879113e+05
4.161679465440778295e+05
3.899900656708264141e+05
2.692000488108099671e+05
3.174419168938967050e+05
5.263708994539577980e+05
4.455362157913031988e+05
3.223599323763382854e+05
5.150301654931268422e+05
1.961172670256946876e+05
4.139180559095570352e+05
2.688416623752361047e+05
4.502118703714222647e+01
3.464912971072451328e+05
1.827882158115299535e+05
9.534542847316726693e+04
2.448241374070471502e+05
2.273854890108738909e+05
2.631692394726076745e+05
2.213261900703205902e+05
2.262160943964772450e+05
2.286970649013157818e+05
2.257646634008146648e+05
1.822148777006194368e+07
5.787852967859873921e+07
1.223046642572977394e+07
5.675946630868047476e+06
5.777364169260445982e+07
4.346086032718989998e+07
4.249470730531868525e+06
1.766164928090680540e+08
3.867053814852561057e+07
