2.123903412810979644e+05
2.134101473708171980e+05
2.071274843571055098e+05
2.206851326223620854e+05
2.011809980110040924e+05
2.148564689381700882e+05
2.204974677678335865e+05
5.459112854200982302e+07
2.749409068806133866e+08
9.146285882036695312e+12
5.808292598826414905e+06
6.422548728304915428e+09
9.474343013970820606e+07
2.241009962811211243e+11
1.071626409502550049e+11
2.761930383586842418e+08
5.586604821302457713e+05
7.233718300437150756e+05
1.635988126259540208e+06
-2.179678231242021502e+04
7.069059876796271419e+05
4.904354888452359772e+10
9.176876066882979870e+07
1.140880119666812388e+05
5.882876838772705793e+08
3.904603123813848495e+09
5.280232331621923298e+07
2.576158341172325891e+05
2.149436341908628121e+07
1.419038830975644756e+06
1.405809202249087952e+07
6.775694725051431917e+06
6.573253001868518069e+06
7.180586522605503909e+06
3.688265474760897923e+06
1.302022472063078167e+05
4.983341062466996722e+06
1.189854227744699866e+08
1.131317513357393891e+08
1.128827995321972412e+05
1.364842701281378418e+07
1.374669747062472627e+06
7.588631142011559010e+07
1.647035342768520117e+06
1.482985459884072304e+09
2.241165129514566958e+08
9.578160030579239130e+06
6.142847943815071881e+07
1.932037488680126518e+07
3.501946314299438614e+06
1.835399282765555661e+06
2.319194866083475947e+08
1.805305477899115067e+06
1.349146659517694730e+06
1.228886062815017939e+09
1.248759968528759956e+09
1.425730547756984234e+09
3.345488864080440998e+08
1.095550175850836277e+09
2.976576778533491135e+09
9.446741539583384375e+13
6.439920585138520002e+08
4.757749927466337204e+09
6.534248300417410135e+08
5.130285308561276793e+08
4.108254690667406917e+08
