1.627943874377457611e+07
1.518654473873590305e+07
4.649279143116794527e+06
2.103672152433922514e+06
2.454641815099349618e+08
1.026061374699257278e+10
2.473098625955879688e+06
2.004927600823163521e+06
9.223702985861140137e+11
1.686153398039986147e+06
1.390297022687824443e+07
1.127025163010042859e+06
1.110783046664357884e+06
2.767355542346885195e+05
1.476004303398116259e+06
1.085843568405472636e+08
4.875645380964987911e+06
2.132531214257203788e+07
4.787609197290778160e+06
1.530716330908514261e+08
2.396791990035968781e+09
1.754932202892157482e+06
3.542441399459634304e+09
5.357804872055532783e+07
8.399387412599107742e+09
1.709601852300709760e+17
1.594003575105897908e+05
5.758908192749659717e+07
8.452362995066776872e+06
2.351353573132919264e+05
5.917980643498399295e+06
2.586901653832316864e+06
1.478081459530493594e+05
2.442343184070514515e+07
6.304831565453729592e+06
1.473356468974704854e+06
1.150315774433310144e+06
5.219118316805296578e+06
7.551026557480131276e+06
2.761652869666389465e+09
3.022479676737153437e+06
3.865903015707193408e+05
1.742300188448149860e+08
2.025505622149615097e+10
-7.890515072397759650e+04
4.369167658947080688e+11
8.849819213482051849e+09
3.731460887025139332e+09
5.332310373976876221e+11
1.280002534133597976e+06
1.859425260458400574e+11
1.860172552026304007e+09
