3.390253289926691214e+05
2.055925860977318883e+08
4.110172545255299377e+10
3.392143789865181316e+05
5.566278103758962825e+06
2.254095241008637240e+05
6.059823858825464267e+05
4.798581090656154603e+07
4.588376811024367809e+06
8.463644206973892450e+08
1.111796204164781570e+09
6.400762718264747411e+07
3.191378688478562832e+08
3.709199015796122700e+07
3.051122782822103240e+06
3.495708759768026322e+07
8.810547229726764560e+07
4.379306947499994189e+06
3.888911659810130005e+11
1.757399015974511858e+06
6.644484251062029507e+05
1.471786990996598033e+06
1.960075018375321059e+06
3.291154569275388494e+06
3.679234625392073765e+06
3.855480489733698312e+06
1.218039374119397951e+06
1.164034164278478362e+06
5.973417647223495878e+06
4.306971012334341183e+06
1.205389805025015593e+09
1.158806954330442473e+06
7.787626400541100502e+08
5.738058791554194875e+06
2.471162690644824609e+13
4.910004823133713752e+07
9.689788984726676717e+06
2.263885078057830688e+05
2.388731777805604786e+07
1.788510938527347147e+07
6.189673602854430676e+08
3.645129921660451660e+11
5.551462583515956067e+04
1.921150959536864758e+08
1.074112673083298653e+08
-1.428445302269703243e+05
4.807619248278504372e+09
