2.542929610177147551e+05
2.520788399449143035e+05
2.412855275257976318e+05
2.404379099700499210e+05
2.302041159751346568e+05
2.271574720146009349e+05
2.425970803687328589e+05
2.284692813107676920e+05
2.412030647867583612e+05
1.652372280204438430e+05
2.994555052527476219e+05
7.267762546944799833e+05
2.402046779634199338e+05
1.466456522942812298e+05
3.172894705509712803e+05
3.099720154495350289e+04
-2.643868660227398141e+04
1.145653175325106829e+06
8.898466651734643383e+05
6.950106739212637767e+05
3.600180368490583301e+08
2.257202152204017155e+06
1.219697255387650490e+09
2.411767408879612922e+05
9.186950967474067211e+07
5.482525543361302614e+08
1.114260672568776369e+09
3.295521549097634852e+06
1.696902917982461929e+09
2.522617384824577020e+05
1.753359286729454994e+06
2.283148366286255885e+06
1.606007681304131867e+06
3.192518403013399616e+07
1.361794156540052732e+06
2.641329525926666856e+08
5.329029983807005920e+05
8.154994033356882865e+05
1.145539140128174797e+06
8.348720836062638089e+06
1.003784439419697598e+07
2.827695294352470636e+08
5.625971763868893385e+08
6.070787338668148220e+07
1.026018144410650432e+08
2.313331322635841207e+04
4.480096701442741789e+06
1.170272072289138660e+07
2.691508100099884868e+08
1.989840354233830571e+08
-4.729972326746324543e+05
-5.809371147432802245e+05
3.174083825903071165e+08
2.715381598349123001e+08
9.617886205455569029e+08
5.934213725685965270e+07
2.367237221989340782e+08
3.740270915034352541e+08
2.805910549746082425e+08
