2.901494679790465743e+05
2.813823487934375880e+05
2.837283265608811635e+05
2.836918494270262308e+05
2.751915637117102742e+05
7.809056206297821999e+08
3.872798659781641618e+03
5.660004712376209348e+07
8.950357230159611208e+05
7.409074142390242577e+09
9.953057809479466081e+07
3.336129374658019543e+08
1.346248380871613882e+07
5.943885017220408190e+04
2.056138644026762620e+07
2.705435280728575774e+06
1.103686309276615715e+10
4.132273193429687526e+06
7.643530609389562160e+06
8.855268037110082805e+06
2.355739648724477844e+11
5.530953124694691971e+06
7.333990763116690516e+07
1.222694606970930658e+07
1.327703014999742508e+08
4.823147287924733013e+07
1.051415828475870658e+06
8.111012425584645243e+05
1.395176358102188678e+06
1.207322233215293614e+06
1.010225703505456448e+06
1.274863039647557540e+06
1.152987722580609843e+05
1.446748031396661520e+09
1.584660314701595008e+08
-5.318266379045111826e+05
1.486219650391010642e+08
8.066824683471700177e+06
3.366137778145572520e+05
6.229387018609879166e+07
1.062468272068491131e+08
2.364503482684926712e+05
-1.572130985287103395e+05
3.855102899894743459e+05
3.072935673957194388e+07
