3.089271645898693241e+05
2.979328057320854277e+05
1.083064171678305836e+06
1.738605626824815990e+06
3.606983645631135907e+06
6.595343747451677918e+05
2.446767744220101833e+07
1.118432001097958535e+06
1.345256392503733188e+07
4.118499728178790212e+07
5.198570629309964366e+06
2.144250165445752442e+06
5.577817175511888415e+07
4.619341701145597617e+05
1.005095638380949050e+08
1.436984529685429530e+06
1.580951599156101421e+07
2.662070445992114022e+06
2.065557501407950372e+07
7.806444644272897858e+05
1.381000643863266706e+08
3.601797335211954266e+07
1.960279668980578426e+06
3.185110418927338906e+05
1.309311633057706431e+07
6.262046677602743730e+06
2.654255167417940870e+07
1.358043068983701523e+06
3.169194120628801584e+08
2.863429074574263068e+05
1.212388684111849638e+06
5.671777981543679722e+06
1.144957531163367778e+08
7.142872807920953631e+07
2.082557666945587844e+07
1.417970553562960587e+06
1.183806379393060207e+08
1.518418147519836724e+08
1.525507534663744867e+08
2.415002359529423993e+05
1.356150644395113587e+08
4.819411178876279737e+05
3.453738827471515536e+08
1.074213737086912394e+08
1.621610743014883697e+08
