2.742509128307724604e+05
2.911906341408147127e+05
2.876335479133803165e+05
2.841658368176897638e+05
2.944187177168820053e+05
3.626363039297386719e+12
1.435139372320865154e+09
1.129207017241534078e+06
7.121186796607071301e+05
5.055824227756969631e+06
9.130679174303466797e+09
1.557863429811609385e+05
1.061951630957237678e+06
9.047625649747735588e+05
1.768745146947148722e+06
6.693971221379470080e+06
9.592030895595889888e+03
6.745545476945734024e+07
1.365339660457438789e+06
2.513159960841936700e+05
-1.195219730372819467e+05
1.963951091976233292e+05
9.565508436785198282e+05
7.896853823765912093e+05
1.186349742414810695e+06
2.033729902379302680e+07
2.034074856235156059e+09
1.080450216665484040e+05
1.207651412999143125e+06
1.186434528551560082e+07
2.772728546776022413e+05
2.303858474971420467e+08
5.809367192627798080e+09
1.562122474281132035e+07
3.439737869552488327e+08
1.221198323558949865e+07
3.263717266284158826e+08
3.120487713438498322e+05
