3.086318967443479341e+05
2.786957266295597074e+05
3.313958569038769007e+08
7.040967146069470793e+06
7.826395733845876455e+08
2.995152063086133450e+06
8.472403380395789444e+07
5.011211686057274230e+06
4.347847104788919911e+06
2.104657793444185052e+06
2.198289819925892167e+06
2.813587511384340469e+05
2.633166001599355368e+05
5.228555875838774443e+08
8.930329312504664063e+06
3.989088895533569739e+05
4.107964036026033573e+05
4.745789111882702708e+08
1.375584870509540895e+06
2.235954766014486551e+06
9.960816159408279927e+05
1.462920781200954458e+06
4.639939738638683222e+06
1.251002162232478848e+06
2.507636086666167714e+06
2.656918244988237508e+06
3.171571893763528205e+06
3.184074736590236891e+06
2.023154965160969412e+06
7.693691965445396490e+06
2.019418207707730122e+06
1.910961449345412548e+05
9.768355260384629946e+04
6.689211592447764706e+05
-3.176611027921729692e+04
6.952053844662555493e+06
4.390771850275247562e+04
3.545077472602148075e+06
-1.549202013318198442e+05
4.369071120533064753e+07
1.250699165714061022e+09
2.931006712003909051e+06
2.724309420113194734e+06
3.297487835733143147e+06
2.341101957557493746e+08
6.456016528803691864e+08
1.704082592921232283e+08
2.704133757070655469e+06
2.388492239941565203e+05
3.695995385228467057e+04
1.526722562964880490e+05
1.950699309395936725e+05
2.858976509763514519e+09
8.172605400837812573e+06
1.150651068520431593e+07
-5.640279147230454255e+05
1.110365629579918459e+04
