2.778057435284402454e+05
2.785550378853450529e+05
2.600562857536000200e+06
2.502719302363566682e+07
5.913045506132276729e+06
5.233334235897823237e+05
1.420381087299026176e+07
6.693080527014060318e+07
1.158721643771299860e+06
3.241857317548738327e+06
4.824114857961025238e+09
3.196850997227312066e+06
7.034003101560032228e+05
3.213676493669792078e+06
1.917346609677466378e+07
9.649266677249515533e+09
4.542039767859241692e+05
9.760443569073621184e+05
6.961282197061289335e+05
2.095203051376888179e+05
8.329503593753377208e+04
1.025938580434429343e+06
1.041648805544743082e+05
2.444279595126316417e+06
6.023065090068524361e+09
1.768723913811950073e+11
7.161202959941841662e+06
1.989097036332823336e+06
4.882454790198190021e+05
6.893262786634941101e+08
6.151958404828946250e+14
4.045229791533722309e+05
6.581854580749754678e+04
4.155620617665532627e+05
2.883677388822996616e+07
8.576572688057262450e+06
2.043592438015820742e+09
7.128459139181529172e+05
2.375551721005349159e+09
1.668010856143708229e+08
1.206255608444057941e+09
1.934920100766007788e+06
6.905068893532388029e+04
3.688588111472160090e+05
-1.620969202139575500e+05
2.932593774119908456e+06
