3.088561241184991668e+05
2.760686108037034282e+05
2.765162789506575209e+05
3.502479608281316608e+07
3.287262479533382568e+11
5.609797633063746616e+06
5.948190114339528373e+05
3.756655669268281758e+07
6.319942912266814232e+09
5.142511748100592941e+07
9.857563886238136292e+08
2.464586748577414546e+06
4.855227967044075951e+06
9.459162063976788195e+05
2.921594467569338740e+05
3.843787687803469849e+10
2.013811066977316746e+06
2.969859137966634035e+08
5.400484421465709209e+08
3.985761697017926053e+04
3.655438601686351933e+06
9.285447619636846706e+06
5.268211534686812229e+04
2.333373653743517352e+05
1.018301932961612642e+08
1.899691819971511364e+09
5.487710697080402635e+06
1.458091938397410698e+07
2.418580788179669157e+07
1.428826386718232417e+06
2.333510216245108604e+09
1.624172847863140283e+06
1.577215894628968090e+05
-7.529652112872814178e+04
4.416780432892714500e+09
2.726418227353562834e+05
3.274429946137279621e+05
3.282035302927032462e+05
3.074094880446358000e+15
2.803721918753483333e+06
1.043884338372664060e+06
4.140391344704277813e+06
2.894116303617777769e+06
5.581615006850088947e+06
4.156775345812004060e+06
-3.294026796775400289e+05
7.370396815012113191e+06
9.445054103288694751e+05
