3.871126431977105094e+05
4.021743811963402550e+05
4.036389056593779242e+05
3.350506544796317443e+07
1.372299663973379135e+08
2.744378789256304875e+07
3.448786705104755820e+05
7.871896462488366524e+03
1.095834887426098995e+07
6.785816411407648586e+06
7.971095834648812190e+06
5.741762908004838228e+07
4.842668192191385478e+07
2.046932524787148535e+08
5.493499296094407886e+07
2.655350155943227559e+07
2.864304418852070618e+10
1.102335969848887064e+07
1.610271855221605860e+06
1.876636770870814845e+07
1.129175507371155173e+07
2.314534204886791611e+10
1.608760099862042367e+08
3.614774102263279785e+12
2.270842253369925544e+06
2.958257193654817529e+06
3.520111113424347341e+07
1.346554461569888284e+06
9.230405945075446507e+05
4.639784236905903672e+05
1.716098405505966162e+06
2.130811474057201624e+09
5.272159879262971692e+06
5.374458695026686415e+06
4.274806537997117043e+08
1.506708661713551264e+06
1.372783753876940312e+14
2.029753486886421585e+10
8.683751885091921315e+06
1.154363032572310604e+07
2.589143808569979854e+06
5.472799608575056773e+05
1.483797397986142896e+07
1.720736631855776650e+05
2.168493544181752484e+06
1.633121763358534127e+07
