1.513522588583046198e+07
6.896486806950686499e+06
2.423224483948572015e+05
1.146271910916925641e+06
1.695430017043105909e+05
1.982131626068362966e+07
4.573071037515172502e+05
3.721159363160985522e+06
1.840031812972996267e+05
2.453386648314112186e+09
4.565573237764229625e+07
1.081450318599767983e+07
4.177737734185811132e+06
5.469392950007222290e+11
6.268019897754603298e+05
1.325856603623273782e+07
1.923605951548855985e+06
1.175756931563410035e+03
2.088298389592506409e+10
1.033794447154945694e+07
3.866478217691027373e+07
4.536207619348798180e+05
2.680340978452976048e+07
7.161659660673279762e+08
2.842404469813493080e+06
3.255289560720812157e+07
6.174273784873112679e+09
7.835531805889045354e+05
4.011270005257045850e+06
4.061436228512844536e+05
1.520582374835342867e+06
5.833148819539670367e+05
8.247982422936556395e+05
1.157677594192784280e+06
1.158755339522104245e+06
9.689332720637572929e+05
1.689017305873428239e+06
1.523696667166032363e+06
1.276442794184690807e+06
1.491120080505558988e+06
1.281881471224829555e+06
1.780798899426553864e+06
1.168219221138297115e+06
6.207272812212545425e+06
4.708366225753866602e+05
3.915699308173954021e+06
9.067707399333418906e+07
1.829326298164310865e+06
8.752730596588057280e+07
3.027332205640522480e+09
4.146693259493078589e+08
2.671067474051209375e+14
4.995403562398040667e+06
9.494100118436424434e+07
1.453120050822062418e+06
