4.161338949234540341e+05
4.207819686899135704e+05
4.042878753953737905e+05
4.081154630538045312e+05
4.183686081749236910e+05
4.235375434391096933e+05
4.040198831242805463e+05
3.935312495269704959e+05
1.408318740235248115e+06
1.399404331692192471e+06
8.194188562674844870e+05
8.303778852274981327e+05
6.237870721579985693e+05
1.067139525797245791e+06
1.474222443394299597e+06
1.560039160448724963e+07
1.710120484307942912e+07
1.107097568847700022e+05
1.013560014528241591e+05
-7.462187478298657516e+04
-1.075405807037837221e+05
9.835889894176132511e+05
7.454112614085712703e+05
1.541676913703546626e+06
-1.960550048581258307e+04
4.824585857002916746e+05
1.920030048389254662e+05
8.355700158960769186e+05
5.748622457096071448e+05
1.560444185964061471e+05
1.060048753646015190e+06
3.371584387499080971e+06
4.443329338605049998e+07
7.973285806892276742e+05
5.183292194736021571e+06
1.039183210361453629e+10
2.947170402162155136e+06
4.454600046762231737e+06
1.161605795215991512e+07
1.557901929331882857e+06
9.918585979561364278e+06
2.240666042167164385e+06
3.145319909565443639e+06
9.267117435976991430e+06
1.434816957990169292e+06
3.979568578772990033e+06
