3.717594428230990306e+05
3.842524135870566824e+05
4.059383804623534670e+05
3.805506793855776777e+05
4.303049192576814676e+05
4.641496662266663462e+07
8.665961562733237743e+08
1.159572849027658999e+07
1.146150151551183686e+07
5.604180798010491999e+05
4.551191073625247373e+04
5.277747123114093542e+08
3.190686250637189369e+05
2.811647858438163574e+12
6.214335257591442764e+07
1.210442746385345459e+12
8.703934890090098977e+07
2.293217953583269501e+10
3.631206139703514636e+05
1.282325923242312521e+08
5.833001383031560516e+10
8.534402831651672363e+09
2.839135518308149040e+04
4.528104670544436646e+11
2.080860987567282319e+08
3.560972886795095634e+06
8.434063782672643661e+06
2.852940985089641996e+06
4.691629286377265817e+05
2.738925925178245828e+07
3.434175243500599638e+06
2.865861785256364848e+06
4.063770533199180849e+06
2.354252156766281114e+05
1.148371244427544996e+06
1.053670936284970259e+06
7.055762490150303347e+05
4.841915177314234315e+05
1.533682744275153847e+06
3.882786103437018464e+05
1.899835087436094508e+07
8.045905812225908041e+07
4.009785390421747416e+07
4.333161331230556825e+05
5.762683183384033966e+10
4.660679183111638672e+12
3.130050960423254967e+07
3.705021124011739343e+07
1.195317682703223038e+10
4.371398152859804034e+07
