-3.531036136877047829e+04
-3.723726852134358342e+04
-3.790290945898448990e+04
-3.939899512536757538e+04
1.166241328839250326e+09
9.119009394150491953e+08
3.658261668755817413e+07
5.578801795685403347e+08
5.370763177911188602e+08
5.451685117906640768e+08
6.359788467425132812e+12
3.786909688004657227e+12
8.663678229104132080e+10
4.917013591319792175e+10
2.475308177278961182e+11
3.672138542668619156e+09
2.092501076755322266e+11
3.441330135157216072e+09
8.059848250497122109e+07
1.135639621569961309e+09
3.660039372084252536e+06
1.621018703778316453e+07
1.618363633642338961e+07
1.657959570838771388e+07
1.643749821223543026e+07
1.609875783487922139e+07
1.343209489590823174e+10
1.324038246362150383e+10
1.136223265400666809e+10
1.261367642518119812e+10
1.315096598297187042e+10
1.457290991652615929e+10
1.120233139700144577e+10
1.011662166385694313e+10
4.502675611337650567e+07
4.342760390101566911e+07
4.441124088232352585e+07
4.395466955619902164e+07
4.388620075680135936e+07
4.362116494765604287e+07
4.338578293519573659e+07
4.368106242608975619e+07
4.469075322452582419e+07
4.355615676592601091e+07
4.503212464806149155e+07
-1.751846233756426955e+03
-1.749998680006159702e+03
-1.763839657509815879e+03
-1.772568571148032788e+03
-1.764403995545231737e+03
-1.751314146171789616e+03
