-3.357904172435377404e+04
-3.788888042438367847e+04
6.902144400790905952e+08
5.906809298027764559e+08
2.553577822985746264e+08
2.216752248132790756e+10
2.933182220959757920e+06
9.955092972692387411e+05
1.014464279454399948e+06
2.937211816050798950e+11
3.951354288028421998e+07
1.670101841741963755e+06
5.832471612393116578e+06
9.348690267934637144e+06
4.644179778851675801e+06
7.014204716912411153e+06
4.621789166326671839e+06
9.148675517407080159e+06
4.410939293352817744e+07
4.404223681028478593e+07
4.305040973987000436e+07
2.881541382080219686e+07
3.282792802901593596e+07
2.682329479423041269e+07
3.201484277381925657e+07
2.779406495649556071e+07
3.273371756434668973e+07
2.843345884645518288e+07
2.502728508957486816e+12
3.537057164954895020e+12
1.980532535653459473e+12
3.433602853301676270e+12
2.450262650131040527e+12
5.058578390977667969e+13
2.116603947565125781e+13
3.972591501600536621e+12
1.041146371752238274e+09
4.147182446560767212e+11
3.265494932463319336e+12
1.243906037961305176e+12
6.164604625321252441e+11
-1.752932407280633925e+03
-1.773923289223341271e+03
-1.774069104057853110e+03
-1.772619367489009164e+03
