-3.608915059903590009e+04
-3.941637267483890173e+04
-3.984741353007181897e+04
1.203205047686255770e+06
1.228329207929479191e+06
7.056896581205177121e+06
7.148452694592221640e+06
7.044190558616045862e+06
7.264646629520667717e+06
7.244979545685444027e+06
3.422532140019925311e+06
5.920241792734958977e+07
2.750933489574103951e+08
2.529596781161070466e+08
2.824890794584621787e+08
7.539250089258393273e+05
7.508828754688566551e+05
2.916880516943544149e+07
3.201854371114375442e+07
7.254076311769202352e+07
1.866151158310059905e+08
-1.231534477888135880e+05
1.597475487711002934e+05
2.671382004550025333e+06
4.771341151019757241e+07
1.028269226776844822e+06
1.259766686111903042e+08
2.986036153570268303e+07
7.315963745308616757e+07
2.978357862660921365e+07
-1.755796423959109234e+03
-1.770878286546707386e+03
-1.768482161774009001e+03
-1.751232729450537590e+03
-1.771520886493904982e+03
-1.772974534017324913e+03
-1.758589000996551476e+03
-1.756709982204774860e+03
-1.750003908914251952e+03
-1.769204866893123835e+03
-1.754984229166264413e+03
-1.770346400802518474e+03
-1.773475578476587543e+03
-1.762884679814829724e+03
-1.749849379673512885e+03
