-1.380858874883739554e+04
-3.070881676283564593e+04
-3.599168703624141199e+04
7.599913946563363075e+07
2.531213702158132792e+08
2.239602357138865590e+08
2.174628578362106383e+08
1.017730346007085352e+13
5.368385785438734107e+06
1.916223255249923095e+06
1.928512813980586827e+06
1.923330839317861944e+06
2.425797910576147842e+10
1.991438133131693304e+08
2.025881073902668059e+08
1.166019207841985335e+05
7.514973291596624767e+05
5.673150576578446664e+06
2.940533113662998658e+05
8.498640522335875034e+08
1.003228112163599730e+09
8.750825568993717432e+08
8.368303931235651970e+08
9.287049586492381096e+08
5.142599932240129262e+07
5.100306887589123845e+07
4.965798571899291873e+07
4.978651502906364948e+07
1.471609602452479769e+06
1.457614487961084815e+06
1.457244145256919786e+06
1.457828519488204736e+06
1.466525738274021074e+06
1.464188300023939926e+06
1.466492747665110510e+06
1.467775362833586521e+06
1.459078548421816900e+06
1.468848933284940431e+06
1.461494791785680922e+06
1.464696754415824544e+06
1.473896741866897093e+06
7.713115607198886573e+05
7.681285211025072495e+05
7.738098607778656296e+05
7.726257675901728217e+05
7.737897981358617544e+05
7.730865319214455085e+05
7.800948666104074800e+05
7.816501779200747842e+05
7.652799058362304932e+05
7.812012422212449601e+05
2.764183969577980228e+06
2.737839942198301665e+06
2.760292201518794987e+06
2.660942121732940897e+06
2.740354462315163109e+06
2.648474622556891292e+06
2.649240952885582112e+06
2.645667384291721974e+06
2.633358469989960082e+06
2.667774016432169359e+06
2.641850937051380053e+06
-1.755994278969097650e+03
-1.766346436711231945e+03
-1.755289749428164214e+03
-1.772945872319309274e+03
-1.757370954141835682e+03
-1.767370524325902807e+03
-1.771958650328393560e+03
-1.765271614376484649e+03
