-7.833280765760871873e+03
-3.934337625519584981e+04
1.216509773487256289e+09
1.194753847534667253e+08
8.032976208085556328e+07
1.214769887809534967e+08
4.453072980817376077e+07
2.266177828664866388e+08
2.228951616974303424e+08
2.352395876225280762e+08
2.382687273087770641e+08
1.921359174534216309e+11
1.910706077072640419e+09
3.211725835309715271e+09
1.356008798996646143e+07
4.840614036850619316e+07
5.262833170253606141e+07
3.089747735870993137e+07
3.229398388920250908e+07
8.222803919775681496e+08
8.240770329853334427e+08
8.249670380663712025e+08
9.396929334986141920e+08
9.449749145001616478e+08
6.745303478102110326e+07
6.679587133908262104e+07
6.784752839092551172e+07
6.702117299981390685e+07
6.876899104887259007e+07
6.844842967586585879e+07
-1.761708090240048477e+03
-1.765809866400348255e+03
-1.769133559853566112e+03
-1.757380849584151292e+03
-1.757750581221509492e+03
-1.753745578851609025e+03
-1.764635179826902458e+03
-1.750334907087730244e+03
-1.767826367814617697e+03
-1.773766433234151918e+03
-1.751739136472460814e+03
