-2.846000823958893307e+03
-3.010815871989038715e+04
-3.603239196082964190e+04
-3.835580269941104052e+04
-3.932154226055710024e+04
-4.024490765869651659e+04
6.886760585367373228e+08
7.541542331027985811e+08
2.863846173271170807e+10
3.444583279696810913e+10
3.583946390159683990e+10
3.879490305200882721e+10
4.617098546851270294e+10
5.561105988600048065e+10
1.466838888497367859e+09
1.834229846076523542e+09
1.795849173291706324e+09
2.108776443619198608e+10
8.187730033052147366e+06
7.367897077513772063e+06
8.128521287821988575e+06
7.334596559236884117e+06
7.509068023818190210e+06
7.945048622345644981e+06
8.006552688628789037e+06
7.672407286116228439e+06
7.397201087776684202e+06
7.850963879193034023e+06
3.889235408003301173e+07
3.917973287905016541e+07
3.900855103532267362e+07
3.898605549740972370e+07
3.113970587727607228e+06
2.780348250296122395e+06
3.071448221894569695e+06
3.041149529231209774e+06
2.751532279249421321e+06
-1.751751979853492230e+03
-1.773158449492068030e+03
-1.768193682835320942e+03
-1.762269248859927757e+03
-1.772433526940643787e+03
-1.750875623115571216e+03
-1.769092237558943452e+03
-1.755371241097862367e+03
