-1.546097478512443922e+04
-1.978566625691881200e+04
-2.416885892443530247e+04
-2.745622354570608877e+04
-2.924410840784195170e+04
5.424675736718372209e+05
1.886992930337491212e+06
-5.550056260482603102e+04
5.991537416812058073e+05
6.199416659720683238e+05
8.785848111588078318e+05
4.034090242743921280e+07
1.919936184000743087e+06
4.338833460287807137e+07
1.490747551551127806e+07
5.505930124892631173e+07
5.633191298038883135e+06
2.410672598764291033e+06
3.366661355443297420e+06
1.395347534101538733e+07
1.364971039829757623e+07
5.974500056431434117e+06
1.072822242653417867e+06
1.325705673010153463e+06
3.181882047931534238e+06
8.214875265469333390e+05
8.764684812508219853e+06
1.090685880399609916e+06
2.444138095151497517e+06
2.275246382413377054e+06
1.768368416931963526e+06
2.807130405349293724e+06
3.546149156337917317e+06
2.439642839466124773e+06
2.466299833881040569e+06
2.914378728243846446e+06
2.870218004092767835e+06
2.791417907883750740e+06
2.490477141238271259e+06
3.129626701489717700e+06
-1.747470594237936893e+03
-1.767249151814350626e+03
-1.749242018536024261e+03
-1.765405423728749156e+03
-1.757487249504483771e+03
