1.216667805688484805e+01
-1.872475790366224828e+02
-2.100901583898223180e+03
-8.270963755652541295e+03
-8.488805454968045524e+03
-5.095579015322146006e+03
-8.223856123916899378e+03
-8.355617796775804891e+03
-1.578670369567527086e+04
-1.205809895836080250e+04
-1.504684382985262346e+04
-1.658183456290671893e+04
-1.522389055190959334e+04
-2.157141400573387364e+04
-1.766662207287668571e+04
-1.850652988722949522e+04
-2.029919046305355732e+04
-2.282498060556416021e+04
-2.263788183007367479e+04
-2.264973705907304975e+04
-2.282098666287215019e+04
-2.435103016539410601e+04
-2.367911763896964112e+04
-2.312026606471979176e+04
-2.443293720165787090e+04
-2.883927271614070196e+04
-4.502688735599534266e+04
-4.411081326836051448e+04
-3.095161200926313904e+04
-3.708282260874081840e+04
-3.044732913662469946e+04
-4.250262173738479032e+04
-3.581361876285888866e+04
-2.803902066780895984e+04
-2.702940165172719571e+04
-8.708491138407954713e+04
-7.884333455199246237e+04
-1.107378178846955707e+05
-3.093678782139500254e+04
-6.337360874269403575e+04
-9.038216795868919871e+04
-4.338492804226557200e+04
-1.616968975357420277e+03
-1.635864232642314164e+03
-1.595528562382416567e+03
-1.620414856903458713e+03
-1.613781527026731055e+03
-1.578266957514570095e+03
-1.621682259997061919e+03
