-6.469150300186760433e+03
-1.014056341040212646e+04
-7.716779423926862364e+03
-7.283971458004121814e+03
-1.509082767458573653e+04
-1.739856110585319402e+04
-1.819294989023779272e+04
-2.178553609586636594e+04
-2.736220450646024619e+04
-2.775121625326756111e+04
-2.660609174890493523e+04
-2.820716505115471227e+04
-4.479360565443756059e+04
-4.548338154846851830e+04
-3.211141745918958622e+04
-4.685790556605128222e+04
-4.350205075177784602e+04
-5.227879161730338092e+04
-3.685780122678392945e+04
6.718443146288977936e+06
3.763460828780634403e+09
5.628923081488543004e+07
3.942049702032634057e+06
2.971650229643674195e+07
3.272884035868921280e+08
1.099636869583089054e+08
2.089603322236314183e+06
3.962037226161860162e+05
3.259000884604449850e+06
4.549885514464998269e+05
7.744128504478988238e+06
3.800239532223209389e+05
8.159888699969951808e+07
-8.013365937347737781e+04
2.799361917299671099e+06
2.128388018878592411e+05
1.516323321456031129e+07
1.641394726329400390e+07
-1.203085841406827967e+04
2.509327543189352844e+06
2.391213562431890983e+06
2.742027560299933888e+06
1.709646843527002726e+06
4.174854500983090140e+06
3.087734910690412391e+06
2.275412037069182377e+06
3.200865117605021689e+06
2.239816356791569386e+06
2.812065713840719312e+06
3.140211999498075340e+06
2.270429166547930799e+06
-1.743579912420973415e+03
-1.753448537209042115e+03
-1.741273002305417322e+03
-1.728534831031342037e+03
-1.742837439600843936e+03
-1.746620662443659967e+03
-1.738960602578677936e+03
