-3.420169263369932014e+04
-3.555202913796046778e+04
-3.692708985517991096e+04
-3.755031258455044735e+04
-3.861128796793765650e+04
-3.941286544812620559e+04
6.941180740873530507e+06
6.755799919260247611e+06
6.873275661581923254e+06
2.579356453687662724e+06
2.558856895838218741e+06
3.444453252376468480e+07
3.806916624976441956e+10
5.750527961482882690e+10
5.013917565266569145e+05
4.913471939175791922e+05
4.916647192921647802e+05
5.006241674608782050e+05
5.006240782834630227e+05
9.259680822372481227e+06
7.219188303605423309e+06
4.312805053621602245e+06
6.926566488623550162e+06
5.104848107894371264e+06
6.009006357135876082e+06
1.698933952417351007e+09
-1.894652905316874239e+04
2.512274951033348683e+06
4.055518787257658690e+07
3.694855193090965599e+07
4.859752561225844920e+07
3.035034702689450607e+07
8.459762154768867791e+07
9.724588752779352665e+07
5.688685255902262032e+07
-1.754723877830139827e+03
-1.766856452864274615e+03
-1.768642097142699640e+03
-1.750210007233807119e+03
-1.758318192871258361e+03
