-1.455399624016936286e+03
-5.765378963918628870e+02
-4.736226445293134020e+03
-3.927562900758639444e+03
-3.996142431666943594e+03
-3.595946018508562702e+03
-5.319682598372208304e+03
-7.926272988267977780e+03
-1.380058087371324655e+04
-1.239419239830140577e+04
-1.314093658178495389e+04
-1.098982605384338967e+04
-1.599060089117531606e+04
-1.370038285582115350e+04
-1.411488948096364038e+04
-1.798962483995861840e+04
-1.552771773804927943e+04
-1.409996180822429596e+04
-1.414198847921026754e+04
-1.552591047867611633e+04
-1.452766009243388544e+04
-1.554928363895296934e+04
-1.796228381492139306e+04
-1.803243089370729285e+04
-1.254620716093661031e+03
-1.127863802059990121e+03
-1.172373080323886825e+03
-1.264519469278340694e+03
-1.181816079400625313e+03
-1.125630823732004501e+03
-1.154746367448271485e+03
