2.461443868442018032e+08
2.038215753753312528e+08
2.297388913087972641e+09
2.333543790180998802e+09
8.061244272980058566e+06
3.273850228850856423e+06
8.343161828047110558e+09
8.333407655485806465e+09
7.238662635532338142e+09
4.067130229475663185e+09
2.979024831808767796e+09
1.146903243521965599e+10
6.901329180281940460e+09
4.589838551411857605e+09
6.891853249762989044e+09
-5.074262322674556344e+04
-4.669920548852221691e+04
4.488827593256199732e+06
4.488164365634232759e+06
4.733677574203492142e+06
4.648608528989002109e+06
4.531262717580040917e+06
2.121391407842207700e+05
2.017926222943101893e+05
2.111807529239967407e+05
4.946949251325725913e+08
4.156194649035612383e+04
-1.011963075861437683e+05
-9.048376224006936536e+04
-1.016108257828322094e+05
-9.479583926769983373e+04
-9.644917396670269954e+04
-1.012140305716379662e+05
-9.811998237966996385e+04
-9.758643837104755221e+04
-9.134261885037724278e+04
1.038694945931089973e+10
8.325301523618923187e+09
8.143212587641153336e+09
8.783256153547157288e+09
1.287725535135642242e+10
-1.688814961830648826e+03
-1.680854246357252123e+03
-1.681458490879333112e+03
-1.690952415089675924e+03
-1.661641448949347250e+03
-1.683577200080180774e+03
-1.665297983382275561e+03
-1.683059057285630843e+03
-1.660050742302613799e+03
-1.661226399207254872e+03
-1.682316892739472678e+03
-1.670339453753258567e+03
