-2.597885732442024164e+03
-9.048109296450274996e+02
-2.339190835558620165e+02
-1.477008944715606049e+03
-5.609109209883172298e+01
-5.078113871301611653e+03
-2.518498651549016358e+03
-6.145212476987362606e+03
-2.839621374354595901e+03
-8.389151147493183089e+03
-8.807214211108301242e+03
-1.047597994092428416e+04
-1.404584285390045261e+04
-1.124544506239586917e+04
-1.478165971596472082e+04
-1.070277795103070093e+04
-1.197552007992172730e+04
-1.457423723581168451e+04
-1.393581429912045132e+04
-1.081355771106047905e+04
-1.075683035126398318e+04
-1.211310504128556931e+04
-1.458568177299055969e+04
-1.579202388742414769e+04
-8.948462470707745524e+02
-9.085753437655803282e+02
-8.552281399331259308e+02
-9.788706124481686857e+02
-1.043183974065439543e+03
-9.165624268283863785e+02
-9.841829837453115033e+02
