2.599645527420462575e+06
2.618597765673338436e+06
1.260217253565874249e+08
6.758551676942243241e+06
8.909966166130383015e+08
9.689966019140646458e+08
7.053256401648841565e+05
7.800378948368257284e+07
1.130462829199780226e+08
3.664269268649697304e+07
1.030622122093230486e+08
3.738203180831443518e+07
1.751235178208490908e+08
1.776878717001421452e+08
7.288944844145617448e+06
7.132652686969141476e+06
7.264522516554352827e+06
6.712450646660327911e+09
4.097331204778378014e+04
4.706394110753991641e+06
4.728157253427591175e+06
4.477564463645139476e+05
4.189666245012586005e+05
4.103198592515363707e+05
4.147019093584746588e+05
4.139555418474646285e+05
4.066487966024856432e+05
4.281571591403012164e+06
4.209955056925993413e+06
5.131040182163325138e+06
4.348016578092630208e+07
8.510940006454980001e+06
4.687563051791815460e+07
8.101876032918128185e+06
4.597714652438064106e+06
1.280000023129856586e+07
4.565511072907643393e+06
3.193421015430227271e+04
1.864947288725900580e+04
3.264536271868074255e+04
3.574169306768682145e+04
3.448689245467388537e+04
1.021491777221062512e+04
2.966302319181838538e+04
2.124829513136385547e+13
2.793072349623078906e+13
6.151063374710344960e+17
1.646531389242579500e+15
3.487525991907827200e+17
4.587028057755333594e+13
1.745357742155015312e+14
5.701477030487382812e+13
6.939530276935133000e+15
2.882250127873229375e+14
4.592836678010925000e+13
8.060338168458110000e+15
-1.382100258321966976e+03
-1.409140263389563188e+03
-1.387399643357144669e+03
-1.404169614000304136e+03
-1.426321953743579797e+03
-1.403745047197910026e+03
-1.388962662878591800e+03
