-3.210741140377025295e+04
-3.493394579129868362e+04
-3.626686341424183047e+04
-3.720554028225105867e+04
-3.859919848945469130e+04
2.911310116697063446e+08
2.773101856431693435e+08
2.774775713235052824e+08
3.213948222318677977e+07
2.681625735034315288e+07
3.256024806528809667e+07
1.468144439383127727e+07
1.426617329072452895e+07
4.839859175469500571e+07
5.107223597180121392e+07
9.269458698567521060e+05
9.313643121700577904e+05
1.942291701026808918e+08
1.905790917762875557e+08
1.830490098397008181e+08
4.729372961023730226e+06
4.711567360778732225e+06
4.722997724245375022e+06
4.826757501669120975e+06
4.840975827980225906e+06
4.848047610786721110e+06
3.869271691567353159e+07
3.072029279141522199e+07
3.647409265596459061e+07
3.596701386977875233e+07
3.989994399613679945e+07
3.229821643448337913e+07
2.030026119523757370e+06
2.079159269143932499e+06
5.534116878600701904e+10
2.502409881749616623e+10
2.866744992378824615e+10
5.375414157528121185e+10
2.732242544687542343e+10
1.918500946577946472e+10
2.351950733801741409e+10
3.925064767054496002e+10
2.721373468945829010e+10
2.982423234083927917e+10
3.306887406108191299e+10
-1.405418536614510231e+03
-1.435804849095206009e+03
-1.416727947936888086e+03
-1.423422724742558785e+03
-1.414971187873306917e+03
-1.396989414289448177e+03
-1.391029440899204928e+03
-1.433104876076831715e+03
-1.380999766950320918e+03
