-3.559628571429101430e+04
-3.716218705931986187e+04
-3.991016249680448527e+04
-4.042370371691479522e+04
1.056964493845047474e+09
6.428371268097562715e+06
6.421292828114804812e+06
6.336362673897700384e+06
6.213573339095091447e+06
6.318185253589157015e+06
1.661465947313462757e+07
1.633783165899544209e+07
1.591783555365632474e+07
1.599209427764052339e+07
6.127930249081756920e+07
7.283193554892675579e+07
3.474949458651851397e+06
3.503726309465719387e+06
1.157565714003109746e+07
5.138762624578006566e+06
6.427311895878390642e+05
1.641114671050623292e+06
1.014837248332923511e+06
1.091139889922469622e+06
-2.040848937978027388e+05
2.396308487763704732e+07
8.418169210870780051e+07
1.452475679590002000e+08
4.551476755900307558e+06
1.024874793721251637e+08
3.215905362065013428e+11
2.445373226964889467e+07
4.371238034566009045e+07
-2.124342167209685722e+05
8.589658485093648778e+03
1.014008098942238808e+10
3.781685788158465576e+11
-1.414285294401226565e+03
-1.414839870331546990e+03
-1.389916068898543017e+03
-1.411870250250474783e+03
-1.387968524091411382e+03
-1.383480758505786071e+03
-1.388403720563917886e+03
-1.404691406050871592e+03
-1.425459320104302606e+03
-1.407579252520954469e+03
-1.440559569902718067e+03
-1.405149193316552555e+03
-1.398551775341707980e+03
-1.414808005862636492e+03
-1.387040107398264809e+03
