-3.417280880426349177e+04
-3.716480659272412595e+04
-3.785754493128516333e+04
-3.822655158004091936e+04
9.101248959594024345e+06
1.758433300675109029e+07
2.173178887146753818e+07
3.145186791856359318e+07
4.231995152998480946e+07
6.172510151600826066e+05
8.962632448391392827e+06
1.532001136851492432e+12
3.487099443817199022e+07
3.453170691857566684e+07
3.386791745496835560e+07
3.561746662920919806e+07
3.700537978259766847e+07
1.789582520089847565e+10
6.734187170586119843e+10
1.352422204502386093e+10
8.054614802280842285e+11
8.809765027957506478e+06
8.393704050000967026e+09
2.444086760051430203e+06
1.554524428639630556e+09
-8.925284196589782368e+03
6.807630590060475515e+04
-1.415733535376279033e+05
-3.654720147527477820e+04
2.257889205831770599e+08
-1.320009590717303508e+05
2.933575581081194337e+06
4.879683627502305031e+09
-3.594268501281156205e+04
3.064223099623026276e+10
3.227070382190478849e+05
3.251710901590470457e+05
4.997877633991299663e+05
2.744996006587614538e+05
3.938845410664686933e+05
2.156130832293451531e+05
6.739838054362670898e+09
4.290275153891747952e+09
3.967318111455080986e+09
-1.425730915282125352e+03
-1.414130962080293102e+03
-1.426967623347882181e+03
-1.379563390051247552e+03
-1.421941251963813556e+03
-1.426072789477475453e+03
-1.384357192154682707e+03
