-1.962135565085918643e+01
-2.283091024176683277e+03
-9.238118201885008602e+02
-2.266054053846826719e+03
-1.303514604590462113e+03
-1.469341214657739329e+03
-7.666876064168551238e+03
-6.436673971646443533e+03
-9.734735644245061849e+03
-1.120453909471786028e+04
-1.263168139321479248e+04
-1.704268598374960129e+04
-1.355047493055531959e+04
-1.457179165199272393e+04
-1.395846181582307327e+04
-1.956926220277858374e+04
-2.097082946508102032e+04
-2.228803336057524575e+04
-1.888246527171484195e+04
-2.494907269493686908e+04
-2.449938309695474891e+04
-2.378484334466519795e+04
-2.552997318371797883e+04
-2.742729583846990863e+04
-3.360657473404754273e+04
-2.998841738653147331e+04
-2.948732303995365510e+04
-3.010387538230814243e+04
-2.948366074607129849e+04
-4.563421864043193636e+03
-3.755855598719752743e+04
-5.819578281341266120e+03
-7.319350439349934459e+04
-9.837176676631426380e+04
-1.069491468474208377e+05
-1.075033454251461953e+05
-9.875907358506505261e+04
-2.007115078095906938e+04
-4.689779682242835406e+03
-1.303975338066462427e+03
-1.251220398095378187e+03
-1.297999319717084290e+03
-1.253970494038687320e+03
-1.235363118570850929e+03
