-3.550463713039279537e+04
-3.575990390702385048e+04
-3.602264109524396190e+04
-3.702118866695512406e+04
6.664156179718815256e+05
5.863002001892875414e+05
2.737358684734758921e+06
2.742223719935359899e+06
2.787005297272307333e+06
1.409472849408452213e+08
1.209914038849836141e+08
7.453160318101234734e+07
6.341427347812388092e+07
3.393074160551195679e+11
9.522671171828837891e+11
5.346030423237940674e+11
7.890178652068195801e+11
-8.863344379830907565e+04
1.775560258029760793e+07
5.004340540958196856e+06
4.946547258888071403e+06
5.092713563856157474e+06
5.056320035179212689e+06
5.049729041358342394e+06
5.120995726003222167e+06
1.721479741482927930e+06
1.774929830031457590e+06
1.791217253412623424e+06
1.806727428690837231e+06
1.780440695426441496e+06
1.757994814226805931e+06
1.738506566345090978e+06
6.072192633781443350e+06
6.403688657498495653e+06
6.655001153472500853e+06
6.029466608007510193e+06
6.103939495350085199e+06
6.623537870846580714e+06
6.867770062068401603e+05
6.696295548308370635e+05
6.843141242600156693e+05
6.587581337634661468e+05
6.907478579239487881e+05
6.730657823942546966e+05
6.901004028643841157e+05
6.613934049721438205e+05
6.688372495325268246e+05
6.717581953487853752e+05
6.858684732766862726e+05
6.729301979453485692e+05
-1.184033442710177042e+03
-1.193799301312305033e+03
-1.199964136911003152e+03
-1.187711524770711549e+03
-1.225383541276969481e+03
-1.250024207383830799e+03
-1.240084170337824617e+03
-1.175625267315102974e+03
-1.242004373097966891e+03
-1.249319033402542118e+03
-1.211859963110822719e+03
