-3.553837382162240101e+04
-3.700445692402614804e+04
-3.733784494036825345e+04
-3.807719783573059249e+04
4.830965979710405692e+06
4.705767797565259039e+06
1.340511973976129591e+08
5.420946225610741414e+06
5.947376618939606473e+06
3.633021794525315285e+09
1.227225717261560059e+11
9.584714722203686237e+08
6.379217983535233885e+06
3.825660228722923435e+06
1.398076708623800660e+06
1.398144416559239617e+06
1.422372628700095229e+06
1.394178953935325146e+06
2.224238994865960907e+06
2.197652641222203616e+06
2.145692436175907962e+06
2.285882714433928490e+09
2.982088127179135568e+06
3.189936493685520254e+06
4.278397987557389773e+06
3.160042924419793300e+06
4.497541453540188260e+06
3.803131843299214263e+06
3.439724791404044256e+06
3.709047851982863154e+06
4.041289469506062102e+06
3.835821562454872765e+06
4.439283988886944950e+06
4.717751099628452212e+06
4.728542271743590944e+06
5.451811471456685103e+06
5.131636132945273072e+06
4.673560478683774360e+06
5.205561833348811604e+06
5.066320225116750225e+06
5.091785529435866512e+06
4.986776909350631759e+06
5.332051636931827292e+06
-1.238314340602810262e+03
-1.208859952974744374e+03
-1.204031097831873922e+03
-1.250529693154559936e+03
-1.186571982585592195e+03
-1.248564112931664567e+03
-1.205653211551427376e+03
-1.185966648217872716e+03
-1.208849984842003323e+03
-1.226752693326532608e+03
-1.211348249510163441e+03
-1.245268408607196761e+03
