-5.033420636626089981e+04
-4.652923784251389588e+04
7.722939839699162403e+05
8.089885490807377733e+06
5.321119681894585609e+09
8.668612597225870937e+06
8.615129661098740995e+06
8.600800264130959287e+06
8.887778787307372317e+06
3.180676569905660400e+11
1.881490729981740417e+11
1.395249422244995367e+05
1.198418404480594181e+05
5.219856129605248570e+06
5.251902864555011503e+06
5.397242422736326233e+06
5.443112955008598976e+06
5.768070466146172257e+05
6.060824531467499910e+05
6.131808633527248167e+05
5.857722003633922432e+05
1.448930890218101501e+09
2.126747520191245526e+07
1.544365040169732273e+08
2.354723093020814285e+07
7.539075070108233392e+07
1.687920596106519997e+08
9.464834640409381245e+04
1.069555656715267396e+05
1.079020015012380027e+05
9.988748077772805118e+04
1.176720906574665860e+05
1.118035774775973696e+05
2.464140021100203320e+07
3.381844948734751940e+08
1.320006243767957389e+07
2.698348415443973541e+09
1.012741635988558084e+07
-1.173697729172010440e+03
-1.253693564537010388e+03
-1.214500678740849253e+03
-1.230438833356602117e+03
-1.206692728826863458e+03
-1.207038075862801634e+03
-1.254736874644790078e+03
-1.182751047303056112e+03
-1.252969251233938849e+03
-1.237894934186246246e+03
