-3.235334037069992337e+04
-3.344047361510701012e+04
-3.472391495892360399e+04
1.297465392276349943e+06
5.243878995352471924e+11
1.283577170795556641e+10
5.677336269779545814e+07
5.572910981221784651e+07
2.785556617375636008e+06
5.889686714147135615e+07
2.565172402001441040e+11
2.351026922000846863e+11
2.255289367128992081e+09
5.806085959995481971e+04
4.801887758723791689e+06
4.726661558434517123e+06
4.852788269293564372e+06
4.838233773056439124e+06
1.740979970896790968e+06
1.663018111964707496e+06
1.737820255761251552e+06
5.755938611839096993e+06
5.386070026079429314e+06
5.869490130231024697e+06
6.575446744018978206e+05
6.557772522097975016e+05
6.406391049451422878e+05
6.465177404177838471e+05
6.485839544655197533e+05
6.561861357281201053e+05
6.430200499915746041e+05
-1.195865868995751953e+03
-1.234640505325107370e+03
-1.231156463134306250e+03
-1.206431878644129029e+03
-1.255905339126649778e+03
