-3.452146164482794848e+04
-3.697742659839201224e+04
3.782778761166476645e+06
3.743787851019233000e+06
2.181384982680892106e+06
7.596514791121852398e+07
6.718478068332624435e+07
6.958690123273064196e+07
1.894898912117332686e+06
1.809985953662849963e+08
2.510762749695845842e+08
2.746256119136273861e+06
5.524577914487028122e+07
5.126496249768862873e+07
6.383356306644576043e+07
6.523839768510320038e+07
5.606228751585484296e+07
1.797839153894659877e+08
5.791779689452679455e+07
5.703476309173299408e+10
5.355073443629638672e+09
5.172156195713580400e+07
1.025736187653933400e+16
3.318706801708979688e+13
6.805024618320085938e+13
9.277887947698201172e+12
1.691154992394132480e+17
3.910133845706061035e+12
1.989105637436146615e+06
1.922376340026439400e+06
1.942506021962479921e+06
-1.212780340388562763e+03
-1.175625357432640158e+03
-1.236501830010442063e+03
-1.255589626414963277e+03
-1.212250027690082788e+03
-1.179172971348831197e+03
-1.188901760287291836e+03
-1.225398119576973841e+03
-1.245475412690895610e+03
-1.198043947093770839e+03
-1.191785736853140406e+03
