-3.697728732843490434e+04
3.737005425031060819e+06
3.771544377295619808e+06
1.859007083603180170e+09
3.758433589383887207e+12
2.167105526483438443e+06
2.225339053768104408e+06
2.735199324438566715e+07
6.778149725310438871e+07
2.283288732905567586e+08
6.417108171688526636e+04
3.654084710269673378e+05
3.680342481051503564e+05
3.754437045467153075e+05
2.962240820348010659e+08
2.757430181356179062e+06
2.666806618951873388e+06
2.858743512156214099e+06
6.326498266850236803e+07
5.714268233634991944e+07
6.387801443147281557e+07
5.426841667351520061e+07
4.855546916886208206e+07
7.572789804635925591e+07
2.731429608460758362e+11
1.910524024274830078e+13
7.755601764161896875e+13
2.922908851321785547e+13
3.523186758552182500e+15
3.102676995527604688e+13
3.954590227270574000e+15
1.313001291287971094e+13
1.352701726374259766e+13
1.786347829961941120e+17
1.671723073434539000e+15
1.883990812341205077e+06
2.008376220036967658e+06
1.997204820750184357e+06
1.899901833057548618e+06
1.892045419061058667e+06
2.017170576180749806e+06
1.994095169626635266e+06
1.953179476993104443e+06
1.901858477077913703e+06
1.914459576255154563e+06
1.958697516817041207e+06
1.864859809089210350e+06
1.993910485808747821e+06
-1.197263561841129558e+03
-1.197541353340318892e+03
-1.225377503934927518e+03
-1.229742705646000104e+03
-1.251632464461930795e+03
-1.243953436450567096e+03
-1.213050045529060299e+03
-1.207968906739988597e+03
-1.208653030209330609e+03
-1.254248967685911339e+03
-1.180388146810204489e+03
-1.222923784532002173e+03
-1.243859973327023908e+03
-1.185884335304523120e+03
-1.197444061628193595e+03
