-2.220541592530208800e+04
-2.396271742329626431e+04
-3.460033887950457574e+04
4.538403403975122492e+05
2.936024607296360191e+06
1.461462712531965226e+06
7.142003827149341814e+05
5.813287778372113705e+08
4.835762749144937897e+10
5.376642540971348572e+10
2.210455862240979385e+10
3.252865936796812439e+10
4.921352448463929817e+06
9.491420150806955993e+06
9.269548816732933745e+06
9.478720098155414686e+06
8.832906296478951350e+06
8.564176098566887900e+06
1.013711973213354871e+07
1.426183790176107362e+07
1.968343499130532518e+07
1.661550668194666319e+07
1.959580955431743339e+07
1.804813862830828130e+07
2.605449578575825691e+07
1.264836503620555997e+07
2.202866578265102208e+08
6.051023811482248306e+09
2.800417354339259863e+08
3.028851744400377750e+09
1.033142748375900269e+10
6.000015246697484255e+08
8.973774563992159367e+08
1.283507476530759096e+09
8.791043734891852140e+08
1.014090092194978714e+09
9.426774731615060568e+08
9.097322890459121764e+07
9.370718049664780498e+07
9.063910209459981322e+07
9.095226236137224734e+07
9.098608042506197095e+07
9.286809501238995790e+07
-1.189484740938845789e+03
-1.234884128440608038e+03
-1.194390946347673889e+03
-1.232536527188029140e+03
-1.205150263176183216e+03
-1.202480503414146369e+03
-1.191109426805283874e+03
