-1.354441824755645939e+03
-2.930137826490317821e+02
-2.095713969006326806e+03
-1.499118878271561698e+03
-2.357171868805467966e+03
-1.376262026344797050e+03
-1.599147283336642431e+03
-5.140972040881897556e+03
-3.031606699713869602e+03
-8.375533724760920450e+03
-5.761175718582177069e+03
-9.332091543949041807e+03
-1.240844017420576711e+04
-9.837754958115459885e+03
-1.328309321278233256e+04
-1.577328202953487926e+04
-1.912280889703826688e+04
-1.479276973305596039e+04
-1.703789495186004933e+04
-1.638393683917685121e+04
-2.488088216982437007e+04
-2.450394333287095651e+04
-2.417953053066579741e+04
-2.042434790729847737e+04
-2.375086618289387843e+04
-2.200052233863840229e+04
-2.302456293201725930e+04
-2.247568886422060314e+04
-2.386159417404158739e+04
-2.627255824746932194e+04
-2.379437256401614286e+04
-2.460020007974733016e+04
-2.288900987841651659e+04
-2.130037518398780958e+04
-2.348965280657121912e+04
-2.644439382060238859e+04
-2.534127590430722921e+04
-9.494714564747118857e+02
-9.487697994902555365e+02
-9.451676595708122477e+02
-9.815597780781099573e+02
-1.013979452474595746e+03
-9.924922567011963110e+02
-9.867139485206862446e+02
-9.235910131785494741e+02
-1.000892537638661452e+03
-9.601553731863095891e+02
-9.767451244813564699e+02
-9.617876084182062186e+02
