-3.854732928824185365e+04
9.013353325638813898e+06
9.078365868933463469e+06
4.274784231352808885e+06
4.285820602863169275e+06
4.493809732105514966e+06
4.558999439219153486e+06
6.426805622576361895e+07
6.366997332830587029e+07
3.310967730795600414e+08
4.902144407591720223e+08
2.691077933026925325e+08
2.995328582506487370e+08
3.960671103396825194e+08
7.013996326683511725e+05
7.160588153278998798e+05
7.075910224707887974e+05
7.061246161061117891e+05
3.216267562747564912e+07
9.705786256226193237e+10
3.762239084502591491e+08
7.609962378815109730e+08
2.929525381520153284e+08
5.885436138695719652e+06
1.938960330530012026e+06
3.466210454145175405e+06
1.147814050691759039e+05
4.864923677323626727e+07
4.354384399493684173e+08
1.930925251642842079e+06
1.991946546801795065e+07
-1.031407581096029258e+06
1.072517714049282018e+06
9.024366228602279443e+04
7.327670783726632362e+04
2.955298756648097656e+13
5.202548586502564140e+06
-9.901587248355208430e+02
-9.662017382064950652e+02
-9.837352590592927299e+02
-9.266764867742022034e+02
-9.443823289690481033e+02
-9.370840636061038822e+02
-9.158087550546915736e+02
-9.188234713019337505e+02
-9.134980179459089413e+02
-1.009801706569065573e+03
