-3.324952503798449470e+04
-3.667290810313847032e+04
4.008388692850122694e+06
4.064373566013253294e+06
2.357303569601594470e+06
1.476418745492125163e+06
2.657239250142339151e+06
3.444978787546185777e+05
3.813682921417459869e+10
2.860769088658134766e+11
7.306560204053461075e+09
1.817724135511148348e+07
1.257820096935259178e+07
1.526917490339388698e+07
2.319668989832615852e+07
4.159651651061532553e+06
4.094058982066319790e+06
4.043408339646942448e+06
4.023038471337465569e+06
1.472032509823523089e+07
2.332811832768354192e+07
1.618109023771587759e+07
3.281919234768015891e+07
2.687065807161268234e+10
4.826964592650773048e+09
2.228267216953916550e+09
2.072256397244990349e+09
4.728885809244180679e+09
1.892807256748296976e+09
4.064959094930280209e+09
6.034449994229417801e+09
4.740648981798555374e+09
9.114421635901876450e+09
5.087182648947466850e+09
2.741104388577922713e+06
2.559358004580598325e+06
2.669308250968545210e+06
2.496883562779263593e+06
2.511854433044927195e+06
2.580861527132627089e+06
-9.177343434076756239e+02
-9.192035203418054152e+02
-9.194425072946469299e+02
-9.612310965572251007e+02
-9.315889823587494902e+02
-9.492548514222726226e+02
-1.006924609183188295e+03
-1.002642447829392040e+03
-9.150363136421947274e+02
-9.175889280631090514e+02
-9.915840230816975236e+02
-9.667837959913595114e+02
