-3.642890761874150485e+04
-3.666718220037159335e+04
-3.742486088952666614e+04
1.815634741079336498e+06
1.783881812593464274e+06
4.826422968759418279e+07
1.697551087178793252e+08
6.263440568335107422e+12
1.402570351598376930e+08
7.270000705449291992e+11
3.671755052300626250e+14
4.165006850980417337e+06
4.219813016955966130e+06
4.111789450933163986e+06
1.960079753701101523e+06
3.499516013219909277e+06
2.651580026707539801e+05
2.002520428288563620e+06
1.269939383892245865e+10
1.059907303789089584e+10
5.648317871992676544e+10
1.501452581906705379e+09
2.597446598679620266e+09
2.668886127264633560e+10
3.331158131596982712e+05
3.626471647531805211e+05
3.582569548734333366e+05
3.396775864659535000e+05
3.192363990273148520e+05
3.678576399844825501e+05
1.107534008436033726e+09
9.080868223412487507e+08
8.524005538078581095e+08
1.157169495405080795e+09
7.098774557388908863e+08
1.520671020257450342e+09
1.580300013337343693e+09
4.217635307807323933e+08
6.436353921422885656e+08
-9.569074172487307806e+02
-9.412498155393986963e+02
-9.458200684427574743e+02
-9.774565346923773177e+02
-9.827263518795080017e+02
-9.609711582416493911e+02
-1.006257038041192573e+03
-9.667148478791641537e+02
