-2.621727501708092313e+04
-2.893812459263480923e+04
-3.489353380247727182e+04
-3.635286143907763471e+04
-3.802678657460475370e+04
-3.878853315567277605e+04
1.915678151427124813e+07
5.667270790961418534e+05
8.910161260387636721e+05
2.713349540454144590e+06
5.113692513497215114e+05
2.444946678534505665e+08
3.727511726180590391e+08
2.314554521732010841e+08
3.448845893415163457e+07
3.657877893348699808e+07
3.653848577250434458e+07
3.812059420262612402e+07
4.098830833056429774e+07
3.640426178206021339e+07
3.757882824643897265e+07
3.485776034977791905e+08
3.277819869924536347e+08
2.896379523866184354e+08
1.792282566982301176e+08
1.437479863878743649e+08
2.214357758936490864e+06
2.245264049310194328e+06
5.287610301753302338e+05
5.289679323729467578e+05
5.260708561146997381e+05
5.396619564021589467e+05
5.260041138538651867e+05
5.317666442182697356e+05
5.387094552373882616e+05
5.251158777855475200e+05
5.369355634119121823e+05
2.347628873375890404e+07
1.934428011759007722e+07
2.589738075874605030e+07
-9.236049783945491072e+02
-9.206710187802673317e+02
-9.745552556900656782e+02
-9.826734097899170592e+02
-9.506587044932239223e+02
-9.923451915375189856e+02
