-2.681040729370070039e+02
-7.341355051503385766e+03
-7.904764641168741946e+03
-1.435578049614025804e+04
-1.402212345765328064e+04
-2.312861369086510240e+04
6.799024208812355937e+03
3.136776242731717066e+05
8.109272073637754656e+05
1.327408317914544977e+07
2.668007110975562036e+07
5.061891757206055627e+04
-1.399295658552938548e+05
2.536243085638884455e+06
2.096705622558973730e+06
2.833776713980457280e+06
5.963056786062347144e+07
2.532610121450852603e+06
1.515081929683238864e+08
3.166652720021058246e+07
1.492981186405036598e+06
4.162870393307365594e+05
5.108631286534868479e+08
1.241660718480695784e+08
5.412428526770382188e+06
1.430307501655748114e+07
1.119700463973932900e+07
5.592862707239492796e+06
6.020068952289625071e+06
1.064227549450154183e+05
4.998873805397574906e+05
3.249946631446516840e+05
4.519070179843867663e+05
4.047169234618388582e+05
6.687685059499205090e+05
3.476428322030866984e+05
4.146019243917685235e+05
-9.703176333821902517e+02
-9.101075258105411194e+02
-9.131071799070923589e+02
-9.710569084261951502e+02
-9.993723727077885997e+02
-9.129605949718679767e+02
