1.330936414262318760e+08
1.403419091816579401e+08
1.007786945480080688e+12
1.122414259294578806e+07
1.137942589979812875e+07
2.462270130533584654e+08
6.856585884845620394e+07
8.325970915268133394e+06
1.711094805257298851e+10
1.942379669842844391e+10
1.109760108948320007e+10
3.356729635112463147e+05
5.042645788000928238e+06
5.372108376552646048e+06
5.026034935690561309e+06
1.059821773858963745e+06
1.096324108860418899e+06
1.148029496759478934e+06
1.091149958161747549e+06
1.081926084268347826e+06
3.244020079603930473e+09
1.710269623562142253e+08
1.143374461478423200e+16
2.206563381411017895e+09
2.343090082480890274e+10
3.970500406878721237e+09
4.186749837338640094e+08
1.742678278386398077e+09
2.353714002192948341e+09
3.690257247163392021e+05
3.419015069502715487e+05
3.828092271538943751e+05
3.621003223990013939e+05
3.756994384948696825e+05
9.993364665178282471e+11
3.343351851592437500e+12
1.387526090082138777e+08
5.107884165281824951e+11
3.556031362610493774e+11
7.714544592373321289e+12
1.007604563475578857e+12
2.527704790312067795e+10
1.480322581531947653e+05
5.482288098095704336e+05
7.315132492112894058e+09
-2.021622255524129723e+05
4.241890833319351196e+11
-5.559290735498652793e+02
-5.635708876323478762e+02
-6.658869636082672514e+02
-6.833981551410979591e+02
-6.118555899086641148e+02
-6.911021979702054523e+02
-6.649752986976236571e+02
-5.678215742410684470e+02
-6.695584188318462111e+02
