-3.697619106001244654e+04
9.762348251213832991e+05
9.772693861817843281e+05
9.501257332233084599e+05
6.597886161166133881e+08
5.283771549685559236e+06
1.423731293147383451e+09
1.299955402218124866e+09
6.983204813961467743e+08
7.363642651988258362e+08
8.847359176538929343e+06
7.595585988463097252e+06
1.165256277778334351e+11
8.682404447974073792e+10
3.087250972737652302e+09
1.238652389756876826e+08
1.046758903276062012e+08
1.302707058857487291e+08
1.380450265984749603e+10
7.004639448971414939e+06
5.096686298705317080e+06
5.441803059756601229e+06
1.825172296721071377e+07
7.071613431049678475e+06
8.028830648945190012e+06
9.957599199593897909e+06
7.742133350636828691e+06
7.360354126434808597e+06
-5.797009587189822923e+02
-5.823641767452063505e+02
-6.533311365531699266e+02
-6.416365911815373693e+02
-6.607928779660142027e+02
-6.854665567541669589e+02
-6.616271323527907953e+02
-6.421385350199416280e+02
-6.190877576747152489e+02
-5.837885030343604740e+02
-6.028382754949270748e+02
-5.852439514434663579e+02
-5.617213988490111660e+02
-6.426323762600950431e+02
-5.915775457844720222e+02
