-3.606451120687896037e+04
-3.766393535147051443e+04
-3.858310070152700064e+04
4.984765140998793649e+05
5.784192654086060356e+05
2.869993038424851256e+05
2.961907383859887486e+05
1.082337874956318177e+06
1.085911680730235530e+06
1.169344738631422166e+06
8.329699100890671834e+06
2.894861064774751663e+07
1.646311738767185307e+05
1.636425508737871714e+05
1.649399731423694757e+05
5.375026184015766144e+09
5.215890320529538155e+09
-3.954896941964858706e+04
2.517442599840967188e+13
2.129987692854662891e+06
1.838469558326052269e+06
-3.106614198506750108e+04
2.320653824692030996e+07
2.300892924951440096e+07
2.212058422849382088e+07
1.978488690219360590e+07
2.153329834766755998e+07
2.796434348040287569e+07
2.706343683936879784e+07
4.274568017253631592e+09
4.642283066580200806e+11
7.702890101163535938e+13
3.397060296517522812e+09
1.811808819374913406e+10
7.507363008278936768e+11
2.948185514054189453e+12
5.680186905368023682e+11
2.508980480286181152e+12
1.807860930003288269e+11
5.172306599254716797e+11
1.483188126654816895e+11
1.338041953136483887e+12
4.406990835997293945e+12
-6.359296501177013852e+02
-6.124485891716612969e+02
-6.774406998718040995e+02
-6.176677754732954782e+02
-6.396041158809384797e+02
-5.815057985102466773e+02
-6.625430125300190412e+02
