-1.657085162436127575e+04
-2.941764671187795466e+04
1.117766345693645813e+07
1.218239505747720040e+07
9.282294819507265463e+06
1.379353514953303337e+08
2.611229071217925753e+06
3.288842265738714337e+08
5.551976472390453815e+08
3.610256010437442660e+08
1.068365478382725716e+08
1.467279951547054350e+08
1.194492222617386729e+08
1.392355720743713081e+08
2.440631440048240870e+07
2.469868815898780897e+07
2.409308829744753987e+07
6.952451601107503287e+06
6.892483053616025485e+06
7.392733210907544941e+06
6.894230345407965593e+06
2.180565053069468498e+09
2.068637134291906595e+09
2.339473093912972450e+09
3.002586922651443005e+09
2.653100705132833481e+09
2.827062217973211288e+09
3.806212694684011459e+09
2.353578851939486504e+09
1.405725303129557848e+09
2.617610394074892998e+09
1.801101892850384521e+10
2.407861954922611237e+09
5.000233862778472304e+08
9.803346700476270676e+09
1.563915201085694580e+12
3.614896779855953906e+13
1.504971829137071228e+11
6.356162966602653750e+14
1.294823034747438049e+11
1.164651749952803040e+11
4.254856734590619507e+11
8.639784875869333267e+09
1.062845265431385231e+10
7.786200997761301994e+09
3.141257014603681946e+10
7.590972248112962723e+09
2.797771942405489349e+10
2.679170022158043671e+10
2.457334919740172195e+10
1.589583563401392746e+10
1.029894862638219261e+10
8.403520266528486252e+09
9.879212454223619461e+09
2.026096680345577240e+10
-6.663418152314552572e+02
-6.472723539487924427e+02
-6.012241338122694287e+02
-6.672954853504197672e+02
-6.634321808567619883e+02
-5.992208961079304572e+02
-6.686128360186121427e+02
-6.461999767750385217e+02
-6.692471956238441635e+02
-5.585361632831627503e+02
-6.755816793889098335e+02
-6.568967768564180005e+02
-6.413995877731940709e+02
-6.279575000719050877e+02
