2.033878961510345107e+01
-4.694072877178936324e+03
-6.518303604993558110e+03
-1.073171721970289946e+04
-1.277623351287806872e+04
-1.587235894505059332e+04
-1.942362846741539761e+04
-1.988313692803252343e+04
-2.131148173324202435e+04
-2.383368365300860387e+04
2.602929053950429894e+06
1.019151135467887484e+07
8.028336256292473525e+06
1.340556022538871272e+06
4.103738042011359939e+05
3.287877548115489772e+05
8.327599625112619251e+05
1.252074127594310790e+06
1.138558257524293382e+06
1.037054233951861970e+06
3.837190644906677771e+05
1.666281636680281023e+06
1.535081330377123086e+06
6.867440026080507087e+05
7.876498307881563669e+05
8.006144044269886799e+05
4.339313527308690245e+05
6.923508072239324450e+07
4.750713216797009110e+07
2.390296288777250290e+09
2.650481261874514389e+10
1.749556190325840563e+07
1.949623123601566792e+09
1.222384941527137041e+09
1.549009704724667035e+07
4.309156643672474474e+07
1.054049404573809057e+08
2.036661227880147053e+06
1.401922076873925515e+06
1.845827308855915442e+06
1.335140092597315786e+06
1.742187092386081349e+06
2.007656588360301219e+06
2.312988022912868299e+06
1.659776937973886961e+06
1.312963880657758797e+06
1.901418403838697122e+06
-6.268216125468024984e+02
-6.047816451700928155e+02
-6.012908218697120901e+02
-5.681605280077492353e+02
-5.534762205500737764e+02
-6.661065963020082563e+02
-5.982591359713405836e+02
-5.656373019692255184e+02
-6.096264105603913777e+02
