-3.702808257991002756e+04
-3.780376079860699247e+04
-3.826936191639002209e+04
1.048228859874495119e+07
9.831073211451726034e+06
3.634943649442935362e+06
3.444242343389578629e+06
5.689506545936268568e+07
2.517037452014867663e+08
1.579022797677980363e+08
2.137331510554496944e+08
6.198367452246849060e+09
1.681338371031636596e+08
7.511535161521598697e+07
8.639872545963740349e+07
1.179992073356017645e+05
1.552693468428902270e+05
1.152358507019875979e+05
1.244686190034067258e+05
-2.033718834831529966e+04
2.454806573907984886e+06
5.040465540321234614e+06
-1.571898119128237013e+05
1.336390962217131164e+04
3.585833644006465562e+06
-6.172417383640566550e+04
1.904794864279882014e+08
1.938318208401841985e+05
1.155888819445553236e+06
-3.190290661603382323e+05
6.416462100417613983e+05
6.672370174347070312e+12
-6.273752978491538670e+02
-6.222259985305427108e+02
-6.663354311690491159e+02
-5.936343527481658384e+02
-5.536285945730342064e+02
-6.878122002810996491e+02
-6.819000192369567230e+02
-5.690204421186936088e+02
-5.906018391997495200e+02
-5.587811227705096826e+02
-5.814330599555105437e+02
-6.280591671384172514e+02
-5.559226862182258628e+02
-6.584246046579210088e+02
-6.058950909351697192e+02
-6.541624505611252971e+02
-5.953464524447335862e+02
-6.623167308446427342e+02
