-1.469900385850851308e+03
-1.522759857005208323e+04
-1.778412761386294369e+04
-7.332273192536321585e+04
-6.625194809647739748e+04
-7.759342335921949416e+04
2.347377265186906327e+06
7.338303971429814119e+05
2.988862726124128723e+10
7.745973266252393834e+06
6.537547117175926268e+07
2.764515234011278749e+08
1.879938965307796299e+08
2.416425818969835043e+08
2.663963457552708387e+08
6.068246329724313691e+06
4.399398765010608360e+06
1.341200959363850832e+09
7.558681254927351475e+08
1.916978663400385141e+09
1.462523359665100574e+08
1.161396621537091434e+08
1.140244025501811644e+06
9.641741766197631368e+05
8.959084788444859441e+05
1.050182677084649913e+06
1.565558302368128207e+06
1.868812810250698356e+06
1.538162349337169901e+06
1.654829073240233352e+06
1.774084417805197183e+06
1.596648208915822441e+06
1.803275975678766612e+06
1.945971089259605855e+06
1.839972516060536262e+06
2.073257082285953220e+06
1.683129291332193417e+06
1.830805858283838024e+06
1.725315532710051630e+06
-5.720690120694343932e+02
-6.137202381324023008e+02
-6.565146912078198511e+02
-5.762547605039144401e+02
-5.931249428385053761e+02
-6.586269828925142065e+02
-5.558985317432379816e+02
-6.836417729660170153e+02
-6.780173176381213125e+02
-6.304543536576675251e+02
-5.724610789629514329e+02
