1.239532487053467776e+03
-1.440741692347575736e+03
-6.340835810764016060e+03
-1.012833493657503277e+04
-9.200766803578317194e+03
-1.302950067547253275e+04
-1.115662398149828005e+04
-1.157488478337634660e+04
-1.673208369979024064e+04
-1.645930268210242139e+04
-1.795675288467387509e+04
-2.034807157274591736e+04
-1.949465760054915518e+04
-1.887604541154744220e+04
-1.967606428061676343e+04
-2.005907216134974806e+04
-2.333599053632293362e+04
-2.392901625301218155e+04
-2.428670818556404265e+04
-1.757059658391446283e+04
2.009556619300272723e+04
-1.520919669739314850e+04
5.627580323300600867e+03
4.425047631851375627e+03
-1.782727949106117012e+04
-2.212995324242101196e+04
-1.649864562356144597e+04
3.369118865876974887e+05
-3.644659349064313574e+02
6.709898950974682812e+05
5.059017986672586994e+04
-6.348973980841052253e+03
1.756207979581059772e+04
1.739033843015364255e+03
9.943693276018922916e+03
1.274054782611577393e+05
8.116266702599165728e+04
7.351454010811322951e+04
-7.894789472955616657e+04
1.331882273343908018e+05
4.606129861261221231e+04
-1.347206282329343085e+05
-1.758620737580461719e+04
1.175850423624974355e+05
-5.133649678897345439e+02
-5.322199299695785157e+02
-5.882498851421405561e+02
-5.693053501381073147e+02
-5.139025728559645358e+02
-5.988785197762481403e+02
-6.108678134268557187e+02
-5.952358154736866709e+02
