1.282030566053006623e+03
-1.666182385982247069e+02
-7.272952914205849083e+03
-9.606637613619393960e+03
-1.199582096527884278e+04
-1.198880598372856184e+04
-1.206748431512780735e+04
-1.864686577430988109e+04
-1.873295446654680927e+04
-2.223620236351859057e+04
-1.832355943496450709e+04
-2.414900679490786206e+04
-2.690463719385418517e+04
-2.431737712787382043e+04
-3.662530085108724597e+04
-3.146595022514317316e+04
1.528180576624149457e+06
5.612213224196374649e+05
2.130862402226254635e+05
2.334528071070699662e+05
4.330583809949698625e+05
3.178368068942897371e+05
1.964117833996194240e+05
5.514883570318658603e+05
1.955944948002843303e+05
2.647867351228213520e+05
3.324106393079160713e+06
5.793325500601975946e+05
9.793850012728862930e+05
2.824267726278311107e+06
-5.123078306409006473e+02
-5.630717175987956580e+02
-5.298993465422536246e+02
-5.681389925386756659e+02
-5.880904833209642675e+02
-6.290748428464576136e+02
-6.074521581881272141e+02
