-3.435425207649991353e+04
-3.530919676173035259e+04
-3.649123308326202823e+04
-3.740485731303688954e+04
-3.768952928745833196e+04
2.293882848251444288e+06
2.538625944031934254e+06
2.472461877693954390e+06
1.894253254637505626e+06
4.220124875537546352e+06
1.692615859930462018e+07
5.195335377361696243e+09
1.000621200298919156e+07
1.088644090846187621e+07
1.195409297979692183e+07
6.538355955660378933e+07
1.373453400552887656e+07
1.029841119782211445e+07
2.030912447893217969e+13
6.815133794365167618e+07
7.644493691842946410e+07
7.788889458106257021e+07
8.891887512725800276e+07
1.351918623242551386e+08
1.276756287653986216e+08
6.179112366282419205e+09
2.592862809261370659e+09
2.521861828820027828e+09
6.715153748999509262e+05
2.793534352807984352e+09
9.348770593018445652e+05
2.252289668116718674e+10
2.187081592560010147e+10
6.553085416342494531e+13
9.891267616842597490e+05
1.009677389892528066e+06
1.068500366588220699e+06
2.032450871451128332e+05
2.372392361124041490e+05
2.458204910102452268e+05
2.094381960090117645e+05
1.938540609820529062e+05
2.306456714419285126e+05
3.207980420350274071e+05
7.242086242427647812e+04
2.036014056616644375e+06
3.519521313322995603e+07
-7.428735312750060111e+05
-3.824795481225155527e+03
7.061202620776835829e+06
-6.881497781138159335e+05
5.752476114668102935e+06
-2.404041705291019753e+02
-1.937605661069683265e+02
-1.649974023908143863e+02
-2.437523216715489980e+02
-1.726610209535283502e+02
-1.159119117147056386e+02
-1.619763194343249779e+02
-1.068686396497942042e+02
-9.304989822741481476e+01
-1.600593909376475494e+02
-1.915214461366122123e+02
-1.049871313388284761e+02
-2.231051950198598206e+02
-1.948970812280022074e+02
-1.681880862823454663e+02
