-3.737277741977026744e+04
-3.778060935679187241e+04
6.845616970787279308e+07
2.564476621766508818e+08
1.510207604527659416e+08
5.427082487976918928e+06
7.943054865559238009e+06
8.921894878908818588e+06
9.314287771189276827e+04
8.877819907720899209e+05
7.986006045523631619e+05
8.086627474472784670e+05
1.245011159270024658e+12
1.309577647208204959e+06
-7.125581830025615636e+04
2.856163953980944934e+05
4.759073172226729803e+05
6.425500778842238942e+05
-1.333210187916104624e+05
4.649904071772391908e+06
4.525741303566643037e+06
5.034974361993509345e+06
2.874383887952241115e+06
2.871147731523272581e+06
2.743228183208386414e+06
2.804851015131694265e+06
2.721646565965252370e+07
1.366917959177347086e+07
9.248978218728583306e+06
-1.703815286300959997e+02
-2.076893888990161940e+02
-1.520329510746523738e+02
-1.701993735143332742e+02
-1.938881808550795540e+02
-1.994826281529385597e+02
-1.027944781718833838e+02
-1.144616025327413809e+02
-1.830072968901658896e+02
-1.123245075926824939e+02
-1.136058409767283592e+02
-2.566483077598677482e+02
