-2.027393283580571369e+04
-3.445875823609469808e+04
-3.611812886112691194e+04
7.853870678069092333e+06
9.019850725791228935e+06
1.057823148008513264e+07
1.100398539969893172e+07
6.251775643709549913e+05
5.372479819743296131e+06
7.891574529853209853e+07
1.262009896100132493e+06
4.820382116735857725e+07
3.981108644710226357e+07
4.970430997272616625e+07
1.592366324546560645e+07
2.131399507242080569e+07
1.971787225727409124e+07
2.021615166874200106e+07
1.876615361803119630e+07
1.756097639049718902e+07
6.607374598863071203e+08
9.963200494614055753e+07
7.742188785151636600e+08
5.074144972529106587e+07
8.282063756850564480e+07
8.272675103820932388e+09
2.522244619585189438e+10
1.403893048276901627e+10
4.544914160788666725e+09
1.106729000515341997e+09
1.197744745945327282e+09
1.202217503424194813e+09
1.196657308584480524e+09
2.646373169237444401e+09
9.866383743540973663e+09
6.194635785260733604e+09
8.887002018094116211e+09
1.523646744044139481e+10
7.779982373016001701e+09
4.257239006875221133e+08
-2.318686500131834764e+05
4.849274332993141375e+06
-2.330661126224511536e+05
1.290297337557680719e+07
1.700311702065316141e+08
1.119152996476033702e+07
2.308763361439495906e+07
-1.388124735358287580e+02
-2.743689271126349922e+02
-2.412860530109319370e+02
-1.878864307897747494e+02
-1.787618689435184933e+02
-1.187038566029514186e+02
-2.490781446369073819e+02
-1.618948777824116405e+02
-2.755303148221282754e+02
-2.308159427570353728e+02
-2.055043041660101153e+02
-2.399179449936200399e+02
