-6.766414660690934397e+03
-8.834198355744585569e+03
1.551416457478477478e+09
2.163674079994900094e+05
7.794724470192761160e+06
2.566286120559032861e+04
-1.130202234924019576e+05
1.075531953063708991e+08
1.024545217524558449e+10
7.979272679100554436e+06
6.834543609892305918e+06
3.869018865793822915e+05
4.057684343288323143e+05
1.406061703441985184e+06
1.533207306453399127e+06
1.402951695084818872e+06
1.464749130783691304e+06
5.341781147014479065e+10
5.774441663795394124e+05
1.757682957613214552e+08
1.623638465725270798e+06
3.892404960924080759e+07
-1.397210540210124454e+05
5.611450925292999018e+05
1.841850911669888010e+05
1.818792123949614179e+05
1.836780995551774395e+05
1.701954909310391522e+05
1.691861709094689868e+05
1.907535062685190060e+05
1.722314043581088481e+05
1.692003952349043684e+05
1.644043399418445770e+05
1.900872820185868186e+05
1.809208604132984765e+05
1.827101284280118998e+05
-1.078871563786233310e+02
-2.105984234657080378e+02
-1.669976914477010723e+02
-2.629900605312141124e+02
-1.801665838654153049e+02
-2.629320861479500309e+02
-1.440099534645269159e+02
-2.620935374190157745e+02
