4.630755788215756183e+02
-4.847245435661621741e+03
-7.701931084025814926e+03
-1.455047896857314481e+04
-1.849277922349390428e+04
2.725259103112170123e+03
-5.949755750779018854e+03
1.349651870727984002e+06
6.837903232113164850e+05
2.968521074916061759e+08
1.143231655490957014e+07
1.002607876767669106e+10
1.165272675970304298e+10
1.561387899183788523e+07
2.932454065686619878e+08
4.016889528679407239e+08
4.765966214118604660e+08
2.247254251983240843e+08
2.528494370322369933e+08
-1.189215034044410131e+05
1.426494454133518785e+07
1.222157113979031332e+07
1.936253755384236574e+07
2.082274489961909875e+07
4.111997007498302937e+09
6.016570898073965454e+10
1.113406266353477669e+10
2.446139928745693993e+06
1.762400306495365873e+07
3.574375605928621721e+06
5.316947829222865403e+06
2.045612485639611026e+06
1.036389316901058331e+07
6.564465806369848549e+06
1.480358759296388365e+07
9.949898257878728211e+06
5.274043510055003688e+06
1.380112514522301778e+07
7.972251484128121287e+06
6.053179915038964711e+06
3.758823652457535267e+06
7.501606392382632010e+06
5.693375948403888382e+06
2.043694984037644044e+07
3.995855819306997117e+06
2.617170660566091165e+07
-1.802781404784764163e+02
-2.582120574958680663e+02
-1.114928727149963379e+02
-2.316685864919272717e+02
-1.642032431853294838e+02
-2.687607919932052027e+02
-1.899602285756263882e+02
-2.366032847778988071e+02
-9.694958296307595447e+01
-2.212003585966303945e+02
