-6.229864689181780705e+03
-1.495887958321696715e+04
-1.461366028562717474e+04
-2.062767600837517966e+04
-6.723786951283688541e+04
2.967679895063771401e+05
-2.837937021420338715e+04
9.579056407926500542e+05
2.438043914538854733e+04
-1.360614025746115658e+04
7.485718552637339570e+06
5.994507722913808823e+08
2.030198209243005753e+10
9.027962119640749693e+07
2.825588677699798718e+07
7.731418560478644073e+07
2.268167270997320414e+08
1.539419912254781835e+07
1.836519274537238525e+06
7.209920782551463693e+06
3.135764012114942074e+06
1.008205946088976343e+06
1.054859078765022568e+06
8.251657981158593902e+05
8.715605053646380547e+05
5.455858781949548284e+05
1.585206381860406138e+06
1.568045342843530932e+06
1.578288170349447755e+06
1.490044805829821853e+06
1.385965834429349052e+06
1.479155499883250333e+06
1.513102591095284559e+06
1.564180869123641867e+06
1.294438207812850364e+06
1.619634782587518217e+06
2.024312733348181006e+06
1.575070713144664187e+06
2.084175853664457798e+06
1.783564668243581895e+06
1.743721551066679414e+06
1.921009315864430973e+06
1.559840820323125925e+06
1.829152372726234375e+06
1.864452046295998851e+06
-1.368271645627683029e+02
-9.437058524004532956e+01
-1.829529299614659976e+02
-1.710062104027019814e+02
-2.286050540044379886e+02
