1.236264879534057400e+03
-2.248145500740196439e+03
-6.421825659247617295e+03
-8.195032859770188225e+03
-5.761065206337625568e+03
-1.033564669352849160e+04
-1.280511560999547510e+04
-1.158588180137047311e+04
-1.201309262211784517e+04
-1.350647108751272754e+04
-1.692489056513642572e+04
-1.895893260540138726e+04
-1.644952250124922284e+04
-1.625787380760349333e+04
-1.560863329989261547e+04
-1.859275933373964654e+04
-1.627735836435401143e+04
-1.935751219224606029e+04
-1.651629648066672235e+04
-2.327988737244851654e+04
-2.239831554269586923e+04
-2.374462265982961981e+04
-2.155134276759113709e+04
-2.062698138636484509e+04
-2.081507387894764543e+04
-2.066563000448985258e+04
-2.542499483214215434e+04
-2.092579098502307897e+04
-2.067972457286348799e+04
-2.064402398954637465e+04
-2.091757851531737833e+04
1.679099992240662687e+01
7.672490399243542925e+01
1.436351737044460606e+02
-3.346124348067678511e+01
-2.903352455666754395e+01
1.015758603360154666e+01
1.080831291071081068e+02
1.812965275105671026e+01
4.316525615402497351e+01
1.289170635350455996e+02
-5.522472683136584237e+00
