9.511136869205656694e+02
-6.769954385404053028e+02
-4.766766873010732525e+03
-4.099701110220150440e+03
-6.111619738353459979e+03
-7.915208088438048435e+03
-7.394855277053764439e+03
-6.447349014195468044e+03
-6.810958152959487052e+03
-1.057254537157010054e+04
-1.129804446963427472e+04
-1.184835626685679017e+04
-9.815266480424717884e+03
-9.549305017446196871e+03
-1.032275952975571272e+04
-1.315391232923694770e+04
-1.190211235639384540e+04
-1.421173107238853117e+04
-1.080597284039118676e+04
-1.294084544892187114e+04
-1.411252344373802771e+04
-1.313393122797115939e+04
-1.326766090683243237e+04
-9.743834439497470157e+03
-1.551379978931299411e+04
-1.145431480451973039e+04
-1.283793757831334369e+04
-1.271829414853686467e+04
-1.090201221581344726e+04
3.060809995776216965e+02
2.661457788673287723e+02
4.080068520399217959e+02
3.571917854697385337e+02
3.470406404960376676e+02
