-3.587350339578352578e+04
2.593611348704642802e+07
3.617026096401019394e+07
-6.410080211210706329e+04
3.929912988161415607e+07
2.808482549566873908e+07
1.533650906882517273e+06
5.966442893952088431e+06
3.293594526135643013e+06
4.229104028069866821e+06
2.202021580473819922e+05
2.206023352828363422e+05
2.482424154057761480e+05
2.503428015184127435e+05
2.366574848294636759e+05
4.009045955921503156e+07
7.139334817457953095e+07
6.585285184108669311e+07
2.492084285296818241e+07
3.413830149738370895e+09
7.889810136392872036e+07
3.442355745973289944e+06
3.605242156603746582e+06
3.414657855635382235e+06
3.426961477042512503e+06
3.959106107926744036e+06
4.278837755781213753e+06
4.301518604548669420e+06
4.140075141294426750e+06
3.842939234812211711e+06
7.385258095994529314e+06
1.841256603322058320e+08
1.035526539656188190e+08
5.430946430458112620e+06
2.168373117931026965e+07
2.175008365454372764e+07
4.929063222586342134e+06
6.109355060313114896e+06
1.148002898348307237e+07
2.607105368519834280e+08
-2.687293134877691045e+02
-9.753343526949174702e+01
-1.403054347932629753e+02
-9.634090441296575591e+01
-1.245727753760875203e+02
-1.742049674594309181e+02
-1.765668868906795979e+02
-2.768137858163099736e+02
-1.081112863062880933e+02
