-1.860447355922016868e+04
-1.820559980340626134e+04
-1.777669093972678093e+04
-2.097507334668212570e+04
-2.040249837052020303e+04
1.014254864294407162e+04
-4.741192600444141135e+03
-1.832602724480443794e+04
-6.557134201958743506e+04
-6.080453676653128787e+04
5.508995074387243949e+05
3.829857902083540102e+05
4.220863843867111718e+05
8.144046202063229866e+05
4.600419389031482278e+05
1.608842332038809778e+06
2.755402935456196964e+07
4.140797714139235765e+07
2.687084633715724200e+07
8.945847865676172078e+06
5.383780764790895628e+05
4.451844566402535420e+05
9.754150703019826906e+05
1.539562933471937431e+05
4.340660560665879399e+06
3.113057690691624582e+07
4.149656256494666636e+07
2.039186909884371981e+07
6.873966905206725933e+06
1.634708515131615102e+07
2.920756280003068224e+07
1.742035088749835640e+07
2.919424733199081197e+07
1.389736904232950881e+07
1.966539084940798283e+08
2.534307472455670685e+07
1.943122348510410264e+07
2.617333095986115560e+07
1.924752935941683501e+07
2.442643041201366484e+07
3.737090930554047227e+07
1.813984507788690552e+07
1.493410459389403649e+07
3.768821648493065685e+07
1.841540173870924488e+07
-1.867297148230834864e+03
-1.861270264643942937e+03
-1.865277746092557209e+03
-1.855395205954468111e+03
-1.862063793772453209e+03
-1.870412613871594658e+03
-1.856677107444644207e+03
-1.857689774518250488e+03
-1.867147035182249965e+03
-1.866268873905122746e+03
