-3.075112872820936900e+03
-2.618822065854661923e+04
-3.073721835406295577e+04
2.071353324793938082e+06
7.558336246901198756e+05
1.910270783494734438e+06
3.125766095978238154e+05
2.781792747183048632e+05
2.799592766568374157e+09
1.415191451605933544e+05
1.342742386698492046e+05
1.659999647528495174e+06
8.510374103643925861e+06
6.431732927661785856e+06
5.154709341395555437e+07
5.860831943810594827e+07
5.498782160645009577e+07
7.735738133469058573e+07
6.697544719231008738e+07
6.065651328390448540e+07
4.684042778312218934e+07
1.532768021530436873e+08
5.982570776313580573e+05
1.299831716668896144e+06
6.614830653848400107e+05
2.009338018249280052e+06
5.493061694636153989e+06
5.472211353737704456e+06
5.470716261944260448e+06
5.455374891114291735e+06
5.556215427487823181e+06
5.459957231422902085e+06
1.439814960201949440e+07
1.378163332945831865e+07
1.397727550427269191e+07
1.468382828822663426e+07
1.428510224073278345e+07
1.468602367206729949e+07
1.387505964699915424e+07
1.383404707621172443e+07
1.470312029240512848e+07
-1.876880306165287038e+03
-1.882542282794223865e+03
-1.879887370351847494e+03
-1.875539866125764092e+03
-1.879436956108838785e+03
-1.868937692609353689e+03
-1.882617873491777573e+03
-1.872643294241512194e+03
-1.875966679469827795e+03
-1.874309322791697923e+03
