-9.700786221663220203e+02
-7.796978293375279463e+03
-1.105671577750898723e+04
-1.387636367940883065e+04
-1.786593417051761935e+04
-1.976482960264747089e+04
-1.908278711391029356e+04
-2.392537546765852312e+04
-2.270995934569852398e+04
-2.676072068490725360e+04
-2.979782062668836443e+04
-2.953487085653567192e+04
-3.093541806867499690e+04
-6.683456570141539851e+04
-9.168199278820096515e+04
1.006023587292881608e+09
4.340402577665976714e+05
2.086455497394585109e+05
2.964469413084003609e+05
4.697836016087862968e+09
1.534708914633953571e+09
4.363939623450451493e+08
4.534238063908402324e+08
8.132485034003419876e+08
7.304252718944005966e+08
8.807440433417021036e+08
5.404952675736728907e+08
8.832311538665230274e+08
6.585947007324752808e+08
1.608285795400456293e+06
9.500323690655797254e+05
1.184831168467689538e+06
1.640278050031576306e+06
8.502108371628479799e+05
1.015431681099966750e+06
1.439150073747667717e+06
-1.816123288881557528e+03
-1.802802963452384574e+03
-1.816530157260305714e+03
-1.804895544163213344e+03
-1.818749108138814336e+03
-1.803571125357266283e+03
-1.803734620222239755e+03
-1.814664817754732212e+03
-1.817609491045761388e+03
-1.812595941940264311e+03
-1.815992610035435064e+03
