-3.782735609211031260e+03
-9.212016676079001627e+03
-1.474799566699250499e+04
-1.825260844080661627e+04
-2.595225846744127193e+04
-2.450490317621297800e+04
1.240318888624373913e+09
1.904822274297562790e+10
1.889951034158896637e+10
6.113686051580366135e+09
1.824981276995283842e+09
1.427392063900725043e+05
-7.362667862516621244e+04
7.496026730982160568e+08
7.397219660186702013e+07
2.648356259304797351e+08
2.826796833488886952e+08
5.098237811962959595e+11
1.923398112809146568e+07
1.514792224338463694e+07
1.353485223557949439e+07
2.430360460940743983e+07
2.913655044895058032e+06
3.424599165161021985e+06
3.414060478736248333e+06
2.025393676154930843e+06
3.558273637344655581e+06
3.630769515357721597e+06
2.151416062118337024e+06
3.805729919404589105e+06
3.198195764904578682e+06
5.614113496020819992e+06
4.388006912460053340e+06
5.015644367015422322e+06
4.719031489138235338e+06
-1.744869242759770714e+03
-1.757824031711847056e+03
-1.762359112253267085e+03
-1.747327063855947927e+03
-1.761671905486233300e+03
-1.752720466215891065e+03
-1.768603264200646663e+03
-1.766434776803478599e+03
-1.771079228539107135e+03
