-1.409834161205108467e+04
-1.986245501286519357e+04
-2.749833011634834111e+04
-2.733531185100293078e+04
-2.748395657244142421e+04
-1.998629006179713178e+04
-7.731240008579300775e+04
4.784177184711581212e+05
5.216347317972579002e+08
1.085756713113849163e+09
7.104432705194163136e+06
8.418728444134863093e+06
5.040927957959498279e+06
4.584367412888417020e+06
6.189568803403237835e+06
3.780899657620602287e+06
5.391494094774976373e+06
5.946714253910739906e+06
3.731359165089324117e+06
6.738082657796518505e+07
1.266995135576217435e+07
5.322158336668609381e+08
1.450127615331941843e+08
3.576492749258305132e+07
1.231079283180157095e+07
9.855988834247061983e+06
1.331599563408463076e+07
1.128733284858136997e+07
-7.027242987588855613e+04
-6.832665183749748394e+04
-7.189404620779796096e+04
-4.401104606948849687e+04
-1.762682661079888931e+03
-1.758450405349431094e+03
-1.764128657192952232e+03
-1.759141728238522774e+03
-1.754661611421412090e+03
-1.744115138521709014e+03
-1.767338710034848191e+03
-1.766633898287516786e+03
-1.749243777280556969e+03
-1.767264640273293480e+03
-1.746948009804909816e+03
-1.757782317479606718e+03
-1.749690063936664956e+03
-1.760388074570626486e+03
