-9.256261044799466617e+02
-4.711083652933877602e+03
-4.600525569917750545e+03
-6.340515932508285914e+03
-7.142430138115538284e+03
-6.597896578644787951e+03
-7.889850967406338896e+03
-1.155418479836756160e+04
-1.751554983103010454e+04
-1.453936260139657679e+04
-1.503501465977366024e+04
-2.117604614459818549e+04
-2.112610773601393157e+04
-2.090575705405848566e+04
-2.073025140240175097e+04
-2.650854125533885235e+04
-2.582826310348900006e+04
-2.668933393732822151e+04
-2.638117881802718330e+04
-2.502874358003621455e+04
-2.723739136006899207e+04
-3.199254941250872798e+04
-3.062418499907270598e+04
-3.166429609669531055e+04
-3.153041934417164885e+04
-2.984410398074148543e+04
-4.009180464603728615e+04
-4.411978545938995376e+04
-3.841050995011939085e+04
2.869228227046117536e+04
-4.348312512031802908e+04
1.850886391178739723e+04
-3.433546359673806001e+04
-1.053758147039174219e+04
-4.622421683814232529e+04
-3.206703121013291820e+04
-1.536733621195307933e+03
-1.572177136768266791e+03
-1.528958854159543989e+03
-1.527983948223729385e+03
-1.536045478709682357e+03
-1.568534836498409277e+03
-1.566581357931892853e+03
