-1.713151754677382996e+02
-2.340506849049997982e+02
-1.094708514068668592e+04
-1.530430704220408370e+04
-1.672739937786997689e+04
-1.475642023372340918e+04
-1.559147190666036113e+04
-2.037435810504484107e+04
-1.972792759929566455e+04
-2.026835194836677329e+04
-2.488993775114104938e+04
-3.027153081251006734e+04
-2.838409699054262819e+04
-3.654547772190555406e+03
5.223117882028964959e+04
1.686761110979341320e+05
-1.140747761254233774e+04
2.720028854478648282e+04
2.036541661466918886e+07
5.259789234459248371e+06
1.098259715973938257e+08
2.669693155793133378e+08
2.327265096862531662e+09
2.025587098061393261e+09
1.997732509117413998e+09
6.363288267779520154e+07
2.089975506274460077e+09
1.153988585640271455e+08
9.134627103113515377e+08
3.334570462070477754e+07
4.701156853735736758e+07
4.476600498189843893e+08
4.559977546878769249e+07
1.500240025972547708e+06
-1.526005213266471401e+03
-1.527957445042207837e+03
-1.558046422681043623e+03
-1.552742259344842751e+03
-1.540014849887927994e+03
-1.549034364721126622e+03
-1.543994552351883613e+03
-1.544392654777795542e+03
-1.517276328035892220e+03
-1.527587890944443643e+03
-1.556211135345365619e+03
