-3.474051051341957645e+02
-3.243654969025796163e+03
-1.430125586300110444e+04
-1.378655715520109516e+04
-2.138161649846550790e+04
-2.083558685660583069e+04
-2.119847090921321796e+04
-2.549935145887681574e+04
-2.524867962564643676e+04
-2.625923612885897091e+04
-2.672853597072988123e+04
-2.473125607915674118e+04
-2.572850612749397987e+04
-2.534846760967507726e+04
-2.937833294857834335e+04
-2.985156669795911512e+04
-2.977421850420528790e+04
-2.980207321815370233e+04
-2.979641226684842695e+04
-5.673186318127103732e+04
-1.135070650314204540e+05
-9.422612656691198936e+04
-8.967026255978418340e+04
-9.549780124001593504e+04
-1.154073245295568195e+05
-5.803968065861592186e+04
-3.843583703281464113e+04
-1.149194907523432630e+05
8.488284695330292743e+04
-2.797789475110311760e+05
1.882443671965982066e+05
-8.472580487188119150e+03
-4.081655134945525788e+04
1.612130600980594987e+06
1.465894637283906573e+06
1.515561735509793041e+06
1.154901719096307876e+06
1.684492988024608698e+06
1.247253849482849473e+06
1.652070988673171494e+06
1.301182740594579373e+06
2.806282853299847245e+08
1.361931264449627697e+08
-1.559097431688831421e+03
-1.556666633907094365e+03
-1.554724513228662545e+03
-1.557399596817645943e+03
-1.529806365691241808e+03
-1.508617457384505542e+03
-1.522451252829981968e+03
-1.541993731895316159e+03
-1.550314539909799350e+03
-1.529214534519764129e+03
-1.531266058925946709e+03
-1.533685693875566358e+03
-1.538347888402931858e+03
