-5.772826129332272103e+03
-9.182574592476601538e+03
-9.257317814465739502e+03
-1.242897909421219083e+04
-1.593049595803661941e+04
-2.107994199953697535e+04
-1.968346314003730731e+04
-2.134992236321181917e+04
-2.407445509170947480e+04
-2.770081555337524333e+04
-2.748408054648759935e+04
-2.884890230793484443e+04
-2.602073174179664784e+04
-1.195587096028800588e+05
-2.519661565558547227e+04
5.823800512102248147e+06
7.759154489423235878e+06
1.761306380479887873e+07
2.028953080581950396e+07
2.055901417988515273e+07
7.672057049587766826e+07
3.191677196970104706e+06
1.297715516199992271e+06
1.915598781889894279e+06
1.471443737830201630e+06
3.082525580316152889e+06
1.934857518833970884e+06
2.404913656808013916e+08
7.959484760286332667e+07
7.476382941111577988e+09
4.085168650763553381e+07
7.795475369743394852e+08
4.332465622139042854e+09
5.296350927524418831e+09
-1.566808270938636269e+03
-1.545601560350158252e+03
-1.554018086389114615e+03
-1.570745124534645583e+03
-1.522064251353003783e+03
-1.568641902715695323e+03
-1.550222936459584162e+03
