5.147356850848300382e+02
1.460081584376675892e+02
-6.349239633158591460e+03
-1.282514850144982847e+04
-1.145140158523968785e+04
-1.316388238717084459e+04
-1.722719303709214000e+04
-2.206882528573143645e+04
-1.972943445929060545e+04
-2.691752297554704273e+04
-3.306577297248742252e+04
-3.258520786931122711e+04
-3.034631736263109269e+04
-3.292967336153092765e+04
-3.004827530243503497e+04
-3.139590972547037745e+04
-3.260247098172570259e+04
-3.285814282079557597e+04
-3.177193616954094614e+04
-3.174340573212267191e+04
-3.129880523833964617e+04
6.736322884836810408e+05
3.349672994366922067e+05
4.723853721336240415e+05
7.385285877044810914e+05
1.001021298205678468e+05
8.669359579756997991e+05
2.251245194840508938e+09
1.808479481016844511e+08
1.861193880878887326e+07
3.394113882471046597e+07
6.136777582989003509e+06
8.697105352253507823e+06
1.614056609508168511e+07
3.965148946949204803e+07
4.363750734606610239e+07
3.814251021700971760e+06
5.153207393413355201e+07
1.112671379900825396e+07
2.399478881487352028e+07
6.715509168929347768e+06
-1.375996982280717930e+03
-1.394838314551452640e+03
-1.367614771711232606e+03
-1.389923007610894274e+03
-1.376397379027592251e+03
-1.386255385154945543e+03
-1.344061050582473399e+03
-1.360784333036077442e+03
-1.325312774298537988e+03
-1.377271889296534937e+03
