4.451865358967479551e+02
-5.371257800263992976e+02
-8.983535229961926234e+02
-3.797198569234591560e+03
-3.029303398783034936e+03
-4.932654503591249522e+03
-5.704600272333256726e+03
-8.477290866062299756e+03
-9.677871983478522452e+03
-9.584664860992823378e+03
-1.371669920004308369e+04
-1.373781082047035306e+04
-1.348092386429027101e+04
-1.402984825258818455e+04
-1.818025530144410004e+04
-2.226764239401477971e+04
-2.260404692167369649e+04
-2.168464862623407680e+04
-2.304117425450054725e+04
-2.193477567019771232e+04
-2.310204533900029492e+04
-2.842469478883790725e+04
-2.824055871344601474e+04
-2.894821132683273026e+04
-3.540655862374547723e+04
-2.901214748110381333e+04
-3.313757735001150286e+04
-2.977112907201131020e+04
-3.553208300900280301e+04
-1.874383423606420984e+05
2.678060261938611511e+05
2.352621376623499673e+05
2.691285235698850593e+05
3.042827031060369336e+05
2.728992510561596137e+05
9.272671707510476699e+04
3.038290919265689445e+05
1.496366809688607464e+05
2.947371401921886718e+05
-1.316721470245480305e+03
-1.306912305488134734e+03
-1.282307329964620294e+03
-1.327267886320099933e+03
