-2.983299070655775722e+02
-2.105811590755372890e+03
-3.189972051618955447e+03
-8.918878051160747418e+03
-8.542819735010547447e+03
-7.023340134673337161e+03
-1.011640033614217828e+04
-7.398624329576021410e+03
-1.474286544176148163e+04
-1.233309067223426246e+04
-2.008849870225379709e+04
-1.675998138870506955e+04
-1.742382553719953285e+04
-1.961848396396095632e+04
-2.129693478002274060e+04
-1.993616778801387409e+04
-2.074544587758672424e+04
-1.916287725234052050e+04
-1.979171052747164504e+04
-2.079480714332158095e+04
-2.027879597497117356e+04
-2.023064354443614138e+04
-2.009659948150278069e+04
-8.373287504026957322e+02
-8.740196394184022211e+02
-8.654791973900282755e+02
-8.777760639149637427e+02
-7.719476133196731098e+02
-9.200435230493894778e+02
-8.243881799663358834e+02
