-2.716667493755317992e+03
-4.045200173164274020e+03
-4.095211327181314118e+03
-3.998003086826713115e+03
-4.092467149816664460e+03
-7.051839792077225866e+03
-8.873950670707534300e+03
-1.062661512123268767e+04
-1.622486084616910011e+04
-1.671425008718438039e+04
-2.087672947845645467e+04
-1.903274874125716451e+04
-1.962138336840365810e+04
-2.056192499188457077e+04
-2.068829925378841290e+04
-2.505654426121449069e+04
-2.404364549206521770e+04
-2.571066980235081428e+04
-2.472922674471865321e+04
-2.842160612110372313e+04
-2.777452613519708393e+04
-2.768931866783330042e+04
-2.822501391177762707e+04
-2.796431051493612904e+04
-8.321404439443344017e+04
-6.863862219103451935e+04
-8.929601586946184398e+04
1.490413035129194148e+06
4.533773082297674380e+06
1.375207602599139092e+06
1.551894106849750038e+06
1.071960162373202853e+06
2.759687503224709537e+06
3.228819727067283355e+06
3.902669692539268639e+06
1.199313816026512533e+06
1.209203145636181580e+06
1.075006196183382301e+06
-1.086682056840392761e+03
-1.141762896676606033e+03
-1.099386605404957663e+03
-1.109657220006600255e+03
-1.120028069260588381e+03
-1.136570256350998534e+03
