3.272458919252821943e+02
5.774980511085377657e+02
-1.012400269343495893e+03
-5.770544950020823308e+03
-4.576383398136065807e+03
-9.708901726919575594e+03
-8.114558923577471433e+03
-8.277093390367022948e+03
-1.231804465841614001e+04
-1.246060448586412167e+04
-1.559417070213545958e+04
-1.576930308614544992e+04
-1.680938226425871107e+04
-1.739709707925138719e+04
-1.967954217929410879e+04
-2.181667548492227434e+04
-2.059239567550276843e+04
-2.090746091269054159e+04
-2.075887187318360884e+04
-2.218172198960401875e+04
-1.922232918229791176e+04
-2.510901275863230330e+04
-2.675816284682879632e+04
-2.500132082202427046e+04
-3.110237761387472710e+04
6.522637581354533322e+05
2.983337316575940349e+05
2.938733817128418684e+08
7.415704466155643761e+07
1.395865480200276375e+08
3.184240344555646181e+06
9.199834967598114908e+07
1.022592026995892286e+09
4.946187687389211357e+07
6.209853234781739116e+07
1.272400043848366261e+09
1.584602401163863018e+07
4.511426529982862994e+06
4.916999029528113455e+07
5.802815635540154763e+06
3.328345468372107297e+07
4.609337033981874585e+06
2.109393652772172913e+07
1.619516959243794717e+07
3.433792976849421859e+06
1.096463853578471579e+07
9.285304932034978643e+06
-1.173724962198408321e+03
-1.155148822068702430e+03
-1.141505684519914212e+03
-1.156572484420350520e+03
-1.182539360319060506e+03
-1.197954736751824385e+03
-1.187260320044995751e+03
-1.168109954925457714e+03
-1.147441380567761371e+03
-1.140511054571543355e+03
-1.184158839224342955e+03
