-3.145475808089380735e+03
-4.856195944034931017e+03
-1.383426596203683221e+04
-1.194233777209992695e+04
-1.957772724487023879e+04
-2.507135506667634399e+04
-2.434543852159128437e+04
7.984483753548748791e+04
3.278404527452430921e+05
5.543218055104915984e+05
1.195507242201554030e+08
9.017986083853318691e+08
3.228723641336654127e+07
2.310267815173993818e+06
3.997253739810211118e+05
1.593279161158857942e+08
1.600087038124585152e+09
4.566898886240145192e+06
3.823136552240389399e+06
6.918639346371783875e+06
6.000095254342024215e+06
9.148912223410548642e+06
3.647925023090719245e+06
7.703498158677195199e+06
-1.365157557094381482e+05
7.660860664477791637e+06
5.296898504880599678e+06
5.019812618520650081e+06
1.000416833348026872e+07
1.762293379646148905e+07
2.132308332254317030e+07
2.243820719466569275e+07
1.049334956535137258e+07
1.759895866892072558e+07
1.835676324550285563e+07
1.262617944427856617e+07
-9.743407854780962225e+02
-9.675334268842998426e+02
-9.043116549680125900e+02
-9.938745009673584718e+02
-9.375460149738937616e+02
-9.604874299187504221e+02
-9.783282882366911508e+02
-9.960368765844905283e+02
-9.549607008800958283e+02
-9.476344344075478148e+02
