6.186932627474016044e+01
-2.600701512437182828e+03
-4.591079525959943567e+03
-1.437842272239263184e+04
-1.706494809462114063e+04
-1.840105679880268144e+04
-2.111782116017064982e+04
-2.577169827282661572e+04
2.007233874651080405e+05
3.886020474841864780e+05
2.848745530651258305e+05
1.128018570069701691e+11
1.913948877337392652e+06
7.760843691760104150e+06
3.186819963263330515e+06
4.737299977904257830e+05
3.614085343283821642e+07
8.728949010891731083e+07
4.497185015807480365e+07
8.549875536429648101e+07
8.289629721445232630e+07
8.817048672909632325e+07
1.691227902131595016e+08
3.907617331348510981e+08
2.304094686682191491e+08
3.650223958069718629e+07
3.361981287491459846e+08
5.352492749623986892e+05
1.823751149941238982e+05
2.013405669776407182e+08
6.278174629568079710e+08
4.184428650100614130e+07
5.253514671568709612e+07
-9.084399723637616262e+02
-9.502441728792036884e+02
-9.627736213637981564e+02
-9.716970958665187936e+02
-9.185959583116055001e+02
-9.525672196956002153e+02
-9.641582373138517141e+02
