-2.150384029346547322e+03
-6.450232467809171794e+03
-1.580468129001202033e+04
-2.006268134859432030e+04
-2.022635212511175632e+04
-2.398431038236111272e+04
-2.481943486943055541e+04
-2.693358087740000337e+04
-3.206483183877441115e+04
-2.677602555028777715e+04
-2.851028219491004347e+04
1.783498586768129375e+06
1.637290546657001600e+06
8.110853098877510056e+05
7.479814730817533564e+05
1.251089502610117197e+06
1.680847253472002223e+06
1.310379066097396426e+06
2.550340840188702103e+06
2.614490890062572900e+06
4.843399950971682556e+06
3.250924003910270054e+06
1.674662467088802950e+06
2.690059022512373924e+08
1.001852787617641240e+08
6.770963664927684702e+06
4.692390498042170890e+06
6.394179030267621391e+06
4.362658812962756492e+06
-9.665137535722460598e+02
-9.035610656714998186e+02
-9.429306259597651660e+02
-9.060891545184131246e+02
-9.435522847359243315e+02
-9.236675313599407673e+02
