-1.062458284672872833e+04
-1.380818805118425007e+04
-1.468586519814123312e+04
-1.548392887450165290e+04
-1.914969435018120930e+04
-1.792792330824961027e+04
-2.186661939950731175e+04
-2.571319349796619645e+04
-2.514265303124318234e+04
-2.592408902755812596e+04
4.381493777493192814e+06
6.005805973055811599e+06
2.064642413566941395e+06
2.997949994096182752e+06
2.255549075977523811e+06
1.597052461342113791e+06
3.269111577097383793e+06
4.582552582113487646e+06
5.688257038153257221e+06
3.603608953392697498e+06
3.426563907545840368e+06
2.952644406187266577e+06
4.973152552506760694e+06
5.248745057222283445e+06
5.426775237729343586e+06
5.952141625279701315e+06
4.617235545042495243e+06
1.639749390618943051e+07
9.914338151793597639e+07
1.377189304032667875e+08
1.932103043145681266e+06
4.579065967578223228e+09
1.115613963943442345e+09
6.411858444325997829e+08
6.765239391698652506e+07
1.034423852202138752e+08
5.009505725296692657e+10
9.264393591624253988e+08
1.228864420985865220e+07
1.388708749357319251e+07
2.553379656821950153e+07
3.055984071287484467e+07
2.440405771075790375e+07
1.568721100414286181e+07
1.167046676091974974e+07
1.101603974630441144e+07
1.210239330671333149e+07
9.630555325167078525e+06
3.262463389149896055e+07
1.039070912846430577e+07
1.224285875231171027e+07
-9.488146839973633178e+02
-1.002045799450832419e+03
-9.341340782782644965e+02
-9.932009207243681885e+02
-9.937874958927859552e+02
