1.292546068369760178e+03
7.888260078793100547e+02
1.038850208899602876e+03
-1.161788017925129679e+03
-9.027101362434841576e+02
-4.817771805707488966e+03
-4.153237425244435144e+03
-3.676736534603063774e+03
-1.015363993075315375e+04
-1.104428892903958331e+04
-1.211362673066833668e+04
-1.715777713944260904e+04
-1.620202466400057165e+04
-2.017140132608659769e+04
-2.100292556938210328e+04
-2.140107473585774278e+04
-2.111026336630004516e+04
-2.180688453850522637e+04
-2.257658784236883366e+04
-2.229467842299782205e+04
-2.154522838271292858e+04
-2.656777495613024803e+04
-2.532468528536141093e+04
-3.159728410690863529e+04
-2.609228643668298173e+04
-2.617591147381156043e+04
-2.767785042774561589e+04
-2.794342123432787776e+04
-2.695831393398009823e+04
-2.882197718638164224e+04
-2.972350087475015607e+04
-4.172196717619081028e+02
-4.683954317914904095e+02
-4.930193868109490722e+02
-4.017964570580224972e+02
-5.022266210013476666e+02
-5.115567048494121991e+02
-5.033960446938290261e+02
-4.878887957425031345e+02
-4.460993454206909519e+02
-4.795957158081873786e+02
