-2.707563644716785348e+03
-5.094969930019433377e+03
-6.395914597032093297e+03
-8.545367202583816834e+03
-8.641932679097593791e+03
-1.183179316298013509e+04
-2.926188904087763876e+04
-2.926837247684073373e+04
-2.927953950150282617e+04
-2.901704596453994236e+04
-2.925599305182719399e+04
6.037808843155662908e+04
6.556286804260729696e+04
6.723915238504919398e+04
6.142291586395729973e+04
2.288772549862445885e+04
1.677764890574403398e+04
1.266271698905128799e+07
5.811869840414003469e+06
7.271650993476569653e+06
1.075883767964778095e+08
4.550090388807928562e+07
9.885225003027176857e+07
1.317184842279298902e+08
1.172229127764649391e+08
5.222100567460695654e+07
8.932136302697099745e+07
2.870399427809691429e+07
5.208297378713850403e+10
6.809279397870626450e+08
1.158098786150412867e+06
-2.407515573547983367e+05
4.176453475827769041e+08
-2.358337587058935314e+05
3.321919818822780158e+06
8.861243460342005710e+04
1.088476050220585894e+06
1.508807538099916875e+08
-6.055822444243240170e+02
-5.663825071675528307e+02
-6.473787875110865571e+02
-5.383751544851402286e+02
-6.353798417436773889e+02
-6.219387950554082636e+02
-5.290018625925586093e+02
-5.843997896777291317e+02
-5.254273526056495029e+02
-5.814278203044377733e+02
