-5.060111452247219859e+02
-1.901323198808284360e+03
-4.469642021511179337e+03
-4.986125047882589570e+03
-8.308925750096677803e+03
-7.340293568832250457e+03
-8.398295665177673072e+03
-1.558966058034605885e+04
-1.488471266975294930e+04
-1.442609633061290879e+04
-1.904633120257749033e+04
-2.043175368848858488e+04
-2.439431009725165131e+04
-3.004422002506986246e+04
-2.972301093937160840e+04
-2.978144547331252397e+04
-3.009024660268874868e+04
8.665201951766508864e+04
2.186086774175737519e+05
1.253070529394044715e+05
3.472836588041781797e+05
2.109685247088920441e+05
1.371404211329213576e+05
2.869533145524211577e+05
8.061953385214497335e+06
3.218245950093782973e+06
6.939909949326595291e+06
2.852840253154038917e+06
3.323337949911594391e+06
3.136879423681917600e+06
7.536021040896542370e+06
7.880321240270684473e+06
8.062431165026205592e+06
7.225699248901053332e+06
4.206655122531554662e+06
2.833194523968974948e+08
7.215113774286630563e+06
1.117795896453475021e+07
2.839848972525142431e+08
2.609984398129193857e+07
2.376465006860961616e+08
1.033005365632230788e+08
4.397823101114348508e+06
4.916076409916833043e+07
5.067954776986968517e+07
2.942715691906134784e+07
-6.058806613506749272e+02
-5.071142516167892609e+02
-5.397236596790025942e+02
-6.336441566721478011e+02
-5.670591440171701834e+02
-5.089206692781008314e+02
-5.971490263632731512e+02
