-2.159917154606755503e+03
-1.189670799417338276e+04
-1.603191289230885741e+04
-1.633626655922439022e+04
-1.488629574905091431e+04
-2.320301921426918852e+04
-2.344024432979399353e+04
-2.772712317774750773e+04
-2.741551489248836151e+04
1.127370148919729982e+06
1.661976172814074438e+06
4.958625994367708452e+06
-1.092786136781664391e+04
-4.587424059385022701e+04
-1.225306756513172586e+05
1.238707647058134899e+04
-1.107098596832622134e+05
3.262357863184880838e+07
3.907068895034024715e+08
2.529469212535678744e+08
1.263349070941760093e+08
2.073968849293598533e+08
1.758652284196316032e+06
9.886390603073380189e+05
1.145574106115833158e+06
2.095371377187648788e+06
1.305499162373437081e+06
1.755379471634421265e+06
7.660663458221507026e+05
9.411513949473394081e+06
9.746061277890490368e+06
8.071646194535610266e+06
1.837451434907132015e+07
1.797434287815496325e+07
9.863875181438997388e+06
1.463443016468674503e+07
7.551173874423560919e+05
9.149065491526353871e+05
5.135268422526259907e+06
6.100691821961862966e+06
1.147940746887587942e+06
-1.485929111695149913e+02
-1.323957624956965446e+02
