-4.515402692546995240e+02
-3.213809508635546081e+03
-7.253432777669004281e+03
-6.101163013496770873e+03
-1.068462268993982434e+04
-1.352186480024073171e+04
-1.438350420602679515e+04
-1.354267553256469910e+04
-1.378609393258304772e+04
-1.919626620437906968e+04
-1.756868449260257330e+04
-1.943101185442263159e+04
-1.941868465314907371e+04
-2.194437837789557670e+04
-2.358899470203823512e+04
-2.388497018566028783e+04
-2.851241001594690897e+04
4.272162289535349555e+04
5.807367844506435358e+04
6.337209261473178049e+04
5.053958745198605466e+05
7.146832384826109046e+05
-2.048745572469186300e+04
3.218295129169969005e+04
9.692443997021568939e+05
4.512658712514943327e+05
4.702786291676551336e+05
4.819202869006753317e+05
3.466878102726864628e+06
3.198535238729021046e+06
5.514730525533999316e+05
1.333848710112491390e+06
9.537713932804565411e+05
9.204071269942735089e+05
3.548465790367336012e+02
4.101950173175428063e+02
