1.607334548310100217e+03
-1.226428362942708191e+03
2.041659852699740441e+02
-9.941637429210022674e+02
4.632894565205206163e+02
1.131478386259259423e+02
-1.558975322189216968e+03
2.653337903192732483e+01
-5.120536569643008988e+02
-1.799506011517587467e+02
-1.862167188929786789e+03
-4.307045573821626022e+03
-2.789955989002948627e+03
-3.752046835688430292e+03
-3.710857942799157172e+03
-8.653848334449561662e+03
-9.010103078528074548e+03
-8.801733511416852707e+03
-1.083782521247884142e+04
-9.885655360548218596e+03
-1.190975159556668950e+04
-1.124085375669170753e+04
-8.386956550259230426e+03
-1.023891607329330873e+04
-9.763230120933410944e+03
-1.100502067836865899e+04
-1.023694914492621319e+04
-1.181741667592161684e+04
1.866768985752802109e+03
1.705681860264332499e+03
1.924526727290154668e+03
1.653997075301478617e+03
1.643347062317567179e+03
1.734088916246080771e+03
1.930673104306857567e+03
1.773535775635304162e+03
1.828668799989274703e+03
1.820789366841869196e+03
1.554419742794503691e+03
