2.135337618702957116e+03
-4.027877031398093095e+02
-4.757983263587120746e+03
-8.536488395706663141e+03
-7.968487810301197896e+03
-1.196119491413500145e+04
-1.239064611066382713e+04
-1.234392593600152395e+04
-1.299816158845061000e+04
-1.736725280666354593e+04
-1.754105564527904789e+04
-1.723135632774324040e+04
-1.858339928095059076e+04
-2.084775971442692753e+04
-2.034810114881677509e+04
-2.124666961191251903e+04
-2.182496289238561076e+04
-2.071101492863619205e+04
-2.498419777888142926e+04
-2.618543274313312577e+04
-2.621078848864782776e+04
-2.471658544523133969e+04
-5.605137067684230715e+04
-4.164340605772675190e+04
-5.729351190027801204e+04
-5.712078615189078118e+04
-5.699225587359107885e+04
4.621705025997202029e+05
4.912741682308124728e+05
6.136403422179598128e+05
1.036924818487749435e+06
9.523947826975472271e+05
1.010693999731646061e+09
8.374012116368135214e+08
3.428759533223561477e+06
3.970264513360362616e+05
4.693979951920433668e+05
1.169419421737470198e+06
8.875506985362910461e+10
2.391780840198843216e+05
3.040606523633282632e+06
2.638048052140071522e+06
1.336575266276059628e+09
5.165016366454805247e+06
2.010069825412639230e+07
2.078339076102780644e+06
1.026296641622224008e+06
3.044756333750856109e+06
2.907908366201375484e+09
1.996823760615079664e+03
2.355362844712828519e+03
2.210955261115333997e+03
2.088438526458223350e+03
2.295439264927961631e+03
2.004957467177417129e+03
2.069646625864465022e+03
1.975249485137843294e+03
2.304900959067250369e+03
2.116714632630377309e+03
2.110455083650042070e+03
2.042687121951224981e+03
2.334211112232180312e+03
