4.266587677235926094e+03
3.437545240491046570e+03
3.421436211528765853e+03
2.107653953064655070e+02
-1.344803985257960449e+03
-6.343504305738475523e+03
-9.277952487364022090e+03
-1.028817330796832175e+04
-1.405553881242611169e+04
-1.280759981380425961e+04
-1.700674752074965363e+04
-1.733232336182046492e+04
-2.208348071565883220e+04
-2.274939747099727174e+04
-2.169702829233124066e+04
-2.254959408492828879e+04
-3.168530102285565226e+04
-3.052412537653854815e+04
-3.118075627693588103e+04
-3.100239672492491809e+04
1.402356299765873700e+06
4.830203988996824482e+05
5.679896745287559461e+05
6.184240564510632539e+05
1.346714541905889986e+06
5.022079961842736229e+05
5.468342862297443207e+05
8.223384172863158165e+05
8.205543160867408151e+05
7.980548513985392638e+05
1.066584647108330624e+06
3.486671683436129242e+06
3.409202721532965079e+06
3.423631680762948468e+06
3.706691721534350421e+06
2.353900853253116831e+06
1.547810960191074060e+06
3.943511694418521598e+06
2.349959278724281117e+06
3.482765246843890054e+03
3.661383659462735523e+03
3.639026834067917662e+03
3.397295580873062136e+03
3.683202767870854586e+03
3.711193282489315607e+03
3.534000376981828595e+03
3.495976864865428070e+03
3.520102172266022535e+03
3.446241750743385637e+03
3.360829529419803293e+03
3.630736260444478830e+03
3.297102953260240611e+03
