5.613145175675497740e+03
5.307176523206187994e+03
5.255040740860429651e+03
3.131579406769924390e+03
2.907565063560068666e+03
3.477808425076669664e+03
3.199648486921803851e+03
-8.446458674443347263e+02
1.865281419590464793e+03
-9.998602160484006163e+01
4.389303468490397790e+02
4.865208364903155598e+02
8.179187691424376681e+02
-3.282463107135052269e+03
-3.284709787585670711e+03
-3.892999353994920966e+03
-2.638293802490727103e+03
-2.956146271132558468e+03
-1.589644383512990316e+03
-4.713406794486327271e+03
-3.211446931601851247e+03
-3.481631088920679758e+03
-9.036562370554587687e+03
-7.201135511773456528e+03
-8.805683162321438431e+03
-6.171198077303117316e+03
-6.643222749656968517e+03
-1.399048874580375559e+04
-1.365548820342381077e+04
-1.313194890125426173e+04
-1.284245905125461286e+04
-1.260799550551552966e+04
-1.350903775827215577e+04
-1.347095707276603207e+04
-1.356554032154964807e+04
-1.407132956867867324e+04
-1.171969695335562574e+04
-1.495343735818195273e+04
-1.384242535800609039e+04
-1.351982287275631097e+04
-1.459640001693955855e+04
-1.428477329228981398e+04
3.575813042932451935e+03
3.648451222206640523e+03
3.851638391048298217e+03
3.823632626438542502e+03
3.526038861626206199e+03
3.869535383450420341e+03
3.734330376425525174e+03
3.677878196631150786e+03
3.957730046798737021e+03
3.647136785822222009e+03
