1.780613648556558474e+03
-2.911552832186280284e+02
-2.848286037139274413e+03
-5.823479462934687035e+03
-6.655503919073104043e+03
-5.870577792452677386e+03
-1.161283166363498822e+04
-1.188644216068505193e+04
-9.087975250407318526e+03
-1.625584141875841669e+04
-1.601433463535884584e+04
-1.617930964629099981e+04
-1.440843520461416847e+04
-1.400315839060550934e+04
-1.370592292032931437e+04
-1.928061576605339724e+04
-1.984325576843349336e+04
-1.990747068512688202e+04
-2.285430235433657799e+04
-2.455049446379759320e+04
-2.457601659475477936e+04
-6.172158904567666468e+03
-2.684715928866506147e+04
-5.091858020922445576e+03
-4.695398224187190499e+04
-1.879218725948985229e+04
-1.232135648671709205e+05
-4.242545571255075629e+03
1.145058519716361046e+09
5.856761570935223103e+08
7.211503282767125368e+08
7.992803933217692375e+09
3.228750395629875129e+03
3.245999557079601800e+03
3.325010028939839685e+03
3.242184553316124948e+03
3.639381171480636112e+03
3.570012658168503549e+03
