7.333594451159617165e+03
3.785967764422042819e+03
3.985692918575550721e+03
-2.230006006253970554e+02
-7.645617385792138521e+01
-3.107902219955714827e+03
-7.159783786264822993e+03
-6.854490512094344012e+03
-1.195751858645396715e+04
-1.262956814499833126e+04
-1.537528611308596737e+04
-1.671139918887511885e+04
-2.022021962750367675e+04
-2.173166451966445311e+04
-2.240179264277851325e+04
-3.655401213724938134e+04
-3.698002765004075627e+04
9.819334231487498619e+05
6.115883083590953611e+05
3.288781288158538751e+06
1.095531821777476929e+06
5.236516444647959433e+05
1.249073206319727236e+06
1.602063312527792994e+06
5.449682326762013836e+05
6.789349873539240798e+05
1.294307461546629202e+06
2.416766263528049850e+10
1.875094961017250717e+08
1.351027847875503600e+08
1.394739414789590798e+07
1.208917839937215567e+09
7.555272898637223989e+03
7.837432962882507127e+03
7.190558568064443534e+03
7.060163781003357144e+03
7.226257357728289207e+03
7.757464542225992773e+03
7.259028132718551205e+03
7.773730469752917998e+03
7.394198538736382034e+03
7.193956023642473156e+03
