7.427550041116715875e+03
7.029973656664384180e+03
6.961111453088255075e+03
5.089436246674442373e+03
3.587500483463089040e+03
5.978791196026322723e+03
4.117774682662959094e+03
3.648581335405899154e+03
4.096965557884679583e+03
4.934627201507355494e+03
6.681334481331869029e+02
5.087484639557951596e+02
5.971738538638746832e+02
2.038507316349830944e+03
2.850263364486236242e+03
-1.313985790879669366e+02
-1.074002739514413406e+03
-1.892119615719275316e+02
4.424732844940008363e+02
1.824489440232136985e+02
-1.083882718846740318e+03
-7.719089932504866738e+02
-1.635270728898147354e+03
-2.120267269995878451e+03
-2.731621924333827337e+03
-6.339772598137788009e+02
-7.414256460428587161e+02
-1.330645124777918682e+03
-1.197589642255625222e+02
-2.386673263615462929e+03
-2.217703015708044404e+03
8.184965308834202006e+03
8.259649657486705109e+03
8.180123017493606312e+03
7.974748798414249904e+03
7.688531485664338106e+03
8.097881913880788488e+03
8.295268257961608469e+03
8.412720989302266389e+03
7.769256795645982493e+03
7.979114743458107114e+03
8.468120970768766711e+03
