2.098091594005704974e+04
2.113796747693640646e+04
1.925848657601079321e+04
1.816491473073951784e+04
1.978936168374094996e+04
1.874181867740441521e+04
2.098424748070324131e+04
1.991991046390376869e+04
2.106436625990783796e+04
1.961050782777632412e+04
1.799675631856855762e+04
1.890089407612654031e+04
1.863021882761585584e+04
1.682840866870038735e+04
1.961867601683891553e+04
1.951215341476527101e+04
1.800046408371187863e+04
1.797673874004777463e+04
1.938071150966467394e+04
1.849277329792693490e+04
1.613688157816752209e+04
2.153873103881982388e+04
2.136963609110524703e+04
2.148394264646174270e+04
1.963186644156949478e+04
2.064106985117855947e+04
2.170574680036609061e+04
2.059747929561822093e+04
2.101664450545796717e+04
2.046458990428861580e+04
2.028646337186575693e+04
