1.975578260915895225e+04
1.987591419986764959e+04
1.337946981393596798e+04
1.411910079142674658e+04
1.509369624302978627e+04
7.174922722213508678e+03
7.142401546062646958e+03
1.450619106530823046e+03
1.865777801411299151e+03
-2.225910570122607169e+03
-1.398066587988309038e+03
-1.617942341163179663e+03
-2.509759341184399091e+03
-1.717405556851656002e+03
-1.584042579670727719e+03
-2.726652530896899407e+03
-2.522359664516327030e+03
-3.134462086055908003e+03
-2.813301876400291803e+03
-2.692013515168677259e+03
-4.987493704045824416e+04
-6.441377805661497405e+04
-6.131623504776933260e+04
2.642591555795999593e+05
5.640984828950696392e+05
-1.561941192081761837e+05
-1.868212408527926891e+05
-1.920893810113885265e+05
1.968356508152897703e+06
7.929641748772696592e+05
2.099658991656945436e+05
1.963270257306197891e+04
1.924786153708872735e+04
2.003698210380657110e+04
1.957440969578264048e+04
1.870707462325823144e+04
1.887426589606457856e+04
1.859695237089364673e+04
1.825560291234630859e+04
1.879316661976880278e+04
1.894117098346192506e+04
