4.790481332607276272e+04
4.917967720666485548e+04
4.907479145851683279e+04
4.568924315254756948e+04
4.764808310151709884e+04
4.704994705870298640e+04
4.211227947651459544e+04
4.080472662881594442e+04
4.470740397988287441e+04
4.194139073931223538e+04
4.188987752534426545e+04
3.847548217670265149e+04
4.159157146978245146e+04
3.998069748880850238e+04
4.207023897977259185e+04
3.384154674751212588e+04
3.369610840357257257e+04
3.880046911655668373e+04
3.367615392636370234e+04
3.437539564698417962e+04
3.324871499898086768e+04
2.875187881242214644e+04
3.293735352437719121e+04
2.808966739434649935e+04
3.111889673092782323e+04
2.969065242628051783e+04
3.071293085514515406e+04
4.541543081144438474e+04
4.482985965525201755e+04
4.654319513338163961e+04
4.640850741790756001e+04
4.769978918994209380e+04
4.738374287784704939e+04
4.743017582306414261e+04
4.732246961836607079e+04
4.558758426108123967e+04
4.657458285437570885e+04
