5.939393754164464917e+04
5.963314205941642285e+04
6.342028380600795208e+04
5.696625768658413290e+04
5.278417627552092017e+04
5.702931723768988013e+04
5.705540819288954663e+04
5.354379116175968375e+04
5.312615762112379161e+04
5.465893732690603792e+04
4.945660205841779680e+04
5.362942391090640012e+04
5.520445443082760903e+04
4.766252928149407671e+04
4.870801567260233423e+04
4.534051286803251423e+04
5.072202937786024995e+04
4.619478332293187850e+04
4.177572897528565954e+04
4.605215922944124031e+04
4.145106946847657673e+04
4.298839078144956147e+04
4.175692294675292214e+04
4.225331283793966577e+04
4.535915505180916807e+04
4.581632605844238424e+04
4.223959210594145407e+04
5.953642264453627286e+04
5.979668593567132484e+04
5.984933700063580181e+04
