6.502974780020080652e+04
6.582872201462142402e+04
6.018987589164365636e+04
5.880291564892405586e+04
5.945186781035400054e+04
6.082140384904016537e+04
5.653945193742288393e+04
5.858226053260461777e+04
5.881556731461192248e+04
6.222843801476174849e+04
5.639130100634995324e+04
6.086178195470897481e+04
5.492086197708951659e+04
5.422279156736953883e+04
5.991783890317632176e+04
5.347449879736488219e+04
5.859799003188525967e+04
5.572271013254782883e+04
5.409212287860774086e+04
5.310494627324532485e+04
5.283082878459180938e+04
6.368525139496463817e+04
6.378600107677545748e+04
5.939636229283182183e+04
6.419473994204972405e+04
6.428259204039245378e+04
6.429380515989748528e+04
6.442284244166495046e+04
5.846719426497956738e+04
5.963179460310333525e+04
5.893481689127555001e+04
