8.072122583549989213e+04
7.980071227813791484e+04
7.711767639807214437e+04
8.323345244951974018e+04
7.339241781003630604e+04
7.273327180444322585e+04
6.898612817592243664e+04
7.067315812826948240e+04
7.397218512845171790e+04
6.703783425588245154e+04
7.309476622081664391e+04
6.432472461293001834e+04
6.544504512366325071e+04
7.140728856148448540e+04
6.651882182132857270e+04
6.656652834281868127e+04
7.138790915705615771e+04
7.110686492275197816e+04
6.547854635704364046e+04
6.765300915977705154e+04
6.763452685776431463e+04
6.847107435033237562e+04
6.281338111580786062e+04
6.494626675069043995e+04
6.444204127094162686e+04
6.414008892611440388e+04
6.099424978808462038e+04
6.186230944531032583e+04
5.993528989059472224e+04
6.622639007671672152e+04
6.892357527008844772e+04
7.821099420920829289e+04
8.154119879983700230e+04
7.952362799416770576e+04
8.142135285841790028e+04
7.873839563730260124e+04
8.008920705061810440e+04
7.994000836269045249e+04
7.725336448329719133e+04
