7.903828265123555320e+04
8.244280174424528377e+04
8.079319940458207566e+04
8.033744676362909377e+04
8.320057422885930282e+04
8.342324870044359704e+04
8.028190207397833001e+04
7.871213968172486057e+04
7.702869707668956835e+04
7.746249197484932665e+04
7.454173788092078757e+04
7.923878439282774343e+04
7.093090917352384713e+04
7.826604609745240305e+04
7.186783400492559304e+04
7.481359117170656100e+04
7.645086826932744589e+04
7.071206526453887636e+04
7.415082860779363546e+04
6.752564595201620250e+04
7.532971103575585585e+04
6.913046051190602884e+04
6.865092376229469664e+04
7.094306281793414382e+04
7.226630172156810295e+04
6.881526361782025197e+04
7.232534804554360744e+04
6.947391489992800052e+04
6.808456474600228830e+04
6.377044248744961806e+04
6.789646645218544290e+04
7.041790557414344221e+04
6.966910942116793012e+04
6.416638272021288867e+04
7.108320591079766746e+04
6.633531120584087330e+04
7.840466405506641604e+04
8.012553034459566697e+04
7.940376461657567415e+04
8.126314481554177473e+04
7.929646851342217997e+04
7.955242656241127406e+04
7.645732744667801308e+04
7.700607680674645235e+04
8.202085353212867631e+04
8.266394362034994992e+04
8.011268085152865387e+04
8.309975359555779141e+04
