1.117707412278824195e+05
1.048647914240091632e+05
1.128243086187302106e+05
1.140741429430872668e+05
1.118575580744794570e+05
1.073435625079464662e+05
1.103586843521584233e+05
1.105824246143271012e+05
1.017325233273099293e+05
1.067752649454343482e+05
1.034369737068020040e+05
1.048074421414281242e+05
1.096804522629675776e+05
1.086958812183668924e+05
1.100013407284012937e+05
1.110082887048416305e+05
1.072213904322636081e+05
1.097733390187930199e+05
1.091383862552273495e+05
1.113900258260209957e+05
1.058115120081937930e+05
