2.406168004636095429e+05
2.417949588879507792e+05
2.433332329168298165e+05
2.499913335231082165e+05
2.396971396384760737e+05
2.496574903513675963e+05
2.357652153442728159e+05
2.353470878917842347e+05
2.417342771228608908e+05
2.508959109975317551e+05
2.321201655711406202e+05
2.344213465084387281e+05
2.354483436812629807e+05
2.375741901927455619e+05
2.377378077116300992e+05
2.379681817119045882e+05
2.524544840017881943e+05
2.377330102633476490e+05
2.440811277930154465e+05
2.362453317717435129e+05
2.320066083913541515e+05
2.455811624945044168e+05
2.378349865959850140e+05
2.361400720848800265e+05
2.465213695878884173e+05
