-2.482301745748557732e+04
-3.589125167643041641e+04
-3.759162906374863087e+04
4.353657820306680351e+07
4.310061115964921564e+07
4.477106897382397205e+07
4.855615304167779535e+07
5.155172198899332434e+06
2.657151956887991354e+07
1.388305559666858986e+07
1.409071328146765241e+06
1.417657715036837151e+06
8.840249973180241883e+06
7.361888442278721929e+07
7.430520144924315810e+07
7.618759485312071443e+07
7.326403378518903255e+07
7.542347048629197478e+07
2.483281759140316397e+07
2.439030984432017803e+07
2.494121123986815661e+07
2.341616374757266045e+07
7.326338837666454725e+06
7.352029798997719772e+06
7.339615911905854940e+06
7.352354371776958928e+06
7.353551460722532123e+06
7.326915254109648056e+06
7.291413041200051084e+06
7.359735281145974062e+06
7.392210948776073754e+06
2.064747364328236133e+07
1.906132479071201012e+07
1.984712702887301520e+07
1.929554475085346028e+07
1.903156811596884206e+07
1.934170961833812669e+07
2.081094121353915706e+07
1.981285070286865905e+07
2.074425002893818915e+07
-1.872887203976017190e+03
-1.871144109343265882e+03
-1.869083559752587462e+03
-1.878901028367603431e+03
-1.871185897621151526e+03
-1.883317659402760910e+03
