-3.159835102467127581e+04
4.340879486770356307e+05
4.343398199813844403e+05
2.256332087686321139e+07
9.742993498046427965e+07
2.382841343062976375e+06
4.318342290109301209e+08
1.155457933658333969e+10
1.213058984736899100e+07
1.227259327117161267e+07
1.235027762637428381e+07
3.030145220655190642e+05
2.984998989077409497e+05
3.472717074238554388e+07
1.689045768568171188e+05
1.945894765282915614e+05
1.892700050356264401e+05
1.762135759568253125e+05
1.753281300056265900e+05
1.678060202085967176e+05
1.615527021242518967e+05
3.720747132436208427e+07
3.699976400737886131e+07
3.682868905186691880e+07
3.505656633561895043e+07
2.174719105680452660e+06
1.107991454793199524e+07
1.240171021836519474e+06
9.187816424724083394e+06
-3.515005088834206108e+05
-2.584844763010081660e+05
2.629173653575816192e+06
-1.833539687597804004e+03
-1.831788790494843852e+03
-1.828629814140382223e+03
-1.832802312233019620e+03
-1.827331761118170107e+03
-1.823887908217002405e+03
-1.822394385314517422e+03
-1.821832551721367054e+03
-1.824965680326509755e+03
-1.817642956284718821e+03
