-3.367282558362861164e+04
-3.461531385915920691e+04
-3.780394336885376106e+04
-3.859912509639017662e+04
3.153834475030911621e+06
3.206109043958970811e+06
6.206287816398993891e+04
9.264521571217008750e+04
4.771280338763800683e+04
1.690727864974285709e+06
1.433038127848714823e+06
1.624062252919862047e+06
8.570905903733634949e+07
8.646717424056057632e+07
6.614857342359102331e+06
6.555671660581389442e+06
6.450907428078275174e+06
6.486997879641115665e+06
6.820500467004402541e+06
6.445899448158008046e+06
6.793487366912938654e+06
6.794910684679599479e+06
3.588880156994908582e+06
3.497946169478639495e+06
3.436114366097928956e+06
3.691583177841785364e+06
3.352235414375367574e+06
1.647069453302150033e+07
1.643133754065018333e+07
1.620701286633318476e+07
1.665383276150469482e+07
1.549459162363521196e+07
4.530603835454614258e+10
7.335366236882064819e+09
8.560951760361112976e+10
2.308509316278708935e+09
6.529629232235118866e+09
2.414680170254560242e+11
2.567436132441274166e+09
1.487192209685081616e+07
1.449674188954999298e+07
1.376007715041382425e+07
1.387617599970491044e+07
1.398356429015310854e+07
1.362178828805647045e+07
1.445627513006585650e+07
1.528616923990914784e+07
1.473511085936639085e+07
1.475615524814256653e+07
-1.413603514170186827e+03
-1.397427305247547338e+03
-1.405457782072189730e+03
-1.419943306414730614e+03
-1.419016672856349032e+03
-1.414862416094896616e+03
-1.380311994471121579e+03
-1.383364118327648612e+03
-1.380811890613695141e+03
-1.440256288523989497e+03
-1.424500831374374684e+03
