1.644053662323554978e+06
-6.483478367879785219e+04
4.318506430102585793e+09
1.804669399877552986e+09
1.144014159492758848e+07
1.086528873806352727e+07
1.054883801285043731e+07
1.016433486524417996e+07
1.119345257431807555e+07
3.047039176007825089e+10
2.034327250824304065e+05
5.656060429189299233e+06
5.394733019263847731e+06
7.691871925340753514e+05
7.586523448284002952e+05
7.763024451542553725e+05
5.411137925039678812e+05
6.608770780589950271e+06
2.209250121205758769e+06
2.572832702048341278e+06
2.259669241671213415e+06
2.170676953220090363e+05
2.319935874146515853e+05
2.352660260087062488e+05
2.371583552325049823e+05
2.232288945727040409e+05
2.165449937131867919e+05
2.326753003047317034e+05
7.377343210686866194e+06
6.728504467059115171e+08
1.217107636905527115e+08
2.071374864301729679e+09
4.740160953404464722e+09
-9.617325490796065424e+02
-9.981820709241146687e+02
-1.012950595835340209e+03
-9.316495979173923843e+02
-1.003522461145737907e+03
-9.877619705066608731e+02
-9.777095136927091517e+02
-9.623548744934669230e+02
-9.057074704488913994e+02
-9.940188087232527323e+02
-9.758106002997374162e+02
-9.330422295893949922e+02
