-3.084065731311440322e+04
-3.373522253198120598e+04
-3.475866836446095112e+04
-3.663897388174207299e+04
-3.711769384495188569e+04
3.922064498239827226e+05
6.620575362409953959e+05
3.823939412276591174e+06
1.760507802161657810e+08
3.823896867443854362e+07
3.980578263519242406e+07
-3.267859409496219087e+04
-4.448055665980762569e+03
7.431040357172067743e+05
7.170695576880555600e+05
1.063003525239155442e+08
-1.329969200476099504e+05
-3.726553508406404580e+04
1.163374685571922921e+07
4.875981418466536328e+06
4.756014685553105548e+06
4.387690699713129550e+06
4.490539766686780378e+06
4.580559481119438075e+06
3.268438248226312455e+06
3.290878442938203923e+06
4.012156866499625146e+06
3.570929826130450703e+06
3.761281030564147513e+06
3.828181284788009245e+06
3.458314349281873088e+06
3.515195364412480034e+06
3.451150031911596656e+06
3.461630690419045743e+06
1.850523236006232724e+07
1.599413953610031120e+07
1.821643462888817117e+07
1.047379531094483286e+07
9.212376453910570592e+06
2.114317304444164410e+07
-6.000014270303654484e+02
-6.914040433654736262e+02
-5.956557277981482912e+02
-6.364218532537634019e+02
-6.839848222742148209e+02
-5.918666145591414534e+02
-5.634240715939376969e+02
-6.635974875830288511e+02
-5.894436892537341919e+02
-6.235505232517316472e+02
