1.145406946099830046e+07
1.078514016198118404e+07
8.615656531393365934e+06
1.119616932400103286e+07
2.034108208323862031e+07
2.568414675435718521e+07
2.687230928851225227e+07
5.327688080848956108e+07
5.118510273820584267e+07
2.765935093830461055e+07
1.052635134772152066e+09
8.617717608170146942e+08
6.337525190790915489e+08
4.736976232970054261e+05
7.160896832437706180e+06
7.447683910388631746e+06
1.499008768022901146e+06
1.437314157097716350e+06
1.600507211119923973e+06
9.895971159782003164e+08
1.987006054913514107e+07
1.451221868070608079e+08
1.123312555875726461e+09
2.512379368730433285e+06
5.909502822545620438e+04
4.977961672362615354e+06
5.464024303910625167e+05
5.808745937644540099e+05
5.615071933217470068e+05
5.116354466901182896e+05
1.799594730559513569e+08
2.687335028860794306e+08
1.591993007682201564e+08
9.175691351414890960e+06
1.457380526923903381e+05
-1.517625831660116091e+02
-2.497844725202594418e+02
-2.213937742891430389e+02
-1.745692965642956551e+02
-2.760732478312274907e+02
-1.717332253739587031e+02
-2.611248439361224882e+02
