-3.322887017819125322e+04
-3.504503572843177244e+04
-3.679279429741128115e+04
-3.714358671442630293e+04
-3.756399064529889438e+04
1.783121831760592526e+06
1.646026816206549294e+06
1.892777360698198667e+06
1.633604762309228303e+06
1.227326604587198934e+06
1.237103454545781482e+06
2.655303532825625502e+06
4.054065702598463535e+09
5.607531872835623799e+05
4.940874704767647386e+07
5.515973076227951795e+07
7.828577745813645422e+07
1.204383215294658691e+08
1.453664272574241161e+08
2.941550718825395107e+08
2.676271242357054353e+08
1.850168424709593356e+08
6.764740173141638041e+08
1.333464340764151812e+09
2.353269752116268635e+09
1.072664623365490913e+10
2.298889176164069027e+07
9.342123706842539310e+08
1.618484935482783616e+08
2.198174557908948336e+05
6.595799548079050146e+04
2.625620364217294264e+05
2.924604494102580938e+05
2.362394754894838552e+05
2.439579160027655016e+05
2.916666854861426400e+05
1.628863099794769526e+09
1.919774029121938720e+07
1.944636130703282729e+07
7.714926978909181431e+06
7.870669493283219635e+07
1.148845793034945428e+07
2.846919405072796822e+09
9.110442914276772738e+07
6.186697184288666584e+06
8.580475077421346307e+07
9.636987781545190141e+06
2.891790184796079993e+06
-1.893896416737115942e+02
-2.494892178926093038e+02
-2.535548059646389447e+02
-2.668453239480440971e+02
-1.193480906198383309e+02
-2.737289341199793853e+02
-2.574807407372281887e+02
-2.605656986474641599e+02
-1.867651594448252581e+02
-2.108279172016482335e+02
-2.181860873759142123e+02
-1.704589706316764932e+02
-2.046239528511359822e+02
