-9.454784463386131392e+03
-2.135799046649271622e+04
-3.487820360784037621e+04
-3.647284352004626999e+04
1.951371475932383537e+07
2.034118641122801602e+07
9.069863447590757161e+06
1.110875388434126042e+07
5.520225222656721249e+06
5.025046789775405824e+07
2.124968358303280175e+07
2.010294538215953112e+07
2.244548404652033001e+07
1.711592831605653465e+07
1.939501489463086054e+07
1.592448125187048018e+08
2.177039078506543934e+08
5.274730637031324208e+07
6.602579591289695501e+08
9.081846827723127604e+08
5.126547371310359955e+09
5.088946931176741600e+09
4.647916096037629247e+08
1.275465592212085485e+09
1.109500032749815702e+09
3.997951946923051834e+09
1.780226789468415022e+09
2.252861481434663773e+09
2.278267736428037167e+09
1.606978362632969856e+10
9.164907133585426331e+10
3.532969887074263766e+06
3.436530265230299905e+06
2.408710188296594191e+06
5.783811067331232131e+06
8.580332524393784115e+05
6.746828018469486851e+05
1.460760467000881582e+07
1.655209322672436014e+06
-1.738080944311805069e+02
-2.159089114259113558e+02
-1.143366027205192950e+02
-2.475473660092975479e+02
-1.404337700266914908e+02
-2.092242126591154374e+02
