-1.901229926055835676e+04
-3.080456839492070139e+04
1.712464827052205568e+06
1.490145468025515554e+06
1.547927276831483468e+06
1.559382768039751565e+06
5.181386982701822184e+06
1.444835966197053902e+06
1.353744480963409878e+06
1.450439523761696415e+06
1.535852846595327603e+06
5.953421594623933546e+06
7.071041239296711981e+06
2.698663105258396268e+07
4.166316187561253458e+07
1.168663944710067473e+06
3.904227724267449975e+08
7.025790484474492073e+07
2.746906599276471883e+07
1.352843837139716931e+07
9.070433154166801833e+05
2.538884833939543945e+12
1.443928115580299199e+08
5.750651184953339100e+08
8.533258872692071915e+09
5.208091001956593323e+10
1.130682247827613068e+10
8.179675234504726529e+07
4.333560882297086529e+06
4.758104899715090171e+06
4.513525554309150204e+06
4.892157374987800606e+06
4.980986571204784326e+06
3.578065764457737207e+08
6.475948442693555355e+08
1.157323149949946553e+08
6.941736025950266421e+07
4.687650052550144494e+07
8.170449599944758415e+07
2.913466913534898162e+08
7.288252976353967190e+07
2.299026822788732052e+08
-1.892194674746133387e+02
-2.033884819978848100e+02
-2.464537082074966747e+02
-2.463679078856657725e+02
