-2.238968649513963464e+04
-3.492431213387973548e+04
-3.551004260478288052e+04
-3.744358952636938193e+04
6.000427306875869036e+08
1.259236144781521034e+10
4.583023852947386742e+09
1.525163243280801270e+12
2.164992751423095322e+10
1.405845212552834451e+08
1.150640222357645631e+08
1.132243199714960307e+08
1.067257106514248997e+08
6.397167177374308109e+08
4.143481374994047880e+08
2.656902557141185179e+07
1.675261146704959124e+07
5.352148193219749257e+06
5.287479485148013569e+06
5.583280940434409305e+06
6.614870845786897093e+07
8.641227485545578599e+07
7.252669543496544659e+07
6.794373315128976107e+07
7.168787179350019991e+07
1.479726456234137586e+05
1.726874489365402551e+05
3.483235206227371842e+07
2.104452115891705036e+09
1.050018591692454211e+05
4.386788261174694300e+08
9.351052080561709404e+07
1.133127103935518712e+08
5.203878430172917433e+06
4.765324660789310001e+06
2.850396928716634866e+05
2.738135295536566991e+05
2.748482629080512561e+05
1.695067788385690656e+05
1.697112539697063330e+05
1.918261828772732406e+05
1.854575105055528111e+05
2.755361828590685036e+02
4.393358474323758855e+02
4.417577578530181199e+02
3.078811555361899082e+02
3.970749148622853681e+02
4.924384430060163140e+02
4.461238664249249268e+02
4.118656273330852855e+02
3.757545893757196609e+02
3.993920271062524989e+02
4.774611950824619271e+02
4.402530559437000193e+02
3.655287883155106101e+02
3.028543740065069869e+02
4.384041034633992240e+02
4.522759316886949819e+02
