-2.018327273978615995e+04
-3.399283308736830804e+04
-3.542880465490174538e+04
1.691334583456433564e+07
4.490951244544354267e+06
1.024703935134167783e+07
3.750643823677360080e+06
4.262564382813453979e+11
3.915267363063633093e+05
1.451265343477716923e+09
2.694347921412674189e+08
6.130814532364917547e+07
3.458341020275024232e+06
2.679682343754531350e+06
2.668006408965189476e+06
2.981547810853719711e+06
2.815700748978209216e+06
3.288796151467255317e+06
2.722034661316190381e+06
1.598500539542604936e+06
1.693674602407052182e+06
1.720049672806277173e+06
2.146497463247043639e+07
1.646948271927172877e+07
9.558350966311650351e+06
1.222059572884647734e+07
1.758757880070028827e+07
1.032261463101604953e+07
1.685673396194478124e+07
2.219705718116327003e+07
1.112884996961336583e+03
1.269406087942566955e+03
9.822089402701822110e+02
1.146072107524116291e+03
1.035068449585814960e+03
