-3.134929314413920292e+04
8.940145805371079594e+06
2.370812889013045467e+06
1.975345498239013553e+07
3.484826438384232448e+19
4.295763910939722061e+08
3.803562508923068643e+08
2.022100917430867627e+07
2.029189209660854721e+10
3.727822016361054778e+08
8.958995237726708651e+08
1.394484788607925177e+09
1.300220123059132323e+07
9.108885534087602049e+06
2.878155762723645568e+08
5.544460007122009993e+08
8.575676121461994946e+07
3.865075772054191213e+06
4.689253579937600443e+04
6.741422016256155074e+07
4.190254255801881198e+06
4.536409530854725745e+03
1.635895485356577933e+08
1.960791869254772961e+08
1.063511850528998971e+09
4.186951098380745649e+08
6.366733000082095861e+08
1.716422573428206205e+09
3.003343759029836059e+08
6.558486031259840727e+07
1.080236475493562460e+09
2.109893666580435820e+03
2.132423495419963729e+03
2.027332947467919439e+03
2.099609960038680583e+03
2.187982155354111455e+03
1.977684402526152553e+03
