-2.296633869359229720e+04
4.431211218333942816e+06
3.767921088143731933e+06
9.322278649201347725e+05
4.699778075084082782e+06
4.096006953933221521e+05
2.100513948596923053e+07
2.540114527958400548e+07
1.444015356110337563e+07
2.676910569178051874e+07
8.905562183520521224e+07
4.803397969279650599e+07
3.601930298568503559e+07
1.412332732138930857e+08
4.161929227965703011e+09
4.757195363705094337e+09
4.391364701506592773e+12
8.813139081001581192e+09
4.267546053370949745e+09
1.052012162167165756e+10
3.918358243170503998e+10
-1.514831718999098230e+05
8.870580835741485935e+05
2.167203306632142980e+06
4.494541879999595694e+06
1.401861089296801714e+06
5.081489367492757738e+05
1.379686037503459258e+06
1.219775452175341779e+06
1.994745435939561110e+06
7.427114462020529688e+13
2.793954613576225005e+06
7.255847405773929358e+08
1.745315148226493970e+07
2.004864494317331314e+08
1.774061464245423889e+10
1.087051330295841522e+11
9.515558596035974026e+08
2.562092013715707016e+10
1.120012097505182266e+10
7.362322325539808273e+08
3.580545462409500033e+03
3.591981591547606513e+03
3.206823274872964248e+03
3.324412367446551798e+03
3.605919738326454535e+03
3.356225800915941363e+03
3.543153581106103957e+03
3.339445507283031475e+03
3.550023471298423829e+03
3.318383610609889729e+03
