-1.907589303186364486e+04
-3.982978794216488313e+04
-2.258387000573797923e+04
2.395059970220739488e+06
2.866179292790831327e+08
2.617579415936699390e+09
7.155707045923974514e+08
5.444451725967428088e+07
5.565754491449171677e+06
9.456852350116286427e+06
1.955158046840548143e+07
1.622596278313569538e+07
1.352398449550811015e+07
5.873560022412019968e+07
7.316084704396764040e+08
8.799801016470566988e+08
1.066592712624594336e+06
1.025550102310561459e+06
8.956381869839747669e+05
5.365322965346956626e+05
9.676553811185907107e+05
5.163963430792221799e+06
3.063824932514761109e+06
7.712288044736460447e+08
2.453438354837333318e+06
2.281126638676613569e+06
2.341558233718943223e+07
1.251656427494567871e+09
1.371221858681680441e+09
1.241632927050690889e+09
5.716601215448815376e+07
1.014794697577895820e+08
3.301894712848395482e+07
1.225837015992622077e+08
2.744543509085697681e+07
3.628727061091252835e+03
3.163251743200322380e+03
3.413482781878963578e+03
3.316048754834133433e+03
3.375572252596379258e+03
3.399345883275062079e+03
3.561940310787729686e+03
3.513127660011028638e+03
