-1.805431860664713895e+03
-6.527149096250555885e+03
-2.075616288648303816e+04
-2.269079543973834734e+04
4.528953170056913793e+07
1.231245242995129377e+08
2.906738790864399634e+06
3.112647413149423897e+06
4.108307842327412963e+08
1.623000213552943766e+08
1.017454586999758601e+09
5.811612872997201681e+08
1.195490018315455198e+09
8.351462048933575861e+06
3.673468402705704421e+07
3.823030333981445789e+09
6.054121718840494156e+08
1.819158012665708065e+09
8.187242611484482288e+08
2.423995746266961098e+09
4.188711753015772820e+09
2.118333012208987713e+09
2.910809185598505974e+09
1.238855928641309357e+10
1.157501887274672270e+09
5.674522148103210202e+04
9.875445433344013989e+06
1.135995716375596600e+16
1.531428500453079119e+06
2.516759309502694232e+05
5.562051669648351148e+06
2.607774635067414492e+06
1.326616744345036568e+04
1.378527158301832969e+04
1.412581633994248114e+04
1.415536029584842618e+04
1.457909255718969507e+04
1.372244589404924773e+04
1.351200688335709856e+04
1.440620087256070110e+04
1.376501875767740421e+04
1.357887033359112684e+04
