-1.853102390241041576e+03
7.552679962189558148e+07
4.968025737977433892e+03
1.059250298971274681e+07
3.598775385367227718e+06
5.080960537059210241e+06
5.950390525744106621e+06
8.435770365647933350e+11
2.543543846120394043e+12
9.838452130845038919e+05
1.060509300040578470e+06
9.848358522429154254e+05
2.460383135750458168e+05
1.931454387653193437e+06
2.028733193870918127e+06
5.960548208975424059e+06
1.907972581398307579e+06
2.016143828380952179e+08
4.785579425730109215e+07
6.749698337682154961e+05
1.350205588627364254e+06
-6.079447839569905773e+04
6.992962959565874934e+07
1.132620514997166246e+08
2.390480672531957150e+09
8.905859159834984690e+06
6.162221587483610027e+06
8.832021664159758016e+06
3.443349751347634010e+06
4.933742006901659071e+06
3.431403604174125008e+06
1.216744065359973535e+07
1.177524451855886169e+07
3.314916582374206278e+06
3.602793127160325181e+06
3.775292719740477856e+06
3.479444254546829499e+06
5.123807892155996524e+06
3.507377517532167025e+06
4.862675366936430335e+06
1.399552427095171879e+04
1.329949817732014344e+04
1.471121527294619591e+04
1.392908122578679468e+04
1.419045380962960189e+04
