-1.685571219018302872e+04
-1.936444670989117003e+04
-2.049031009566210196e+04
4.156765738436140865e+07
8.090444794472336769e+06
5.456584692981503159e+07
1.419362308326837840e+06
6.918253574682714418e+06
1.096671783772405796e+07
2.159169165362730622e+07
5.019133094834716059e+06
2.004443402591991005e+06
1.908537681213096082e+08
1.771093289675053675e+05
1.129999666127066594e+05
-1.151153285566157429e+05
2.342997337148899533e+04
3.090384544895314029e+05
7.145943844196436112e+04
5.174778681442204397e+05
8.362871671635211706e+08
1.089130063401985215e+06
5.882935851612257538e+05
5.997100901234033518e+05
1.145728266649987316e+06
1.203832692493699491e+06
1.121674789980999380e+08
2.638775153316604137e+09
1.554437144243719813e+05
2.687103248218056679e+09
5.037909755350400507e+07
5.026765483501408249e+06
2.900065381878213491e+06
2.310870879022617824e+06
2.868364568524409086e+06
3.005402769019541796e+06
4.685255904540656134e+06
2.106513012853689026e+06
1.591710943227727432e+06
3.728604770211733878e+06
1.476482103731960524e+04
1.401837190971811651e+04
1.402847442815155955e+04
1.448741949403472245e+04
1.357500805637036683e+04
1.436841017071879469e+04
1.369959243121405598e+04
1.369494617806535098e+04
1.455724338794595678e+04
