6.448333000167287537e+03
5.138022560472920304e+03
2.383204724956201972e+03
-1.064659386300639017e+04
1.353131014722889289e+07
1.097526126050659180e+10
9.774027675510104746e+06
2.795212423691139370e+07
8.836838851921085734e+05
4.658882522862477344e+05
1.001455083613825031e+06
7.085091225326796994e+05
2.511767162453115731e+07
7.192204411353598535e+07
8.485140609168171883e+06
3.991854296064935159e+06
5.521581584246432036e+07
3.932351323537871242e+07
3.822609296438577026e+07
6.830151275551865809e+06
4.961122446436980367e+07
5.973095905616065487e+06
4.101562199732562061e+06
8.993237119531440549e+05
6.178859525494878471e+04
8.561737587192337960e+05
3.020277610194025328e+05
-2.186477585654499126e+04
6.510142379747706000e+05
5.197729706329892360e+04
3.916709692150764167e+05
1.562619673367167823e+06
2.446676339989007916e+06
5.295432344171389937e+06
2.163582195436186623e+06
5.140886658919645846e+07
1.799333657486935845e+06
2.027999972168843746e+08
2.482108784767845646e+04
2.516026592732916470e+04
2.671454520529179717e+04
2.614739002028031973e+04
2.491976424720612704e+04
2.563953852548461873e+04
2.424818767979400582e+04
2.406621932611643570e+04
