1.089145336484109794e+04
6.701596415680374776e+03
7.508766484313673573e+02
4.500948177976097213e+02
2.484840382106876746e+07
2.358919364113810658e+07
1.052871139546735957e+07
4.914640700523465872e+07
1.159917002040828811e+06
4.831102547699954361e+06
1.070285759886522405e+07
1.975568270576544106e+07
1.987179626653245091e+07
1.280577858009587288e+09
3.478574475658165757e+05
1.372381180969783105e+06
9.541174866984678665e+05
9.951332288869369077e+05
2.390362550405732910e+12
1.152619840673913015e+06
1.888125399876369047e+05
1.205972562629208434e+06
5.823873145391637459e+06
1.092627630356394872e+07
7.071056225740013178e+04
-7.654278928835911211e+04
4.513664343503898941e+06
1.015185716197489761e+07
1.619996430226839542e+09
8.076403707281298703e+05
9.218927403530703159e+05
3.217870500495869783e+04
3.403959996093047084e+04
3.492726159585893038e+04
3.217979023384349421e+04
3.500690606454364024e+04
3.463334598201437620e+04
