4.441036785798224621e+06
2.190760312671104446e+06
5.553048516539463401e+07
3.334075173911895603e+06
2.754070848196186498e+07
8.125158178010323900e+04
8.104041248141316414e+09
8.981204802722132299e+05
2.184145126728607807e+06
7.951981598001287319e+06
2.005160100651018554e+06
3.972170261073634494e+06
9.814108542012937367e+06
1.118458940086425990e+08
2.748830288922427893e+08
4.888494044851591587e+08
4.187846661436194927e+07
1.240730899871792458e+07
3.367094755602153949e+06
2.727315675733153243e+06
8.312494677230318077e+06
2.884175454028761387e+08
1.493890972903069807e+06
5.026462256106169662e+04
5.998568940774061584e+10
4.016847141619775794e+05
3.461587154892670363e+07
1.928453209574002624e+08
9.170152485802984238e+09
5.559504118508335114e+09
3.191928499555267334e+09
3.128085234384175777e+09
8.483606174118557930e+09
3.272693106830221950e+04
3.470816436091155629e+04
3.233970230850545340e+04
3.230124722685953020e+04
3.389917472283003735e+04
3.250264358099133824e+04
3.297104529093325255e+04
3.439965575026971055e+04
3.497610037706742878e+04
3.295762414742758847e+04
3.567398331509678974e+04
3.211842922310275026e+04
3.329805096648706240e+04
3.279904807107738452e+04
