2.676185998885051958e+04
2.192296319922617477e+04
1.771188749108415141e+04
1.182979647682094219e+04
1.029629339517468179e+04
6.368756467333672047e+08
8.983486162834020332e+06
8.535595104608556256e+06
2.947714998240458220e+07
5.196937317826063372e+05
4.058534767351804000e+15
1.829565748815703988e+08
6.405905544017048087e+05
1.863101949869659424e+12
2.542881697944688201e+08
2.084515651617988050e+08
3.287938770908939242e+08
1.635043599312828481e+08
2.507624750789811909e+08
1.652528279616129696e+08
4.076993986358922720e+07
5.073365856201167218e+06
7.352634412335111760e+06
2.655430751338567138e+08
3.863593281740720849e+06
2.214631854653604329e+06
4.223993113885582983e+07
2.666309407623159289e+08
2.908165000645250678e+08
1.152870873451909721e+08
5.988437682175517082e+07
4.347344217866950668e+06
4.571083681322404300e+04
4.705076650045806309e+04
4.390673374061047798e+04
4.671806209029632737e+04
4.407839639900045586e+04
4.651467031160119222e+04
4.467043531511252513e+04
4.673007888490348705e+04
4.426579029020175221e+04
4.558092729205347132e+04
4.295083935854703304e+04
4.296965922709056758e+04
4.695621021792749525e+04
4.665100019699506811e+04
