6.019652000482614676e+04
3.843163213138237188e+04
3.026252926129487605e+04
2.765063383581096059e+04
4.683569843540059030e+07
1.051653385551942825e+09
1.842021345432439446e+07
4.559236060201594979e+07
1.153130479953756523e+10
2.333009828767293394e+08
5.002883895384747535e+06
1.927846141377513413e+05
3.172914098194971085e+09
1.299705490429819375e+07
1.227210912353586406e+06
1.168310246590000344e+06
8.522044262950564735e+05
2.837443951635532826e+07
1.264345685091288062e+06
1.633882554220932129e+12
1.952422477787522599e+07
9.866820052294488996e+05
7.001491493901867867e+09
1.067926514893794894e+09
4.298066052449400902e+09
9.446866066069679335e+06
3.742866026270200964e+06
7.940155734829499245e+09
5.725070034394745715e+06
2.161291736916197836e+07
2.022345208502864838e+08
6.185265415584863513e+04
5.738769297103490680e+04
5.659605179983587004e+04
6.076796754385938402e+04
6.234650124732364202e+04
5.693482633745754720e+04
6.096861007995254477e+04
6.167593815016627195e+04
6.007514327443350339e+04
5.883904378398292465e+04
6.132240656286562444e+04
5.649436724426550791e+04
6.114666075933905086e+04
