4.777643015090019617e+04
3.845500942317732552e+04
7.283432466530482634e+04
1.971401547551653857e+04
2.472859788654100339e+04
2.772505641550047585e+04
1.216025068179230452e+09
4.947971796531836502e+06
4.068489634171381127e+06
4.515975276244276902e+05
8.197210832152869552e+06
1.178394156615213864e+07
6.685336996820532531e+07
2.495696897030393779e+08
3.064247100236435980e+07
7.822442289724320173e+06
1.782825058521061200e+16
4.552580543580501527e+07
1.401797615580647886e+08
1.208742883342995793e+08
1.976602202045703074e+06
1.616521878818251789e+08
1.558647743021382809e+09
2.096754321240961179e+07
4.748994500087637571e+05
4.431789647575579002e+05
4.035352742245209811e+04
5.526185773519937880e+06
6.312127600723182783e+06
2.147463779822844639e+07
6.878992772707778029e+06
2.090920412761449890e+11
-5.499587048748241068e+04
3.617809999218015000e+06
1.702640721798613667e+06
1.219106298204424828e+08
1.404131310006203421e+05
1.769110301690900803e+10
6.532299915317866253e+05
3.383439547327235341e+06
1.077087217270783043e+10
3.347885627879076637e+06
1.736617912414791062e+06
2.680832275721009821e+06
1.557948888850227231e+06
1.515881863715110347e+06
6.038988977258634986e+04
5.826296215063589625e+04
6.173689864730081172e+04
5.973746825383612304e+04
5.882508869562979089e+04
5.770491716506052762e+04
5.910497289080551127e+04
5.961351290016627172e+04
