5.517133999600624520e+04
4.193465203445977386e+04
4.161499390794945066e+04
3.522701459839023300e+04
3.048724973415347631e+04
2.345726570570124388e+08
8.866608387982212305e+08
5.132659175782047212e+07
9.486760089730374515e+06
1.048940717060940340e+06
1.176006988984416723e+08
3.584220747014639201e+05
4.457808620451630093e+06
2.035319155819974244e+08
7.546867811058194935e+07
1.222523726225027349e+05
1.307834504686441505e+06
1.204097214037988801e+06
8.306679117097612000e+10
9.511851876608356833e+05
1.017673721801223001e+06
2.636022156574421562e+06
9.029067855270553846e+05
3.558792666585827246e+06
5.679013063929257914e+05
1.528483405823026597e+07
1.045230278967046143e+12
1.087767608323567017e+12
3.008976285632946528e+06
6.922919435514690876e+08
1.107659883758995682e+07
2.240555921381242573e+08
2.652501158817266114e+06
2.467729349848004803e+07
6.531381664495622367e+07
2.420081407282799482e+07
5.133562901096825488e+06
2.546289641062446870e+06
5.819929995863183285e+04
6.002218952927191276e+04
5.790222500261693494e+04
5.851919779209277476e+04
6.186583699675122625e+04
6.140995944245351711e+04
5.880247276372273336e+04
6.144790309834762593e+04
6.142053508860545116e+04
5.831727325028681662e+04
6.203501359543431317e+04
5.924958862544849399e+04
