5.609210017542615242e+04
5.536853001312375272e+04
4.837475753218099999e+04
4.925281169882562244e+04
5.047982552808808396e+04
2.110631145095006097e+06
2.756367184406315163e+07
4.874131895465354323e+08
5.221118631468876265e+06
2.351374205646131188e+07
1.172670312077771759e+10
4.976967307759487033e+08
2.077319493425041962e+10
2.833596469582241401e+07
4.132485197631168365e+08
-9.413440587739711918e+04
3.948257522224443406e+07
9.433950023154380322e+08
1.172096826733333059e+06
5.568194233523755101e+05
6.907783866675161362e+09
1.113418238078382254e+09
-8.141428736615349771e+04
1.905831835774076730e+07
1.163025102170946300e+08
1.279781715730678663e+07
2.788039154031746984e+08
1.140060713131421953e+08
1.063370295523631154e+06
9.028563791338713840e+06
4.195756210057920543e+05
1.383440185697806301e+06
4.070554929714621394e+05
9.237412963332105875e+08
7.025194999104929157e+05
3.382782527533350978e+06
4.620718069755818695e+06
1.016587904992443218e+05
1.258827755103579490e+06
2.785438875854099169e+06
5.041990299143696902e+05
1.464827192873969441e+06
1.420158065642694710e+05
8.136958773002121598e+04
7.750186530272825621e+04
7.914492789848317625e+04
7.546988155454525258e+04
7.507286613708460936e+04
8.140686759809829528e+04
8.145035184507694794e+04
7.606301647232123651e+04
7.458381659776048036e+04
