1.055279722910003184e+05
8.750732886187691474e+04
7.608341900600245572e+04
6.417443771117537022e+08
4.112660970233140469e+09
1.411127946430832386e+09
3.519440574892294535e+04
2.122913147900335316e+05
3.247209488897562400e+07
8.103718178699596785e+06
7.093932176361902058e+07
3.520429060181824490e+06
3.667410254621633794e+06
1.630738357471819734e+06
6.960277951945078373e+08
6.010838737914642319e+06
5.163562966152052395e+06
1.052465525139981657e+08
6.163844463788665831e+06
1.136511518591956943e+08
1.045552612528476305e+07
4.728354162209700012e+10
4.873345165504481643e+06
5.977381275455085561e+05
2.777714435813012999e+06
5.440365913079078197e+08
6.748841968149022432e+05
8.272769656389662996e+05
7.066263051441035932e+05
4.810880403507029405e+05
5.750683174519974273e+05
6.912120398811951280e+06
6.939958607826166153e+08
1.079125661553136073e+06
2.812270308618716797e+13
9.733157710342796054e+04
1.016956925888698315e+05
9.858662978197424673e+04
1.042984002487383550e+05
9.872505481387249893e+04
1.020652184475015383e+05
1.022473560107357916e+05
9.860880904585128883e+04
9.891873179004021222e+04
1.030894685290975031e+05
1.012830105948476703e+05
1.018777789036311442e+05
