2.312835937418465910e+05
2.347390465303165256e+05
1.465042883195450343e+07
2.527165132091438281e+05
6.457398663155817986e+08
8.466348944667702541e+06
9.481799815803429112e+06
4.873015264894770458e+06
5.310619230502971448e+06
1.256624072512124199e+06
2.377832441686920077e+07
4.391781105282308161e+07
3.345377679101473093e+07
2.491232986735300510e+05
3.768268690085546970e+08
1.395570964601907134e+07
1.097461001899442482e+10
2.927422971046028442e+11
3.730323257277303375e+06
7.835322218448834229e+10
6.518096230030311584e+09
5.261332790359336883e+06
9.413517528864817810e+10
4.416500915269006044e+07
3.632340332999244332e+07
3.764003789741107612e+05
1.269732019681130332e+05
1.911339947667825618e+05
1.293675488156455569e+07
2.780679795988489641e+05
2.535934827344740916e+05
-3.495907277712930227e+04
-7.412049783754194505e+04
5.925797207413639408e+05
2.702687157251612283e+06
1.883995175548083615e+06
4.999222255922136456e+07
1.587523852399966121e+07
5.634642127474861220e+06
1.175854118542589061e+07
5.807133774353301153e+06
2.046248716319989879e+06
7.484361931488323957e+06
4.830701511291434288e+09
2.004645367283263016e+10
3.201104337485857010e+08
4.117089460281410217e+08
1.391888997400539589e+10
8.784082444632535934e+09
3.857014380077018142e+08
1.015874538362929583e+09
1.647310613157934844e+08
