4.363710815761823324e+05
4.130764301323713153e+05
4.134725682376513723e+05
4.162744683899687370e+05
3.357737230822376441e+05
3.155521125799503061e+05
3.080918995915843989e+05
6.609268605950571364e+05
6.379678914344436489e+05
2.547265684258045629e+06
1.868350723135871347e+06
2.121558995535105001e+06
2.711642665433662478e+05
4.512206730639680289e+06
3.294817485983582679e+06
8.286261031286029145e+06
7.910948282312159427e+06
7.877378140283011831e+06
6.835803473440526053e+06
7.539985799982746132e+06
9.345921145970670506e+06
1.253586457041497901e+07
2.201794505087196361e+06
3.103318950735201128e+06
8.592568720919800689e+05
1.457444546179636614e+06
1.116062867537220474e+06
1.210043130279812729e+06
8.194192331575045828e+05
3.422761258348771371e+05
1.550121650665224879e+05
6.756753881251502991e+10
3.869166326145125087e+06
4.685649277353636920e+07
3.056983644736220012e+05
8.822931987758733332e+07
1.502031022955196798e+08
1.391152362062946856e+08
5.436211346597666852e+05
1.077215316204690898e+05
7.731493801555879414e+07
1.257433803539975360e+07
6.990758150466148555e+07
5.519677813144043321e+05
