-3.802409947782335803e+04
1.647464698267265921e+06
1.641523581871567992e+06
3.749982792532938533e+06
3.695113702814240940e+06
1.748031740127708763e+07
2.264762122003601398e+06
7.150950994432494044e+07
7.031660449064226449e+07
7.160217153687365353e+07
9.236048964740610123e+07
1.685657519518478250e+15
1.174939458778332031e+12
6.545462624731619358e+08
3.601082682102295876e+09
4.438979678301381879e+06
4.406074923678839579e+06
4.447389810490475968e+06
4.423734139121402986e+06
4.425170902553088963e+06
4.438726047920509242e+06
2.859588116495583672e+06
2.831831792173219845e+06
2.834200966608453542e+06
2.679978101878565550e+07
2.814748323344215378e+07
2.711102234932408854e+07
2.633706089145246521e+07
2.636991631718991697e+07
2.674444253517182171e+07
2.704513456485241652e+07
2.703237662870623916e+07
8.083487243731868220e+05
8.068527260530780768e+05
8.088677494925679639e+05
8.102856611926641781e+05
8.112654409347854089e+05
8.114037733897072030e+05
-1.871443194060615497e+03
-1.870310130873695016e+03
-1.883879538529407000e+03
-1.871200077214889461e+03
-1.879757011374837020e+03
-1.881083905696315924e+03
-1.870374233618669678e+03
