-3.692852801316809200e+04
-3.862009218693853472e+04
-3.900673935246273322e+04
1.996466764337738281e+13
6.436649938780194283e+09
5.295237703604412079e+09
6.609428332035708618e+10
1.303224782953844070e+10
2.547135380930050276e+06
2.536836257078040857e+06
2.523102712901408784e+06
2.538921834993881173e+06
2.542237866836162750e+06
2.543660394702999853e+06
6.737241446897575000e+15
4.719635836666313000e+15
7.302662815947977500e+14
5.321315054569172114e+07
2.849110293713900028e+05
2.745235348248589435e+05
2.870315946586232167e+05
2.735959402240436757e+05
2.752064173969131662e+05
2.748533736963403644e+05
2.024314779990136996e+07
1.770810525246007740e+07
1.953910870730406418e+07
1.797506816720543802e+07
1.781865855312622711e+07
1.910568681026091799e+07
4.516010925378298387e+06
4.489889860929975286e+06
4.513291520971054211e+06
4.431099827343454584e+06
4.440862935237403959e+06
2.324235737366351485e+07
1.820223163809334859e+07
2.179989729683953524e+08
1.961721979589777440e+07
1.872442953175499290e+07
2.391485488284526393e+07
6.226999838890839815e+08
1.562565320457998314e+04
1.585770901577308541e+04
1.464117490840126993e+04
1.621852470299805282e+04
1.608857695455398061e+04
1.489236265634780284e+04
1.490611182617404847e+04
1.442913508578648907e+04
1.471484001680117217e+04
-1.763116486291895853e+03
-1.758665238761372166e+03
-1.773564223164110444e+03
-1.766909750317630824e+03
-1.767271667655848432e+03
-1.768433981224457966e+03
-1.762999858031951590e+03
-1.750455489356565522e+03
-1.759249008558952482e+03
-1.763504730817046948e+03
-1.759798896587424679e+03
