-3.523982420226209069e+04
-3.748473452512080257e+04
4.132128795802368317e+06
4.154308799169844016e+06
1.012410923319365247e+05
3.524807523702856898e+07
2.738614464174180757e+05
2.719604319177661091e+05
4.617728186775066704e+07
5.575380014810153842e+07
5.506180835437329113e+07
6.948931965495500488e+11
2.967712406983725586e+11
1.490172873684975319e+06
1.429982351785171777e+06
1.485562314672551351e+06
1.514860668783657718e+06
1.507225972289990867e+06
4.436304925917330384e+08
4.227405698459162712e+08
4.359938369669470787e+08
4.185487661025150418e+08
3.236618677807310820e+08
3.651016421297844648e+08
3.837347176647498012e+08
3.794491320166695714e+08
1.812507727581959963e+07
2.586981670467988029e+07
2.819639355042453110e+07
1.909758180230765790e+07
9.983030420608902350e+05
1.042981318158484297e+06
9.982244063518391922e+05
9.934789274252825417e+05
1.011383472883681068e+06
1.046879355596618960e+06
-1.679685674969747197e+03
-1.659869048592139734e+03
-1.660685719557252014e+03
-1.690888467889511958e+03
-1.679785789881920209e+03
-1.658576106976863230e+03
-1.664435112053557532e+03
-1.687430872103432193e+03
-1.682530540386651410e+03
