-3.802013316828930692e+04
-3.878845828000430629e+04
2.956992475660399534e+06
2.981668193405955099e+06
2.940598962887003087e+06
3.209206130446604919e+06
3.009014952833672985e+06
3.451201086659356486e+06
4.122439183556878939e+06
4.204901103332638741e+06
4.310861354725696146e+06
6.419569090135702863e+06
6.287800161566779949e+06
6.285521427942067385e+06
6.433069281188988127e+06
6.245580695278336294e+06
6.443461961360969581e+06
1.305398440817465307e+06
1.447009612789605744e+06
1.387428256025974173e+06
1.415368549507278483e+06
1.454808874107211828e+06
1.293247036599230487e+06
1.371937803824545350e+06
1.441253471661099233e+06
9.814155008880354464e+06
9.827230381005657837e+06
9.986982047338932753e+06
1.029276932655294426e+07
1.016469169121853448e+07
1.031447007405395806e+07
1.020857086272982880e+07
1.013214340437053889e+07
1.005454417574439198e+07
9.900243112126771361e+06
1.037639075680319220e+07
1.006864735447237641e+07
6.862489749526445866e+08
1.926849516108243959e+06
3.970417716598544735e+06
1.439642891137720784e+06
1.782324961937415181e+06
2.389739443919195794e+06
5.254688921767169377e+05
7.625531336785580963e+06
7.413281375191838481e+06
7.698996711064104922e+06
7.521898633700613864e+06
7.294614161820954643e+06
-1.570600089113257127e+03
-1.563097400118887890e+03
-1.574300107443414163e+03
-1.557664745924470481e+03
-1.558469443125068210e+03
-1.565574328430258902e+03
-1.579448809364053886e+03
-1.544311693774769083e+03
