-3.496658038572921942e+04
-3.598013532982052857e+04
-3.629930265612911899e+04
1.765329461062438672e+13
4.905572450858576965e+10
1.785232742846419569e+06
1.795868796206670580e+06
1.760498607931503560e+06
9.715293058651562780e+06
3.115940882660380448e+05
2.664899089076861273e+06
2.688824852677462623e+06
1.110954448219177723e+08
1.490245247196463048e+08
1.191847598071839809e+08
9.438278431717002392e+07
9.229692072719508410e+07
9.982681063547855469e+12
9.951786597912361328e+12
8.355149011825276367e+12
2.133333700882026172e+13
1.246078939528382849e+06
3.500144269676136901e+05
9.195770517151592672e+07
4.960091199975199066e+06
5.040281605087791570e+06
4.991995645808303729e+06
5.042894478805247694e+06
5.092137733284911141e+06
4.860444209317953326e+06
5.056615405965413898e+06
2.175750653331458569e+06
2.126645962550571188e+06
2.196951214021079242e+06
2.143399528028969653e+06
2.129118740291370545e+06
2.144425037182948552e+06
2.134128379062730353e+06
2.134566780822393950e+06
2.139555702705566306e+06
9.234081063379082829e+06
9.234946708002343774e+06
8.631455723185153678e+06
9.302271591183846816e+06
8.509747327760757878e+06
7.349298886203242000e+05
7.577605718313042307e+05
7.599226967205391265e+05
7.507251697339917300e+05
7.617195315387721639e+05
7.594955389897977002e+05
7.352822116776030743e+05
-1.418833980992931174e+03
-1.428288525586482137e+03
-1.440836760258185677e+03
-1.397031064652604982e+03
-1.379419599629676668e+03
-1.412408909011370270e+03
-1.430011802513065049e+03
-1.437336937690764898e+03
-1.402933166821807390e+03
-1.437110778266855050e+03
-1.381803318580816267e+03
