3.759866031839046875e+14
1.030074948258251562e+13
6.179421976366845774e+04
2.392717803239255212e+06
2.392566052766480017e+06
2.077751164097551024e+06
2.370299758018858125e+14
3.504955549018901825e+09
1.229847867540790141e+07
9.604924876423583984e+12
6.380912202334326172e+11
3.944314691124218750e+12
2.316160771100831626e+05
2.176875868712672964e+05
5.323359432654620148e+06
5.364749167348501272e+06
5.316363960351843387e+06
7.998176095891403966e+05
8.187511425535770832e+05
8.395037528959199553e+05
7.545859041329799220e+05
1.000827863131220639e+07
2.797912349548173603e+06
1.103675936611241608e+11
4.982662009754028171e+06
2.583642903018727433e+06
1.009369926292554592e+06
4.061759924248407129e+06
2.192358403101605072e+05
2.170303784913096752e+05
2.302486019119823759e+05
2.085360072628835915e+05
2.008365438453127863e+05
1.980775100696879672e+05
8.512224442002069205e+06
6.994109130006656051e+07
1.000496453298348933e+07
2.209009266272391751e+07
1.536451664351982530e+06
5.974210933574613184e+06
1.211217847220867639e+06
1.788132440767087042e+07
-9.980964394973998424e+02
-9.427909601841529366e+02
-9.329261475738021545e+02
-9.816106900738668628e+02
-9.605935583981918171e+02
-1.009183285482838983e+03
-9.527257719858898781e+02
-9.163152080384024885e+02
-9.398391488772176672e+02
-9.911841733952751383e+02
-9.764803641036269255e+02
-9.855902154308569152e+02
