-3.526443857029319042e+04
-3.578225555372677627e+04
-3.705222854463644035e+04
-3.771384995541134413e+04
-3.856375547342762002e+04
-3.950490527942123299e+04
2.063602164195721745e+08
6.292441907653284073e+08
1.828429129384920299e+08
1.316261763250688324e+06
1.361842783408278367e+06
1.401487760197639698e+06
8.876556742627985775e+06
8.355505196720688604e+06
9.158606452728576958e+06
7.964974910434789024e+06
9.414725124947467819e+06
9.202483041779857129e+06
7.754598691086966544e+06
9.945142943245166913e+06
9.431992800721617416e+06
9.820696882314832881e+06
1.726599887894257158e+07
1.672224829461265355e+07
2.158425688377267495e+07
1.981096980108604580e+07
2.045696555645614490e+07
2.104048082369199547e+05
8.766908710299098969e+09
1.903949979391199112e+10
2.712059359225210734e+06
5.081432740622104492e+11
5.403029374338179827e+06
9.460355736237453461e+09
1.752848219367040992e+08
4.859553351366339684e+09
2.788363751908919525e+10
4.006756826465871811e+09
7.149462081040031044e+05
5.906062337715699463e+11
6.686623374452809600e+16
8.056911595616848208e+06
5.952521249786674976e+08
2.148459795648527222e+11
-1.009469226995512145e+03
-9.860785766931658145e+02
-9.169914682221424300e+02
-9.951649138695502188e+02
-9.218985305223322939e+02
-9.822867647066013888e+02
-9.376876445997913834e+02
-9.604868407509638928e+02
-9.296384804640838411e+02
-9.234377792597806547e+02
-9.436608856957755052e+02
