5.332634643778157830e+08
4.984002467635315061e+08
1.057390262255657278e+07
1.286954820013640970e+08
1.235050578228925020e+08
1.416581182124910131e+07
2.988131806775211170e+07
2.809896920838773716e+06
2.916685915949001536e+07
2.268110557187666595e+08
4.723143882248664856e+09
7.684667279221925139e+07
5.901291083869314939e+07
2.058696196453730774e+10
1.128887955099525070e+10
3.613241383295623818e+05
3.310513232241987716e+05
5.043087123901391402e+06
5.135853199612567201e+06
1.074306280033328803e+06
1.045791899641420809e+06
1.060681584072290221e+06
1.664562885061237526e+10
4.298979075262484550e+09
8.455494804593501282e+10
1.109303100271615237e+08
1.256514735569538574e+11
2.193934709052310059e+12
5.428126640776770592e+09
3.483062386334790499e+05
3.505842740076167393e+05
3.328626949365290930e+05
3.639647608782912721e+05
3.839252547590768663e+05
3.732902834521435434e+05
3.741394122580164694e+05
3.508161656820756616e+05
1.374476557675573975e+12
1.210477947993958555e+07
1.225622760109311435e+06
2.244347549300327431e+06
3.800616396047058105e+08
2.424969035385129547e+10
1.178624597474036217e+10
2.543630350798878193e+09
1.205909349443269819e+08
1.374942313698402373e+06
3.016292022406616974e+10
-5.543547238161554560e+02
-6.799777518062037416e+02
-6.640179249385546427e+02
-5.618565594746905845e+02
-6.929338049794314429e+02
-5.547795258220285177e+02
-6.485282230371376500e+02
-5.679400273791979998e+02
-6.930008382243977394e+02
-6.134457216850714758e+02
