-3.397790798997960519e+04
-3.695779226083248795e+04
-3.766897328193586145e+04
2.312593885563104413e+06
2.071390626611568732e+06
2.297721816825255752e+06
1.571236529569193954e+06
4.034655367586912122e+06
1.012534935192730743e+06
1.013200509727470111e+06
1.140086873061445309e+06
2.035198868228845835e+09
5.175132080584248900e+08
9.248688316723029613e+08
1.046169513670827895e+08
4.473253410598261833e+09
3.713489134436218262e+09
5.862734458262566477e+04
6.151860220554616535e+04
4.595456016624077165e+04
6.130993070218600042e+04
5.136434086858899593e+08
6.086242641202515922e+06
9.408292703094435856e+06
1.159503565891555697e+07
3.482477008804556448e+06
4.548858439964234829e+06
7.137009242281483486e+06
2.896572217832139492e+09
2.714933743877630234e+09
1.863166519701788902e+09
2.657101196697124746e+06
2.619317370731056668e+06
2.549581587010426912e+06
2.326679844150824007e+06
2.469343870489533059e+06
2.413878324845677242e+06
1.121820035001764540e+06
1.714658913178996881e+06
1.682383277416075813e+06
9.818887868862051964e+08
2.335864299242322799e+06
5.189078558974421024e+08
2.142528518939311616e+06
3.417625340330687468e+05
-9.797447096795076504e+01
-1.148719830978079699e+02
-1.379643431922013406e+02
-2.553897605820384342e+02
-1.648881370469462126e+02
-2.293717022515484132e+02
