-3.619991328789126419e+04
-3.769962920565561944e+04
-3.814987180882511893e+04
3.324959723036770821e+08
6.806081185005129242e+10
3.890082061957666397e+09
8.638850341526220739e+07
6.582646632781668752e+07
1.147579334417271748e+05
2.422403392492893909e+05
5.237925635651382618e+06
8.796066641692746431e+06
9.434080594733756036e+06
1.050788926884146594e+07
9.794211162538852543e+06
1.097832948808719032e+07
8.596326204926149920e+06
2.653085063053424072e+10
1.218410738333743066e+08
4.771908945310432739e+11
5.631255970490158796e+08
9.951324779892721176e+09
1.723361750842778015e+10
1.139729000772527456e+09
9.919912827520828247e+08
1.107074921964049911e+10
4.183638926666981424e+05
4.092240127371754497e+05
4.102038811533137341e+05
4.169715940956167178e+05
4.137837611295061070e+05
4.173291027360253502e+05
4.210373792565197800e+05
4.200199411860554828e+05
4.087821863101103227e+05
4.920346506912767029e+10
1.502988855634817810e+11
1.600507944178905029e+12
2.898901363621112671e+11
1.189941593805556641e+11
-1.614429394547187258e+02
-1.224026111211569514e+02
-1.856009960828523617e+02
-1.638452085374447051e+02
-1.917749251397617627e+02
-2.663312062967161182e+02
-1.519902209634601604e+02
-1.961753274118236732e+02
-1.309097358018916566e+02
-1.322102347547770478e+02
