-3.343069016082511371e+04
-3.533615649467329058e+04
-3.629878116023442999e+04
-3.704201243223297206e+04
-3.738305148974496115e+04
5.489367583177235210e+05
5.834376780541918706e+05
6.310603447167093866e+06
6.230331938010576181e+06
6.784146106880775187e+05
6.854099389085581060e+05
4.500301453301525675e+06
2.296375320864545181e+06
4.280032940019953251e+07
3.354682355779201537e+07
3.278321088604892418e+07
1.279606502604358643e+07
1.516528155237207748e+07
1.281430851368334517e+07
1.670701510936109163e+07
1.309800125918438911e+09
7.233638638848801851e+08
2.135372149250331819e+08
1.638070853503447725e+05
1.641121233368162066e+05
1.632664590471760603e+05
1.641397469646530226e+05
1.631372017969223380e+05
1.646297980425047572e+05
7.660988503688304424e+08
7.954869757847136259e+08
7.432029758793522120e+08
2.237513881511290669e+08
5.224114632145460248e+08
5.230691452137737274e+08
5.676338953627980947e+08
3.623949209539923191e+09
2.005390925055154037e+10
2.859108530236715698e+11
1.204868809861796141e+09
8.502475412717719078e+09
1.540200893035023689e+09
-2.534304267194820568e+02
-1.826817921750480309e+02
-2.022363968715071678e+02
-1.999305881216132548e+02
-2.184534138921590056e+02
-2.728130192104727030e+02
-1.410039423600537702e+02
-2.619786870829120744e+02
-2.684743485250219237e+02
-1.653732487827946898e+02
-1.942474500706302933e+02
