-3.736844694193333271e+04
-3.782462350946231163e+04
2.253902532263172325e+06
1.919973047203633701e+06
2.302497047867964022e+06
1.441456364021722926e+06
1.478046955733033363e+06
1.465074353246733546e+06
8.659465754882114707e+05
9.185701073428352829e+05
8.915979389754595468e+05
1.615767992850582302e+08
4.311914401624453068e+08
4.330005628589852452e+08
1.700813043536923885e+09
5.979383105968793945e+12
5.230166226980387233e+06
5.606908413590340614e+08
1.048366085815863335e+05
1.390667594935717163e+11
3.401783925901790625e+14
2.494396984134496256e+18
2.523721924846695557e+11
3.289260019154026500e+15
1.983855017414127942e+06
1.912686638605456334e+06
1.802730114105081651e+06
1.896909688328257296e+06
1.046403434342602850e+06
1.039159986833036295e+06
1.047076621630578884e+06
1.040166609874204732e+06
1.108073731469243299e+06
1.050685632385475095e+06
1.040184552064300398e+06
1.039604317294832319e+06
-2.226436044207075611e+02
-1.679727116361318622e+02
-2.692810582909442019e+02
-2.652428843470406719e+02
-1.105680190410930663e+02
-2.072786639625555836e+02
-1.632093199664668646e+02
-1.822897408910794184e+02
-2.163041526416200213e+02
-2.185540916101599578e+02
-1.683032470605976414e+02
