-3.502575547108210594e+04
-3.646166302225358959e+04
-3.711761191399883683e+04
4.825551370861311257e+07
2.354407824049224611e+06
2.927656896774274297e+06
2.849104580667736009e+07
1.415623379337220453e+06
1.023171804165393949e+09
2.149931766844696522e+09
6.261570723575216532e+08
1.163218050790313148e+10
2.104409745433512115e+10
7.152557969059363365e+09
1.809067243911665344e+10
6.034966147330692291e+09
6.887938451008967773e+12
8.446386049709859490e+07
1.189633996978920698e+07
3.570567323464030457e+10
2.300126830408728125e+13
3.078340545049015060e+07
3.256602653015730437e+06
2.599831223930929787e+06
2.519232827877555974e+06
5.844159839521767572e+05
5.714425346432080260e+05
5.677436450940077193e+05
5.740067368846019963e+05
2.038944324781320756e+05
2.311519392973600770e+05
2.138958388656305033e+05
2.282339503510765207e+05
2.056197505734986044e+05
2.111540801101582474e+05
2.487080097661596374e+05
1.231513298989768373e+03
1.187939392939995741e+03
1.029766303817334119e+03
1.164454966444172896e+03
1.232003155883576255e+03
1.258051332084171008e+03
1.280016664120747009e+03
1.185249786961037898e+03
1.081459164479281753e+03
