-3.095935154713259544e+04
-3.363816523092758143e+04
1.517926013896631077e+07
1.741941668474421650e+07
1.283421284890344143e+09
1.162666479151859181e+06
-1.698664811020709021e+04
6.392970788311713189e+07
1.585648330306636393e+08
5.360579206194724143e+07
3.054559078545304015e+06
2.916247630667717457e+09
1.371855508005536627e+06
1.350102626868137158e+05
1.750926649272926092e+09
1.402474659521135807e+09
2.136561105367083848e+08
2.110016550919449091e+09
9.907280026846123934e+08
5.824172680711259842e+08
3.283934823542937264e+07
1.507716482128322311e+07
7.827559280055499077e+09
2.148468117559948191e+07
2.679012142694731709e+06
1.398296056812307215e+05
2.135772653717292706e+05
2.629422559576981585e+05
2.725775596773670986e+05
2.844746104377365555e+05
1.948179995071772137e+05
2.317922993679415376e+05
1.941421299108794483e+05
2.614294692310605024e+05
2.623965410188473761e+05
1.977723914385581447e+05
2.356732729416098446e+06
2.566980952722928487e+06
1.581448708686251426e+06
2.681879186047178507e+07
3.647968864474558737e+06
4.965740649897629046e+05
3.232036311303564347e+06
3.771221693099510193e+09
1.768098147149518132e+06
1.537789190973117352e+09
7.837380830118619385e+11
1.110134576250577159e+07
9.231291643423538189e+05
1.430489262157260478e+08
2.220742978139955085e+03
2.117860617493890459e+03
1.936505804165179143e+03
2.026539321603166172e+03
2.110398453823407181e+03
2.196004721271718154e+03
2.016335040794278029e+03
2.061833095055655576e+03
