7.650012106603448279e+06
8.849281893517969176e+06
3.950929139733713237e+04
1.074843607494537346e+07
2.566405300702480376e+08
4.638789375363584900e+10
3.826719110354516190e+06
1.773652164094234848e+10
1.601149331580119514e+10
1.592953451347106136e+06
1.504573032488858094e+06
1.631109447278507752e+06
1.408771421776988220e+11
7.408067623870470561e+06
6.947499350476763211e+06
8.633568810043517500e+06
8.303078545087620616e+06
8.673706820079172030e+06
7.852175312167649157e+06
7.668862301197259687e+06
8.267107411138763651e+06
5.889896535295518488e+07
5.643313631895782053e+07
5.829988159403216094e+07
1.250135609409758747e+08
3.135077434956081212e+07
4.346726665304618329e+07
2.153787968155678362e+06
2.183799514626722783e+06
2.258659809821858536e+06
1.969508393161833752e+06
1.479575115872733154e+11
5.372139537736399414e+12
8.637765523921931458e+10
6.848794785845769531e+12
1.578103242435794688e+14
4.411272066812943268e+10
4.048855434266228485e+10
2.221504657113895519e+03
2.065508124093408696e+03
2.134261254329350777e+03
2.233035721799969906e+03
1.958460173083731206e+03
2.106236779050785117e+03
