-2.725420041068664432e+04
-2.853443437369178719e+04
-3.192112443726827769e+04
3.457159413561447906e+10
9.495509076366068621e+04
8.712693149372581393e+06
3.013838969154154509e+07
8.475128756560532376e+06
5.892060546654025093e+06
9.040652307581555843e+07
5.104852846935778856e+06
1.053901886718196794e+07
8.509051651388305664e+11
3.308787170523601025e+07
5.795348237939527258e+06
6.271018917329595424e+06
1.163954246702168509e+07
1.063305050081759132e+07
8.652245238849960268e+06
6.034816515756550245e+06
1.112387318495084000e+10
4.998082722345156670e+09
1.206318911066785645e+12
2.611494851270571094e+13
4.127077988440642700e+11
8.682848361685607812e+13
5.191691054729973145e+11
4.365261833759069214e+11
8.555229192269265747e+10
2.013564440556468359e+13
5.145781388067719527e+05
4.053778173285038210e+05
4.858342018184848712e+05
3.780551553764836863e+05
3.454249481758335605e+05
4.876872706089110579e+03
5.026231623704195954e+03
5.320881454105343437e+03
4.883462206357507966e+03
4.823743211278080707e+03
5.130627504078875063e+03
4.844001537613134133e+03
4.756057962168531958e+03
5.347858416709204903e+03
5.450787962953880196e+03
5.239882422399707139e+03
4.755615354180539725e+03
4.763133034917322220e+03
4.871601190022745868e+03
5.083900165496888803e+03
