-2.655063326059564861e+04
-2.924956887335179636e+04
-3.029518864398425649e+04
-3.052678455856696382e+04
-3.017079755100973125e+04
8.112917633851769380e+06
2.393258003815677390e+07
3.535894231465707417e+05
7.080330020791192353e+07
3.292071918861484900e+07
6.627114556103380769e+07
2.477567826188094914e+08
5.585696711283774674e+07
6.534396184555579675e+05
6.351003886961118551e+05
4.456299929730184958e+05
4.562052624941394315e+05
4.219292189668620704e+05
2.952346650506238919e+06
2.842000694843655918e+06
4.685767538224418648e+06
3.049823623804518953e+06
5.714447486587601714e+06
4.427269860130060464e+06
8.099950104245523922e+06
8.716520074892472476e+05
7.170160447176527977e+07
1.415300141617799950e+10
8.519927122592682019e+06
6.806070685340132564e+06
4.349621991282946430e+06
2.698838913595063239e+07
3.230568708069496094e+12
8.302421053460159302e+08
2.483281650772626996e+08
1.246741514098712500e+13
3.280950242019738674e+09
2.423091791067343354e+08
3.688980101917564869e+08
1.400316621446462572e+08
8.186022166803704202e+07
1.757069802369541550e+10
7.553342350501748919e+07
6.429996750592875481e+07
7.979855856778605282e+07
3.172066368255816400e+07
2.417665262854582071e+07
4.910671213512330316e+06
4.324901626250241697e+07
1.183730195478298143e+07
9.335220030966147780e+06
9.145327732901459560e+06
9.049004388932425529e+06
1.465405770553465933e+07
1.155920426604287885e+07
7.134889869248960167e+03
7.164328633541997988e+03
7.644854128630307969e+03
7.750253447458962910e+03
7.042477381972421426e+03
