-2.176117767662365077e+04
-2.543605152555467430e+04
1.170511036159951240e+06
1.441077566157854628e+06
7.337396938876153901e+06
3.313871850478990234e+12
1.135931115122778177e+09
1.196199851659303904e+07
4.352361901085826010e+07
1.030315092027558237e+08
2.506194651116178589e+11
1.545327529905105972e+10
9.348432322899734375e+12
4.955986239328560000e+15
6.044543303070404053e+09
1.263669066585797070e+13
1.658867229190375750e+15
-1.201943537149376934e+05
2.237517722911726761e+10
5.300525328046371578e+04
2.244606756866550131e+04
4.894368951714994182e+04
7.368974161257117055e+06
1.002551257093536295e+07
3.173939555177391041e+06
3.055880474298832472e+06
3.268641384794105776e+06
6.574260771192640066e+06
6.151402767352926545e+06
6.663470193170926571e+08
1.181825896779902130e+08
1.085660327282991886e+09
1.061642426820879336e+04
1.043774436849408085e+04
9.890154170488269301e+03
1.020901172648181091e+04
9.934294186723651364e+03
1.077526450473041041e+04
1.000839480683967122e+04
