-2.332557345534319757e+04
3.483750479528626055e+07
4.755001522216849365e+11
5.174757534758293186e+05
2.674923668068448454e+07
1.385533896496275067e+08
1.761259098762850952e+11
1.080424747229869366e+08
5.627720450636705160e+08
1.363076841334952414e+08
2.235720575538752601e+05
9.243144065530804396e+08
2.113054118349253200e+06
4.381396916159888357e+07
1.240746882079892397e+09
7.187829923589079082e+07
7.631274772326906025e+07
6.735786289752800763e+07
2.225808498380736262e+07
4.154006011829233170e+07
6.830817213060486829e+05
8.531567321021477699e+09
1.677134977813320160e+09
2.723562426796144340e+06
1.321350149315131828e+07
3.719378213302260742e+11
1.457074757059899392e+06
2.176514104881048948e+07
9.411459087902879715e+09
1.307778363566712663e+07
8.457380642736719456e+05
6.071088089697558880e+08
9.539396048177278042e+07
2.233121899670683289e+10
2.362900899077340146e+05
1.307212294751161011e+06
4.533430614692125469e+06
3.682139591161496937e+06
1.971852832299593464e+07
2.112130707998452759e+11
1.050243148976986413e+04
1.019110976387918345e+04
1.079616893459425773e+04
1.065506957858812530e+04
1.034990467534400523e+04
1.072958373760248651e+04
9.600332158938777866e+03
1.053171221889939625e+04
9.983576599861844443e+03
9.660362143951613689e+03
