-1.174996027584705371e+04
-1.315446317810628534e+04
-1.559566068942115817e+04
1.370816062327590538e+06
1.339055066158302361e+06
7.125033943399783325e+10
5.809817115918270350e+08
5.413339221532110870e+07
1.063830798811847568e+08
1.048784809276341228e+06
2.339191032541586086e+06
1.604250679585100710e+08
6.527533218572279066e+07
1.889996905980695009e+09
9.940883474162233761e+05
8.216857795498510361e+09
8.365643568188496865e+06
1.036703610017612427e+08
1.833823514028745890e+09
-1.808521942113403566e+04
-2.453604955876630265e+04
1.345490591264650536e+10
3.150218988214835525e+08
2.307553748334407061e+07
-2.994931126627856065e+04
6.445321750328750350e+05
1.771695977731821768e+05
1.907728123546707211e+05
-3.917348027774403454e+04
1.902454725284432934e+05
9.139931833762055635e+07
6.692497475743614882e+07
1.897490035130177392e+06
6.507708720754019171e+07
8.357100223156524589e+05
1.213464412749047577e+08
6.218324577309381962e+07
3.760227058928888757e+06
2.285668744598733610e+05
9.832562709396827221e+07
1.582132352990912832e+07
2.152577161503506303e+08
5.695774602355154753e+08
6.823364168409914710e+06
2.396724469795158505e+08
1.404781256823054254e+08
5.792204758828846365e+07
2.726791535205083489e+08
3.278999194583443925e+07
2.254606666314439941e+12
4.913837988124629483e+06
6.502515880698424578e+08
1.985358186272924650e+04
1.802265078438216005e+04
1.909495929745445028e+04
1.987803252444331883e+04
1.876203986421006266e+04
1.814517517190726358e+04
1.899877937832416501e+04
1.956850584860154777e+04
1.923661639306313009e+04
1.991200352713975008e+04
1.928161002456446295e+04
1.859997562249208568e+04
1.838172740753606195e+04
