1.817372004645934794e+03
5.497090480717233731e+02
-1.633038237102737185e+03
-1.562066551804091432e+03
-1.177299598466968746e+03
3.898524038908463717e+08
1.512637716830513716e+09
3.997336774710258003e+06
3.768996151997409375e+14
9.288923920409567654e+06
4.419782080898281187e+06
6.763937455308077857e+06
2.152692237165843487e+09
4.717350596779278480e+06
1.146682862981738597e+08
1.425383619655570202e+07
1.066670551765297890e+10
1.654479152245413818e+11
3.066075815828794003e+09
1.090194463943623901e+12
1.824935630896669580e+06
2.251827291411847115e+09
3.823286315771876252e+05
2.371568861314348760e+05
1.471147853908437863e+07
9.330013223312231712e+05
1.394287601257650880e+06
7.417156193725833436e+05
4.540505287670298712e+05
6.034421127444494050e+04
1.184907050524682854e+05
2.029241946503750980e+06
6.304663590732554346e+07
1.603980086102250218e+07
-1.343061147849895642e+05
1.011361592883054691e+05
2.807443927438336563e+10
8.008825578322478570e+06
2.105340556420244873e+08
5.539614646537798690e+05
4.052363837898137514e+06
4.533522342929583043e+06
3.266674977551528718e+04
3.499589995150433970e+04
3.501475157337135170e+04
3.495359113744000206e+04
3.293578927611774998e+04
3.263128973008182948e+04
3.388221825123578310e+04
