3.138864615934628091e+03
1.245726096599770244e+03
1.881262694253382506e+02
1.239101988757187501e+06
1.584560205091033364e+06
1.307704099360300973e+07
2.661390953128132820e+09
3.053985997682033852e+07
2.761761033519354649e+06
2.194841106870525517e+06
1.427754472655491438e+06
2.023402381052071974e+07
2.219238706974694505e+07
2.049127477107703313e+07
5.979084174693874083e+06
1.601759128052112162e+08
2.489649663336033594e+13
3.846499742102122400e+05
3.023469730814962648e+06
8.812392342056557536e+06
8.372343183075416260e+11
3.481905765258246101e+06
3.200776997420561523e+12
5.006245955420608632e+06
2.185102770871788263e+06
6.369104604344055988e+06
1.095224064572605342e+08
2.539452008269826889e+10
2.180226509540277068e+06
1.651491473915158957e+07
1.214477439171197591e+06
1.269870991954260349e+09
-1.569631449535744614e+05
3.708351486871067435e+07
1.234986893686495023e+06
3.381514942699023522e+05
2.191768206905804574e+08
1.134493154216852379e+10
1.786830078909512237e+07
2.170662668641537428e+06
1.998205513438995928e+06
1.246374047646139711e+08
4.894733098476959229e+09
3.263997154961939668e+04
3.547183810393561726e+04
3.491422600082991994e+04
3.244643944650818594e+04
3.446023165547300596e+04
3.342572263910941547e+04
3.497467775610045646e+04
