1.066232371103233527e+04
1.187285020781078492e+04
1.784063256295429611e+10
3.131425728814609985e+11
7.326140745568270795e+05
4.459762298968096264e+06
2.440225466028028354e+07
1.540399658047300018e+07
3.723133628439325333e+09
-8.953723285272822250e+04
6.274502749546423554e+06
3.118846489707294852e+06
1.136605411734605767e+07
3.484760272738643289e+08
1.404462103605971336e+08
1.497556284453660202e+10
7.977429452522107167e+05
6.414397958221371472e+07
8.210339078829349577e+07
1.414092313369523287e+09
2.821253935775062180e+10
3.826211904557071393e+05
1.158554714654874057e+08
1.696425136472680664e+10
3.273644359707885361e+10
9.713740134215521812e+07
3.601921506667264062e+13
1.817755394345561042e+06
1.538367454965642548e+10
2.358681461803353392e+06
3.806407169776758179e+06
8.552442206827906892e+06
4.549124222482780926e+06
6.443621740210033022e+06
3.498206494083771016e+06
3.403616228994087782e+06
2.573523379538328387e+06
4.327053730137123726e+06
1.751371561220766902e+08
5.391908227722879965e+05
4.181891126486618817e+07
2.416350533147853985e+07
7.469157044569212012e+06
8.997589252044409513e+05
3.044962812589791045e+07
3.173637401158312336e+07
1.471956149773738384e+08
1.606689849056007108e+06
4.683458391841485500e+08
6.970636617231516540e+07
1.473198887233594898e+06
4.382670452172681689e+04
4.646104024468892021e+04
4.393695072828169214e+04
4.691693597202538513e+04
4.535042734873163863e+04
