7.614270590862966492e+04
1.472070170827572583e+05
5.028683421329626581e+05
2.727845680578547716e+07
9.661671649380414188e+07
5.086619993120376952e+06
4.951208690457049757e+06
2.615311845743018668e+06
1.056759914372778730e+06
3.598956646808103919e+08
1.809628278827178059e+06
1.734265893327073660e+06
1.161893280291584379e+05
5.503491942053681612e+08
2.490300179219618320e+09
2.755221254153102417e+11
1.591439730821918696e+06
6.133892125086135231e+06
1.345028348101401627e+08
2.080816888905230522e+09
1.902854785243161255e+06
5.761322601279313676e+05
3.977040186727637192e+05
3.718135687811324120e+09
2.794682242479991633e+06
1.953936604431761429e+07
3.054532827144817915e+06
2.798441869125365280e+06
1.568001738257641983e+10
5.794471280696090311e+06
6.932703592153896391e+07
2.439230462912862599e+08
1.520670800618238211e+09
2.690727417821604293e+06
1.072891067907864344e+05
7.016108622826020718e+08
1.703193423058365006e+06
1.477603697566880379e+06
1.727921015836853027e+12
1.896341892092773458e+06
2.190097912596494891e+06
5.673752099421708845e+05
1.051610121695284033e+05
1.014263228310115519e+05
1.055972460548805539e+05
1.048791467158077285e+05
9.732368799380725250e+04
9.703417124487028923e+04
9.867745962841075379e+04
1.026671063656996703e+05
1.039496919188267784e+05
9.815116275053925347e+04
1.033977222342180321e+05
9.762727819738851395e+04
