7.162765368400959414e+04
7.140755724288744386e+04
7.198796475540615211e+04
7.745208567762849270e+04
9.652441646586947143e+06
1.056969606068057008e+07
9.518455327836149372e+05
7.080966140717768576e+05
5.674405656545246951e+06
9.691375416820110753e+06
6.935156704486338422e+06
2.075647587581090629e+08
2.008272603529836610e+07
2.045479550267273327e+06
2.620401423273838162e+08
2.281452963549735490e+06
1.242536515880400111e+05
8.795451982476667166e+08
3.354894915217585489e+07
9.419630368154305965e+06
1.051950152471863665e+07
9.280167283916979980e+10
-3.659848995808909240e+04
3.155489413262145128e+06
1.684285671288883314e+06
1.781304585195729975e+06
2.780369680467009917e+07
6.284871447673521936e+06
3.600151126484441338e+05
2.435616153666241153e+05
2.576115412407798290e+09
6.075282069474245608e+07
8.243831598101039124e+10
-9.555690733867255040e+04
1.300680880537408171e+06
9.029193591714128494e+09
5.710192104576499201e+06
3.992184063502693898e+05
2.127188118914369028e+06
7.356128408538766205e+06
3.571968203125326538e+10
4.704200171434278786e+07
5.478435692757392535e+05
2.001231260892787250e+06
8.835029276218466797e+11
2.060239765105792554e+06
2.606790116287459200e+16
9.960530215012974804e+04
9.907964745606429642e+04
9.900286389566358412e+04
1.056948195039312122e+05
9.915051914491923526e+04
1.044210142535363557e+05
1.022703817514060065e+05
