1.091044973233310157e+05
1.156777040155890863e+05
9.220162663993226597e+05
1.440770102210239565e+05
4.229875544083529297e+12
8.070564291234571838e+10
4.240993783480478451e+06
2.622453287306387424e+08
5.548898932598890970e+05
1.040895638088795356e+07
8.473193851404774189e+07
8.907639643379447937e+09
2.599365005990632629e+10
1.229646713057325222e+07
2.240425192732475232e+06
2.235328211230795830e+06
2.018164941073263995e+06
1.672927951932766475e+06
6.344624477110655978e+06
4.110708034354420961e+05
1.795346053237505630e+07
1.599442150319650210e+07
1.238758145600546360e+09
1.792256032337098569e+07
2.573737350500328839e+07
7.559954286435658932e+08
2.137188995469423011e+07
1.663217723431976279e+06
1.307407007630091719e+07
3.632998774609155022e+06
1.896934983747092076e+06
1.601533510016265325e+07
2.537888790100486076e+05
1.186504841625220478e+08
3.660580734347061157e+10
-3.005296767205518554e+05
2.140419120361308102e+06
-2.499519806792591698e+06
-1.527636688618664630e+05
-2.809098462023907341e+05
6.418042504031094722e+04
-2.058426926758965850e+07
-1.687638191490767058e+05
-4.020492452527762391e+06
8.687012065763236023e+04
4.392315819418756291e+04
-1.395921921569176484e+05
1.142366243506383710e+07
3.355840217290865723e+06
