1.658463635797683673e+05
1.580738593839342357e+05
1.576953349774707749e+05
1.519394372846609331e+05
1.542796653002970270e+05
4.694265895605489612e+08
5.950244090854473412e+07
1.840485385798504204e+07
2.266596479375695586e+08
2.743001278388217092e+07
4.388678226961301422e+10
1.825423477811775208e+08
3.850601719038525969e+07
5.818556520184123516e+07
4.828205646253169514e+06
1.541741096464596689e+06
3.208366443559376989e+06
2.241726630183212280e+09
3.814673746310040283e+11
5.549185946208626032e+08
2.323576647516224062e+14
2.503052296128901653e+06
2.390210858104996849e+06
1.409555157104058377e+07
3.373473670904844254e+07
1.401402162625829922e+06
6.631447342947053223e+11
1.173349663713727612e+06
5.837697433603109093e+05
5.080599251834841818e+07
-5.668783796848460042e+04
-6.840179683912287001e+05
1.228972003277560696e+06
1.523738488595189992e+06
3.114527093375556916e+07
5.233288439256881364e+06
-3.259786782282874919e+05
4.353840546011143364e+06
6.730513729599853978e+06
1.684623347499262542e+06
1.227982306010178089e+09
1.932268919949484058e+06
1.389388867909950903e+06
-4.452328891570171691e+05
