2.858069587705181912e+05
2.757323869734703330e+05
2.785175337548827520e+05
2.937086593213529559e+05
2.981492165194923873e+05
2.761039101088836323e+05
3.017505722683169879e+05
2.470878827932078838e+09
1.209417827264642809e+06
1.671297061785369515e+08
2.410185116221346892e+06
1.732672744689550018e+06
6.213637005306662759e+05
2.267618303438839212e+05
8.205690619107757807e+08
3.023439713496480882e+07
3.351805501912564635e+08
5.442119596465074457e+06
2.074916684846831020e+06
1.306395915747044794e+07
2.657260792516802903e+06
2.035161044091885090e+09
2.519552384969748535e+12
6.506953635162980469e+12
6.662224538117730990e+06
1.361647784363575935e+10
2.058093398092212388e+06
1.695406655422711978e+06
1.465626816357683856e+06
1.436704680046594702e+06
8.633729364812869579e+06
9.939824419317620993e+08
9.811290462479749694e+06
1.948238123917852342e+07
2.715488521939071417e+08
3.917544776421674760e+05
3.938341106693969923e+05
7.064229820468009375e+13
4.815136004057195663e+09
4.707558351016500244e+11
4.341791677387785167e+07
9.060062426317066406e+12
-4.981031569920449401e+05
2.216089984801536053e+07
