3.823427417968936497e+05
4.005919574366620509e+05
5.012469179071232677e+06
3.415092857588157523e+06
9.897004663043163717e+06
8.363900987076443434e+08
2.060582521708434913e+06
7.003045092523916392e+05
8.756375465923382342e+07
4.892902402048907280e+08
1.199549709478297038e+06
5.703813784586940706e+07
3.679959662806781009e+06
3.813417832120900508e+06
2.533348718565890100e+06
1.509354931730327429e+06
3.263299965965636075e+06
5.873937712964209728e+06
2.641521764696408994e+06
4.812781706171701250e+14
1.055689161255342327e+07
1.550936463108969927e+09
4.528920410014887452e+08
1.501741677453093790e+07
2.537543114908939844e+13
9.208052023931065341e+05
4.485313980825992674e+07
1.875222116284302902e+10
6.089095212545807838e+09
6.829079629961961880e+06
8.717687644353403011e+05
9.010790831448486447e+07
6.382321035082557937e+05
4.908790143852557521e+05
6.301452372521755099e+07
1.103371603781138081e+06
2.431162097680822372e+10
2.523310096424152143e+05
3.848816827018297627e+05
1.022300853546552593e+06
9.374012276933077723e+06
1.099498717026721382e+10
2.756004000201467896e+10
4.154322388956371229e+06
8.870267307151958812e+05
2.086861469535553828e+07
9.733507293864875101e+05
3.549154686355194077e+06
9.586458625011292752e+05
8.703729388548269635e+05
