4.101414375937717268e+05
4.073269938530603540e+05
3.696451125264474540e+05
3.857428494597313693e+05
3.692766948880262207e+05
4.555678451701237820e+06
2.141768018131507095e+06
-7.205520716531385551e+04
8.367756752574915299e+04
2.904821333258268433e+11
1.897155520406273194e+06
7.738633914968615770e+07
1.937238703698864952e+07
1.894079065107411742e+08
9.566716080965578556e+06
1.610324623019051552e+07
7.555689108435307629e+06
5.583033367103527486e+07
1.892631326328009338e+11
8.170087369184026495e+06
3.339334634784822538e+07
1.286267218965407833e+07
3.342495622348049283e+08
3.026755559206886683e+05
2.264811743489142507e+06
1.362086146628507972e+08
3.148763462080105208e+06
6.828499938331082463e+06
3.522288732442866894e+05
3.136682462366641266e+05
6.270381765445998171e+05
7.034143944093963364e+05
1.095397476974985329e+06
1.622862783234910341e+06
1.536724540837215958e+06
4.526742223791268654e+06
2.399234743857717142e+06
8.697399258939715102e+06
1.280573784057973623e+09
4.084941145117182750e+06
3.713447761242595196e+09
2.705239528647726402e+06
7.207732611070550047e+05
9.047941208394654095e+06
2.628209646143588237e+06
