-3.402940065497365140e+04
1.783932103058936540e+06
1.798956921681337990e+06
4.038260131791088867e+10
1.399698880629862785e+09
1.661316457622397900e+09
1.557471932804990411e+08
1.003037344546781778e+08
2.589318789141501300e+06
-1.638770321875970694e+04
7.152259229412062094e+06
7.148699704082180746e+06
9.020990273297212601e+09
2.169809457272830009e+09
2.713278501324716024e+06
1.404656698257970624e+06
3.072415491090761963e+06
1.073816280004120432e+06
2.514302108380997553e+06
-1.551141848719067639e+03
-1.551556039284390863e+03
-1.544343124990788056e+03
-1.579562362271681195e+03
-1.567618651559925638e+03
-1.551333934972702991e+03
-1.545452512404852314e+03
-1.556616795407986501e+03
-1.545223889037995832e+03
-1.552548778333963128e+03
