7.268697338156270795e+06
1.397416253753175400e+07
8.132047280751352198e+06
1.400837153786648763e+06
1.473749728084195554e+08
1.219382069362402856e+08
2.451974971694635693e+06
7.846875682918023085e+05
9.774444725033325376e+05
8.596070965824302984e+05
7.573337094990678597e+05
6.780394064838971244e+05
1.042241076598395943e+06
8.186795899319621967e+05
8.271562188696067315e+05
8.019998830715415534e+05
8.477416606425058562e+05
1.472912922417827416e+06
1.321784829396200657e+05
4.951388351306668483e+02
4.904140675109811127e+02
4.615022442498011515e+02
2.871866912721889094e+02
