-3.107037359878559073e+03
-3.048602147939076167e+04
2.572790034257555306e+08
3.336201830467171595e+07
3.089074513979633525e+07
6.695833833095933199e+08
6.636561871324002743e+07
4.177219998225117326e+08
5.283061734677278996e+08
1.136445871210341342e+06
1.348149222458975017e+07
1.431701814468182623e+07
2.095740960175865144e+07
1.160682283596277609e+07
1.157665840814604238e+07
3.584733844809588790e+07
1.367161959934410639e+07
1.729080810397961410e+06
6.503460336589855142e+06
3.509536681284458609e+03
