-1.479914561469693945e+04
-2.453797633858534027e+04
-2.615188637519704571e+04
3.429060427928057671e+09
1.411040921963204145e+08
5.415538442646414973e+06
1.600045077106400952e+07
3.808988720065228882e+11
5.573861749181577936e+06
9.972250449675481766e+06
1.023362223405407928e+07
1.980502447581967339e+07
5.128601634360760450e+06
5.268126324764848687e+04
3.695477085252374268e+10
8.236548730770561695e+08
1.000415387718818965e+04
9.689848314648523228e+03
1.055782980805751868e+04
1.018682641353929648e+04
