-2.474011600784097391e+04
-2.590215539617398463e+04
-2.615017600412288812e+04
-2.766126618884056734e+04
1.647419786307140999e+07
1.309662169337643087e+08
8.653307966540122032e+07
6.882840962317629158e+07
3.411330588316328079e+07
4.162378709240289405e+06
8.213713311030492187e+06
3.534661819222184364e+06
1.122055256293291450e+08
5.458928396422941238e+07
3.940536221123651862e+08
2.197658664051166549e+07
3.205787064020614147e+09
6.896428461798193865e+06
4.539524767087169923e+06
1.056148469413706334e+04
9.781172026987478603e+03
1.058050674039378646e+04
1.018332520194537938e+04
1.029822843599339831e+04
