4.406540781512285583e+06
1.361844513999481916e+09
7.659640994731640816e+09
4.443035078898388863e+09
2.920439173069679737e+09
1.799788174598867074e+06
2.235557687466518581e+07
9.886818184443232417e+07
1.043815168554939097e+06
2.073998392651510835e+08
1.900104364331420898e+09
9.058824668163928986e+08
1.504264539796952963e+09
1.199245836251502037e+10
1.060167951352870557e+06
7.003980621266334783e+05
6.880776443590109702e+05
7.185103156878477894e+05
7.450971300552628236e+05
1.477758248489897233e+04
1.399462510482338257e+04
1.352386385624058312e+04
1.356787397435572348e+04
1.406252893509290880e+04
1.373135099261134746e+04
1.456043738819609280e+04
