2.243951960791442980e+04
4.524233377524469688e+03
-9.358418272944691125e+02
6.725537101687800139e+06
6.418275957501508296e+06
8.085983251442701556e+06
8.368718916153486352e+05
9.991504205467003630e+05
8.109629251935661305e+05
5.403839753636130691e+07
3.203971177027246449e+06
4.606626696882894263e+06
3.408786373279019026e+05
6.246274188443292223e+04
9.182635982710818644e+04
-1.532221453708573245e+05
2.138445840393079834e+11
1.591592618850087523e+08
2.389901820058332384e+07
3.401205481366132153e+04
3.513185578223736957e+04
3.313527305327859358e+04
