2.161857361700828001e+07
2.878196398920725286e+07
1.394016867240811698e+06
3.463774587875203133e+09
3.451692829423197632e+11
2.186457499863211215e+08
2.175888115872986317e+08
3.298119283513667760e+05
2.721991857417283207e+07
2.548103916239357088e+06
2.469462858332528546e+07
3.341488236826212406e+08
1.832937731649153233e+08
2.830064004169690888e+05
2.324748778259410477e+10
3.611172809435128212e+09
3.245306457477511140e+04
3.494923726307111792e+04
3.364269643844143138e+04
3.241739500876510283e+04
3.509103544763920945e+04
