6.640481220052795485e+06
4.758713936299684457e+06
7.532820784132548608e+06
2.399155790850660997e+05
3.368660340120803565e+06
2.414790792463052273e+07
1.802155840536161065e+08
3.686724315128601789e+08
9.125378988144047558e+06
4.165525989645282924e+07
3.896852685668164492e+07
1.414810366150481462e+09
8.013478035666571617e+09
7.484624542793536093e+05
1.513068916965401769e+08
2.576861431241268539e+10
3.622073494135817979e+06
2.249306542984930801e+10
9.940987466061365558e+04
1.017672252546743257e+05
1.045528122601441573e+05
