1.232127538545437419e+05
1.133412895061112795e+05
1.138880856324187771e+05
1.030835764794413844e+05
1.566359157060911320e+07
5.532297422823361307e+07
1.564819988781061955e+07
3.624255930497787595e+08
1.907313856054655612e+08
1.286573594108595550e+08
3.602296772188838571e+06
8.257810566840796964e+05
7.477939155566442013e+07
-5.332781721495818056e+04
5.883634504580113571e+05
1.770614084956403255e+09
1.217645613950386178e+05
-1.126499523716313764e+06
1.229685327002841514e+05
3.501560853048413992e+04
