1.734598402602011629e+05
1.807046610362040810e+05
1.747707344242817489e+05
1.540877501802673796e+05
4.958963182671784307e+05
5.212057635532715940e+05
2.429199767969910987e+06
5.669761748088129098e+05
9.583709422329599380e+09
1.126024622044497542e+07
1.525978940917377826e+06
4.408322839119658805e+06
2.505642078193714842e+06
4.744112963697474599e+08
5.210646922052419186e+07
5.808105510374320671e+06
2.409757540711582825e+07
1.172821943599941023e+07
1.157251653593202122e+07
1.203340063415189460e+07
-1.135303462024317123e+05
4.374899658051542193e+07
2.094153061560883746e+07
1.690670896161356449e+09
1.809926553506943164e+06
2.240420123687962815e+07
9.933460061166720390e+08
3.656033303816132247e+07
