4.174977990736065549e+05
4.047615207239186857e+05
5.343886772474662401e+06
6.070994541278707795e+06
6.217244487446065061e+06
4.148574100545817055e+06
9.083258632667970378e+05
2.303583386313276365e+06
2.255168553973522037e+07
9.155236987981759012e+06
2.351317677010683343e+06
6.507009698494840413e+05
2.620196273308359385e+08
7.448438892685041763e+06
6.460968874679908622e+05
-3.526119239666024223e+05
6.758194379631993361e+05
4.906821287738909596e+05
-3.021254000278881867e+05
3.656953354049810441e+05
