1.286369495457038283e+02
-6.218286566774855601e+03
-8.069760634181846399e+03
-9.008206794910071039e+03
-9.265799085405473306e+03
-1.061764018891564410e+04
-1.629045564764509982e+04
-1.497448262689203693e+04
-1.451080256844106043e+04
-1.497814740573569725e+04
-2.174225906849842431e+04
-2.087417244331966867e+04
-2.150048359051108491e+04
-2.510542976685350732e+04
-2.341170333613184994e+04
-2.552272813308633340e+04
-2.862087943018626538e+04
-2.639319117134271801e+04
-2.636069791622510820e+04
-2.619772462780128262e+04
-4.470364166824679705e+04
5.416009337621485611e+04
9.381508738041778561e+05
1.260334507033883827e+06
4.182390190160384774e+08
6.403951955217214301e+06
1.162394605532722324e+08
1.729189387836279869e+09
1.217132472830932122e+06
3.781044714666618966e+06
6.651572142680250108e+05
6.901577401354057947e+05
6.896456058726232732e+05
1.990290640567908296e+06
9.778834985837967834e+05
9.004388094471071381e+05
1.229924197737618582e+06
9.087714119756155415e+05
-1.821147722646361217e+03
-1.794756344289577100e+03
-1.825647121837799205e+03
-1.822438979290862335e+03
-1.829253161380707752e+03
-1.824789186366135255e+03
-1.829039959759189514e+03
