-5.189301844020155841e+02
-4.556701732201734558e+03
-6.590885100153609528e+03
-1.217465589278826519e+04
-1.023327226413966855e+04
-1.442980076081902371e+04
-2.202249251380746136e+04
-2.212761143903851189e+04
-1.995749500451593485e+04
-2.041894603503031976e+04
-2.699805599006095872e+04
-2.645154325965692260e+04
-2.620702271656015728e+04
-2.331462357623486241e+04
-2.446591977312207382e+04
-2.850524479578275714e+04
-3.025968147847651198e+04
-2.956706632456933585e+04
-2.908301677264400860e+04
-3.773059350784459093e+04
-3.098547354113311667e+04
-1.637084966117825388e+04
-3.717322399314252834e+04
1.926734112927854527e+06
8.776098848759826506e+05
4.638510472924609669e+06
2.000905705293280631e+07
3.352649347481404431e+06
2.466858128447042033e+07
6.614368590356134810e+06
2.260421488214053214e+07
2.283957445838881284e+07
-1.634372554970323108e+03
-1.632621443467214704e+03
-1.612504522656876361e+03
-1.620105099529639119e+03
-1.600604164632095490e+03
-1.628098007617169060e+03
-1.622464827234041877e+03
-1.622182403962040553e+03
-1.608519749626051635e+03
-1.632007092179759638e+03
-1.614765440153336385e+03
-1.619140607535955496e+03
