-9.409010749423614470e+02
-2.883550625241408852e+03
-8.364062399755293882e+03
-1.720755859885738028e+04
-2.340657808648350692e+04
-2.752912421762291706e+04
-1.883766918208097559e+04
-2.573175605968392847e+04
-3.083432230633444851e+04
1.754467821132722311e+06
3.673809696431729943e+06
3.415479122255255934e+06
2.506789926294139028e+07
1.343991681004913710e+07
2.646817087116012350e+07
3.693570675351468474e+07
3.470606846601521969e+07
1.662951239367699483e+06
5.097726791258594021e+05
2.567394099495090544e+07
5.601679345735266060e+07
2.567573653226362228e+09
3.174269372814556360e+08
8.034260038426994324e+09
3.903352232139125466e+08
2.106588396224401474e+09
4.135197470707376099e+10
1.093370333014701121e+07
6.296007510368139483e+06
2.391169088391349092e+07
2.912258961907264218e+07
2.520068974957215134e+06
8.419078449757107301e+05
9.003761875538608059e+06
-1.567655541746760719e+03
-1.568443100646312814e+03
-1.563708997609675862e+03
-1.538542758713912917e+03
-1.553316671809385298e+03
-1.576757665702170925e+03
