5.311888746644399362e+02
-4.567274972745730338e+03
-1.234207208783386523e+04
-1.930385021102509563e+04
-1.470758901971679734e+04
-2.134283823217169993e+04
-2.508414751448054449e+04
-2.363878708079500211e+04
-2.808389296889178877e+04
-2.869764149022219863e+04
-2.936506571292438093e+04
-6.049615665398188139e+04
-5.892285671987237583e+04
2.838427755966577306e+07
6.548051332612585276e+07
8.609443543683497235e+06
1.577504118304888248e+09
1.011370209262909293e+08
9.394267765008288622e+07
3.457735509791004006e+05
7.470142827830893993e+08
6.546837885339283198e+07
-1.876338194306535588e+05
4.818608592958316952e+07
1.375551754289989173e+07
7.192646523596628189e+09
6.382463607738304901e+10
8.703138771722044945e+08
9.089411752674969612e+05
2.668661345896935463e+08
5.565398440804891288e+07
1.201357042961069383e+07
2.338539586987840757e+07
2.026802822076001205e+06
4.170519254560778141e+09
1.272380417867289856e+07
4.934544926235814579e+06
1.400629674863582850e+07
4.988313595462483354e+06
-9.772565172977629118e+02
-9.071304952943173703e+02
-9.099496356596355326e+02
-8.856545161103713326e+02
-9.447762735054129735e+02
-9.129458763178263325e+02
