2.253757981982198544e+02
-2.160632123486189812e+03
-2.774017431317013688e+03
-2.035296418959114817e+03
-5.273598190048964170e+03
-1.182106220385633060e+04
-1.484148396553358907e+04
-1.293078401658830262e+04
-1.239317322706410778e+04
-1.778521778237515537e+04
-1.522064694161266380e+04
-1.412125016302993754e+04
-1.611321179471434152e+04
-1.655616290490711981e+04
-1.692180402755945397e+04
-1.666062154193165770e+04
-1.661495808699843474e+04
-1.611996641297741735e+04
-2.069898580462759128e+04
-2.044642259027340333e+04
-2.057239779820179683e+04
-2.024520887259303709e+04
-2.222341523002064787e+04
-1.861635799314177711e+04
-1.967162089806917356e+04
-1.960089806388670695e+04
-6.203420894863083959e+02
-5.903462158343754709e+02
-6.959965124220761936e+02
-6.383586040372611023e+02
-5.827204882859077770e+02
-5.855454306144092698e+02
-4.716267429932777304e+02
-6.391880004609702155e+02
-6.760481565585359931e+02
-7.015424750249367207e+02
-5.978078396597120445e+02
