8.110400384690656210e+02
-6.985806182257147157e+02
-8.440485672811595578e+03
-1.086973975713757682e+04
-1.352985004270320132e+04
-1.366507685295329065e+04
-1.177979401651610897e+04
-1.399056495180909042e+04
-1.462573836845577898e+04
-2.056531531620341775e+04
-2.478210937164041388e+04
-2.589420782010736730e+04
2.162649551506691932e+04
2.293613949799244438e+04
1.721670271131487971e+04
1.171809311073535495e+07
1.277776640844460810e+06
4.238925546251110840e+10
2.380135876623808581e+05
4.703187599206123501e+07
8.070318707238847855e+05
1.221745692739343643e+07
4.052272893349990249e+07
8.449954484984826297e+06
1.225486138848510385e+07
1.222981115300017968e+07
3.751833789929121733e+07
4.044998538894905709e+06
3.298684409276083112e+08
1.003682934907824546e+08
1.682778275801399723e+07
3.441289877854549140e+07
1.012670129230861515e+08
-9.836671520227973815e+02
-8.728844217789592221e+02
-9.359905620261561126e+02
-9.453081285090011079e+02
-9.266497602172894403e+02
-9.020720567856915295e+02
-9.507644075260905083e+02
-9.035314591212372761e+02
