-6.786113348558865255e+01
-1.342085758702072781e+03
9.559703363638473093e+02
-3.579387067503885191e+03
-6.327297864291671431e+03
-6.222424632309041044e+03
-7.249714279833766341e+03
-4.337439405736811750e+03
-8.940525995388059528e+03
-7.695074853926918877e+03
-1.425395318555775157e+04
-1.534709741574675718e+04
-1.295599710312021489e+04
-1.231330764185282897e+04
-1.766258245258947136e+04
-1.415747555972757982e+04
-1.674255766657949425e+04
-1.525587194686336443e+04
-1.430568494999104587e+04
-1.305197781689908152e+04
-1.583192479040553735e+04
-1.184353302208449895e+04
-1.496410061755627248e+04
-1.296206971292000526e+04
-1.850909366077656159e+04
-2.253469826826298959e+04
-1.822029571267252322e+04
-2.150329988660709932e+04
-2.378201515092852060e+04
-2.034188725354243070e+04
-2.040841106766418670e+04
-1.942838604176708031e+04
-2.561766041230293922e+02
-2.504225103221833706e+02
-2.586906533085857518e+02
-4.284404272556130309e+02
-4.350664507532783318e+02
-3.536920056431263220e+02
-3.044816932442190591e+02
-3.867953647357353475e+02
-2.945039237797900569e+02
-3.896223652386688627e+02
-2.478648393647745252e+02
-3.653138337505224627e+02
-2.557406207692401949e+02
-3.127185842890175991e+02
-3.446857366084586829e+02
