1.546765916914548143e+03
-3.681631341128038912e+03
-1.383769411570463126e+04
-1.594146502869691903e+04
-2.113901498896160047e+04
-2.216594436119445891e+04
-1.849630077222805267e+04
-2.405357395076139073e+04
-2.420166487372931806e+04
-2.225925592398943263e+04
-2.663446121874228629e+04
-2.692662740121204115e+04
-3.058043072918156031e+04
-7.788086047517944826e+04
-6.978354142452744418e+04
1.877767222876636124e+10
2.258339214426566323e+05
3.968384392534592152e+08
4.421391665275363326e+08
5.697912995298477262e+07
8.670813624897153854e+09
4.329926798003941178e+08
1.205810651733136773e+08
1.197702539283131063e+08
7.291880999304607511e+07
2.450118888294106815e+06
5.523765295646149665e+06
2.404088553329310846e+06
2.156258993922459427e+06
2.111317088299985975e+06
-1.548553656555013731e+02
-2.125905079504882451e+02
-1.401589568767230958e+02
-1.117839916802477092e+02
-7.425642645845073275e+01
-1.145223426873271819e+02
-1.856540703223727178e+02
-8.336994198037427850e+01
