2.737572890183429990e+03
2.170004491454434174e+03
1.549731560999345675e+03
-3.423678033770127513e+03
-7.444341452376102097e+01
-3.698358956443495117e+03
-2.696251016805508698e+03
-3.520674816661987279e+03
-2.439384845644010056e+03
-2.956738539751233475e+03
-2.976101992605828855e+03
-8.948855493593779102e+03
-8.615172961324758944e+03
-8.387098218111408642e+03
-7.545459361786080990e+03
-1.243818828863110684e+04
-1.822053843131251051e+04
-1.264643724687282520e+04
-1.730047714069238282e+04
-1.401462996379760443e+04
-1.434158276536376798e+04
-1.975389836543318233e+04
-1.409431686762842583e+04
-1.842969970161002129e+04
-1.817882604841524153e+04
-1.989541138045248226e+04
-1.727820783306143130e+04
-1.933087865130492719e+04
1.382576919266371988e+03
1.479322039027523715e+03
1.510397803044703323e+03
1.459704808399634203e+03
1.379989582219015574e+03
1.607696362324379152e+03
1.678816992484207731e+03
1.427673341815447202e+03
