5.054553692812725785e+03
5.158878126249866909e+03
4.437181712354940828e+03
4.681014258654409787e+03
3.301801695763162570e+03
1.263377053714706562e+03
-1.979530579455531552e+03
-3.449767198083209223e+03
-6.877775418800672924e+03
-5.598585970307962270e+03
-7.918234144480469695e+03
-6.655315411760617280e+03
-4.192117042716105061e+03
-9.638911761497598491e+03
-6.920330516822614300e+03
-7.477519933554656745e+03
-6.959925022062474454e+03
-1.211357609497892554e+04
-1.183304437099481584e+04
-1.443369943929770670e+04
-1.220639216952335846e+04
-1.109766344482520071e+04
-1.036797281536446826e+04
-1.675453399515789351e+04
-1.609313194348942488e+04
-1.227752758855614229e+04
-1.293764098564701271e+04
-1.580834829971462023e+04
-1.437511954239811166e+04
-1.495558904303133022e+04
-9.987008464577636914e+03
-1.138688172630759072e+04
-1.524378842430902296e+04
3.729848983417759882e+03
3.722941941640077857e+03
4.181291522944113240e+03
3.961249551968270680e+03
4.006223045064398320e+03
3.754316997981746681e+03
4.091534647756168852e+03
3.654978627393837087e+03
3.761645377010805532e+03
3.829618393397657201e+03
3.689016453896794701e+03
3.735105286093603354e+03
3.840018802863662131e+03
3.735946695764170727e+03
