3.008187091595427773e+03
4.129373219722467184e+03
2.008000960835634032e+02
-3.542689050886743644e+03
-4.549364924309593334e+03
-6.477639769268069358e+03
-7.863135342393223254e+03
-1.192113722093551041e+04
-1.034411220643472188e+04
-8.582808614686946385e+03
-8.625995616688363953e+03
-1.059609464648133144e+04
-1.473773271116671094e+04
-1.517716892816953623e+04
-1.496350082535654656e+04
-1.922578885099262698e+04
-1.654769030836127058e+04
-1.963049813251961314e+04
-2.079857607790302427e+04
-2.072160075899482763e+04
-2.438672567868001352e+04
-7.067392343748797430e+02
-2.603285727830013639e+04
3.886957741177000571e+03
-3.927155452442978276e+04
-5.551533140921001905e+04
-2.872326365543054999e+04
3.812831222489272477e+03
3.400104889105277834e+03
3.603696499983605463e+03
3.780024081656098133e+03
3.642091204415686661e+03
3.466470956526463851e+03
3.458578148352331482e+03
3.299963120046828408e+03
3.795531117957609240e+03
