3.126445518639331567e+03
5.195317887313882238e+03
-1.000645292531749874e+03
-4.042855028957201284e+02
2.083923667002287402e+03
-9.090982216024422087e+02
-4.914106596817102400e+03
-4.547577224864580785e+03
-6.868443628445391369e+03
-6.217486272096844914e+03
-1.141378831700351293e+04
-1.256512981119700999e+04
-1.204763146398143726e+04
-1.462238035500393016e+04
-1.911802159093268710e+04
-1.989508625257029053e+04
-1.873863277811995067e+04
-2.143476454228625516e+04
-2.348814762203599093e+04
-1.917241855503468105e+04
-2.171810287826662534e+04
-1.910754542105472501e+04
-2.490798683088883990e+04
-2.466254673971392185e+04
3.423290890207541088e+04
-2.550374887676253275e+04
1.214767726617220760e+05
-1.279820313639163214e+04
-1.314368607387899829e+03
-2.481259378856013791e+04
-3.241829940394927689e+03
-1.572393208858459548e+04
4.835080952119528956e+04
2.936056316522751149e+04
-1.296064503031937056e+04
1.081889976983167697e+06
4.426490667173814029e+06
1.578911343491239939e+06
2.117049928552920464e+06
3.966738216910544783e+06
1.768994941710575297e+07
1.478378424138228875e+06
3.776544568142690510e+07
5.421974482822057325e+03
5.520310338475595927e+03
5.506680818685679697e+03
5.368306259377364768e+03
5.162748843812994892e+03
5.099264531173219439e+03
5.120748707357503008e+03
5.352519888260663720e+03
4.886542282019567210e+03
5.415089442592550768e+03
5.311071696528902976e+03
4.895978265734127490e+03
5.439920068113744492e+03
