6.150826054886929342e+03
6.708405779638858803e+03
5.235184758593226434e+03
4.454752594935387606e+03
4.796081913039030042e+03
1.319455158507138549e+03
2.684938524059951305e+03
-6.190840882513264660e+03
-4.410835409775216249e+03
-4.652099558306588733e+03
-3.095156716870696982e+03
-9.180696152204982354e+02
-5.794459470110821712e+03
-9.770157410300853371e+03
-9.758513694813045731e+03
-9.926054716846701922e+03
-5.815189552238727629e+03
-1.576536884872331575e+04
-1.583086259698681533e+04
-1.366033184599909873e+04
-1.561020722637165454e+04
-1.420132995649715303e+04
-1.458871999294433044e+04
-1.209465534645839944e+04
-1.237604809593132813e+04
-1.268931447918017511e+04
-1.337256593611268909e+04
-1.820226819514829549e+04
-1.534135437368738349e+04
-1.718341690138724516e+04
-1.836726263273405493e+04
-1.738772857277406729e+04
-1.518388593624022906e+04
-1.850832316620534402e+04
5.257088809396955185e+03
5.774149629747786094e+03
5.545793072554719402e+03
5.730496977061178768e+03
5.449016126754286233e+03
5.040078992120950716e+03
5.052707124757347628e+03
5.651897577089228434e+03
5.350733265516639221e+03
