7.374639579938651877e+03
8.702419046965944290e+03
6.811377614379751321e+03
2.893958933764464746e+03
1.475960393964400282e+03
4.813432815544067125e+03
1.941825575493363431e+03
2.443679360838890716e+03
3.660972791682936077e+03
7.702134641376251238e+02
-4.394093108322267653e+03
-3.517043177553176065e+03
-7.249927087189083977e+03
-5.122506638094455411e+03
-7.911751592065455043e+03
-9.410732029817962029e+03
-1.051934576247753284e+04
-1.069742733840178698e+04
-7.552603457487894048e+03
-1.147609001551603433e+04
-7.233474687202753557e+03
-1.484524108566631185e+04
-1.215666693883687549e+04
-1.380473515905322711e+04
1.520686676285113208e+02
-1.841305198372720042e+04
-1.990887908187571156e+04
-1.588353693951046444e+04
8.292573803588471492e+03
-1.903414966126573563e+04
-1.978263147435084102e+04
-2.868968939118567505e+03
-2.518951728657585045e+04
-2.867855072566136369e+04
-2.740571663667244138e+04
-3.022374429800393409e+04
-2.864704628205212066e+04
-2.373876265686104307e+04
-2.604246596562629566e+04
-2.018915988215943798e+04
9.756324874488054775e+02
6.981159426337428158e+03
7.032950990565703250e+03
7.510670979245158378e+03
7.910959723406791454e+03
