1.190636710857963772e+04
1.058208039684713003e+04
5.567789742458087858e+03
4.444432222331561206e+03
-1.597149470240663504e+03
2.369266450261740829e+03
-7.272894330180512043e+03
-3.347456192486220971e+03
-3.867416186395843397e+03
-3.830357934593390382e+03
-6.301533742975043424e+03
-9.293490944470075192e+03
-9.290263240911670437e+03
-7.366063854910236842e+03
-9.736698541796293284e+03
-1.242066753612178582e+04
-2.132435089515789878e+04
-1.636253149993710394e+04
-5.766632164633606590e+04
-2.889053621623463550e+04
-1.829070211389164615e+04
-1.968314600786913070e+04
-4.085841597494683811e+04
-4.740839352725981735e+04
-1.801130034177878406e+04
-7.236514899726460862e+04
-8.015637106339272577e+04
-8.291847021496498201e+04
-6.312019570651388494e+04
-7.011110155157232657e+04
-6.205901953115909419e+04
-4.389845518174675817e+04
1.075714803973966627e+04
1.056051443865874899e+04
9.804951259672146989e+03
9.945194752615789184e+03
1.018312993095218553e+04
1.054396571562069585e+04
1.001034845773386769e+04
1.079693722962521133e+04
1.069689176011434756e+04
