2.051685174717912014e+04
2.044317036369388370e+04
1.724236836076009058e+04
1.468800345932114578e+04
1.610784087427033228e+04
1.140316260657344537e+04
1.351700125041003048e+04
1.520121175444183609e+04
1.649620673320816422e+04
1.029662040856038220e+04
7.757717683053575456e+03
9.547363114745203347e+03
1.144977341808028723e+04
9.249431843422884413e+03
3.964398279008870304e+03
7.145602460726397112e+03
2.761351027443779458e+03
1.475628436687737121e+03
-1.397097329745694879e+03
3.996342759251085226e+03
-1.232005284992352244e+03
-1.442623472689738264e+03
-4.318540089667338179e+03
-2.397757066467878758e+03
-4.168130724048387492e+03
-3.608555610800685827e+02
-2.127483638261328451e+03
-2.419861831251953845e+03
-2.011625621435377980e+03
-2.754378768379392568e+02
-2.214217508185509359e+03
1.839454831206097151e+04
1.280199683556248783e+04
1.567566558530039038e+04
2.144701896177558228e+04
2.161559480895375600e+03
3.109233115634211572e+04
1.846341620718402555e+04
1.927447961800434859e+04
1.946389950584963663e+04
1.905240065804612823e+04
1.895692477070892346e+04
1.866680124222152517e+04
