2.660006663956356351e+04
2.639483815698964463e+04
2.891462808375043096e+04
2.781763766236091033e+04
2.550612655601705774e+04
2.507894309367284586e+04
2.787630658250913257e+04
2.616786007377872011e+04
2.571369493201766454e+04
2.383764165857509943e+04
2.486951023840557900e+04
2.254931961816332478e+04
2.583684461793419905e+04
2.704754930608021095e+04
2.253724194167490350e+04
2.821736753253504867e+04
2.799042826086278365e+04
2.616870878748415271e+04
2.745499332527679508e+04
2.863653336284152465e+04
2.802640692125752685e+04
2.697229845719167497e+04
2.632757562285647145e+04
