3.720426209406034468e+04
3.270628471143916249e+04
3.743176104492315790e+04
3.554651657438882103e+04
3.011642675167699781e+04
3.391436770739270287e+04
3.460423829429765465e+04
3.587576962707113853e+04
2.767168676897138357e+04
2.970280520714342128e+04
3.019539051514191669e+04
2.879681410532933660e+04
2.543759609467703558e+04
2.674717782989183615e+04
2.810739289029076463e+04
2.625465593848597200e+04
2.680730872409039875e+04
2.519321305261715315e+04
2.662821952425639029e+04
2.698054919992078794e+04
2.536823426946948166e+04
2.361094763069041073e+04
2.694178416156361345e+04
2.753433314507137402e+04
3.424822177407389972e+04
3.380431771528761601e+04
3.601048078858156805e+04
3.509916548004877404e+04
3.395914450413739542e+04
3.464570696948876139e+04
3.537253314509682241e+04
3.468277903896284988e+04
3.480651841656980105e+04
3.433383839766972233e+04
3.348594629223493394e+04
3.523662147048566840e+04
