6.261781110395739961e+04
6.058007301531823759e+04
6.059105330431976472e+04
5.875075139605172444e+04
6.061727729278574407e+04
6.036270112544667063e+04
5.685526300414727302e+04
5.772580057788146951e+04
5.784062083063197497e+04
6.084434952526578127e+04
5.645017682145483559e+04
5.880200288183031080e+04
5.920653025559405796e+04
5.695118233071824943e+04
5.282444416485440161e+04
5.318544320319095277e+04
5.526928227356518619e+04
5.539945114135000040e+04
5.419470869833233883e+04
4.984259172832543845e+04
5.225746965573226043e+04
5.266463361180113861e+04
5.027816021161823301e+04
5.134361457219137810e+04
5.234703430204346660e+04
5.122950607405081973e+04
4.998915901529841358e+04
5.089495895033692068e+04
5.899975950966661912e+04
5.942805322386024636e+04
6.146151673626044067e+04
6.042287839426769642e+04
6.209520386228946154e+04
5.847034187707855017e+04
6.241928537047744612e+04
6.298128368045642856e+04
6.268214954741328256e+04
