8.554552110482656281e+04
7.863043965901907359e+04
8.498176970129885012e+04
8.344320646857026441e+04
7.861187942104434478e+04
8.286771392287984781e+04
8.201286919319274602e+04
7.656380091398241348e+04
8.407830836820689728e+04
7.594686731440926087e+04
8.168779150777286850e+04
7.295226884460040310e+04
7.712845273169246502e+04
7.239512170918403717e+04
7.889946402034984203e+04
7.902465446419929503e+04
8.059148259357009374e+04
7.489763853725316585e+04
7.506302706802150351e+04
7.240014692426820693e+04
7.629531874346773839e+04
7.496862277842991170e+04
7.529997212609111739e+04
7.240720266001721029e+04
6.944515697664053005e+04
7.281903262024477590e+04
6.433516095568014134e+04
7.054283394334276090e+04
6.538864636986513506e+04
6.905510974743336556e+04
7.220533328620091197e+04
6.724043086532907910e+04
7.054939041698520305e+04
6.833102089299965883e+04
7.277537920616939664e+04
6.506418455834346241e+04
6.689800796082097804e+04
8.148752395753166638e+04
8.197611998199991649e+04
7.914866738187920419e+04
8.045609773761086399e+04
7.861298408943525283e+04
8.170147553833428537e+04
8.205832532279065344e+04
8.143385342051985208e+04
8.307342463979718741e+04
7.785990884290859685e+04
7.670024622823955724e+04
8.203010763552814024e+04
8.280070538100673002e+04
