1.133780230615323235e+05
1.105863914440569497e+05
1.132688491345646471e+05
1.115002052542338060e+05
1.035354212690441345e+05
1.071434120218107710e+05
9.952817747513393988e+04
1.086652285250143614e+05
1.071284083288730471e+05
1.002476242099662195e+05
1.004743963149825431e+05
1.014372575954002969e+05
9.491841328619740671e+04
1.056258280632560200e+05
1.052114548269357765e+05
9.886001844039777643e+04
1.000479881433156988e+05
9.779320647439005552e+04
9.740179990391613683e+04
1.099156284527967800e+05
1.052686032833521022e+05
1.029446887762523838e+05
1.005183034079455247e+05
1.031481226921823400e+05
1.039967977355088224e+05
1.069755422020893020e+05
1.059798547084032325e+05
1.010137580638488871e+05
1.091003096629610809e+05
1.093585031462986663e+05
1.036093523980884056e+05
1.007976184326953662e+05
1.006570044769038213e+05
