3.260304435323973885e+05
3.101457592073859414e+05
3.333146482946113101e+05
3.129809569938120549e+05
3.180350631387713365e+05
3.086118284959726152e+05
3.146332713197678677e+05
3.149987174142514705e+05
3.202448554219108773e+05
3.284055764408949763e+05
3.227486367755627725e+05
3.253619605372730293e+05
3.245835912728464464e+05
3.029341853584829369e+05
3.301907941000021528e+05
3.307878879217550275e+05
3.254920057515520602e+05
3.087912953696777113e+05
3.109793630990004167e+05
3.317894114310264122e+05
3.270203444842007593e+05
3.178533372611305676e+05
3.087674387718274957e+05
3.186594725483373622e+05
3.308349746244291309e+05
3.298062266625154880e+05
3.037919873475083150e+05
3.044562217217753641e+05
3.044105453358255909e+05
3.059140277136094519e+05
3.164610647580856457e+05
3.104325192790257279e+05
3.032710946379275410e+05
2.990091424767408753e+05
3.278608851942544570e+05
3.029248148526625591e+05
3.134312042217798880e+05
3.228264023812637315e+05
3.052200049135027803e+05
3.018670281026678858e+05
3.241508487803190947e+05
3.115593268062759889e+05
3.295878909470623475e+05
3.082226575800101855e+05
