3.193291933056798298e+05
3.303984130353254150e+05
3.246714917298817891e+05
3.056813854001343134e+05
3.193324142253033351e+05
3.111411646301948931e+05
3.345094726085970178e+05
3.353986578304213472e+05
3.091230964206263307e+05
3.070418442835853784e+05
3.288171059922210989e+05
3.144019212530140067e+05
3.162965494423526106e+05
3.207338780513430247e+05
3.069349817310619401e+05
3.153739293154666666e+05
3.358942150750741712e+05
3.050981368593642255e+05
3.169289282167679630e+05
3.082323112884663278e+05
