-3.669396973886596970e+04
-3.947201014753747586e+04
-4.037709539202965971e+04
-4.088112776569709240e+04
5.049396634254764020e+07
6.255525061385512352e+06
6.443430116739852354e+06
6.256036516109937802e+06
5.792963715554867685e+07
1.462914339603012055e+07
1.000945811990074515e+08
5.858159540261774324e+06
7.545249534003913403e+06
1.363380650404324532e+08
3.364575756955919787e+06
2.869175977987836581e+06
5.939925748573985882e+06
6.008168036335027777e+06
5.943370635707606561e+06
5.976878952851032838e+06
6.006808645244179294e+06
5.895597171366011724e+06
1.072699543137889038e+12
8.375188158217525635e+11
1.094519758877733032e+12
1.708186068726260254e+12
4.899796722563607618e+06
4.831691629683945328e+06
4.879377536802857183e+06
4.824896926728924736e+06
4.894670691269602627e+06
4.793625827539755963e+06
4.834301062936861999e+06
-1.820574257883592509e+03
-1.829099031735589961e+03
-1.829891423025255790e+03
-1.819752299832791323e+03
-1.820615741671063006e+03
-1.822373671273497166e+03
-1.827210554901714204e+03
-1.836564785352093168e+03
-1.819299836604943266e+03
-1.819592857020033989e+03
-1.831822019852756057e+03
