-3.699307420302275568e+04
-3.763162053105790983e+04
-3.796985308657542919e+04
-3.868713425439441926e+04
2.721740911835912848e+05
2.731307936181367841e+05
4.502361035794989020e+07
3.552723326576895142e+10
4.988770175320333862e+10
5.305182711570252991e+10
4.225973282053627014e+10
1.716311080960302614e+06
1.730629896834676387e+06
1.734722882234058576e+06
1.760184917666004272e+06
2.252783797466682494e+08
2.341308746339099705e+08
2.205339777164300680e+08
2.324996064782626331e+08
2.191238056386325359e+08
2.271739533106563389e+08
2.317483351127665043e+08
1.531788184237309098e+08
1.530430619599269927e+08
1.537227554396502674e+08
1.519019924979377091e+08
1.554521317414076924e+08
8.078420239276008606e+08
6.316673566484049559e+08
7.556428729208399057e+08
7.910139862200509310e+08
1.343650393210018519e+06
1.345858648330227006e+06
1.328167298467053333e+06
1.342414582455329364e+06
-1.826838621742004761e+03
-1.821094663489813684e+03
-1.830085326160740806e+03
-1.830058277591626393e+03
-1.822561166797793703e+03
-1.817271414962306153e+03
