-3.747756701208997401e+04
5.812534530609447956e+08
6.313311256856941432e+07
1.146550834183724880e+09
4.324282708544337273e+09
5.981593352729542255e+08
2.756574474921723604e+08
6.242984858401162550e+06
6.169039695122055709e+06
2.214817224141920567e+09
2.457142489488811016e+09
2.422152577795394421e+09
3.711730027637609482e+09
3.655432547796860695e+09
3.504073454756012440e+09
1.436182204823427429e+11
4.728020746473958008e+12
1.384118717294070435e+11
6.891665501734768867e+09
2.050900338298998642e+10
1.356516479651578069e+08
1.302681944026224315e+08
1.226064632750140429e+08
5.828563177819696814e+07
5.913467477077239007e+07
6.279616645085752755e+07
5.887458248068763316e+07
6.131329558830036223e+07
6.283070069394559413e+07
5.888129009200902283e+07
5.990288805801758170e+07
5.741817804875075072e+07
-1.671982214413903421e+03
-1.658574378624907695e+03
-1.663653884205035865e+03
-1.677868694969569333e+03
-1.683992348397267051e+03
-1.666123822237277636e+03
-1.664800848478829721e+03
-1.690190971330564935e+03
-1.664683163606037851e+03
