-3.655980138113650173e+04
-3.779453708368004300e+04
-3.889506185580730380e+04
-3.930603420625456056e+04
-3.976100552842127945e+04
-4.020567271903964865e+04
3.265006824887254238e+08
3.478047713099614978e+08
4.453645872567874193e+08
7.901044649379147589e+07
7.982328910193912685e+07
7.561288244191001356e+07
7.512900105360959470e+07
1.906788731990036392e+10
1.259574528644969559e+10
2.011848792725191917e+06
1.996710494411405642e+06
6.612720634152319282e+07
7.359149934656296670e+07
7.209844322271853685e+07
5.421181801405891776e+07
3.691903849580658227e+07
3.591903248040224612e+07
3.575574927150058001e+07
3.591663131240551919e+07
3.873751943595876219e+05
3.899108511782722198e+05
8.850714731960903000e+15
8.510395445890616211e+12
7.044238443879662109e+12
5.661449802885298438e+13
-1.659222387400543084e+03
-1.679264522030600347e+03
-1.681561870379606262e+03
-1.666666232140705688e+03
