-3.700534137584525888e+04
-3.799934047556518635e+04
-3.879867610526594217e+04
-3.925584342544225365e+04
2.443592276352660265e+06
1.264871605616956949e+06
2.401413953888250515e+06
6.891904104183791578e+07
2.467432749890388176e+07
1.161484904876690358e+08
3.567327855139584541e+08
3.281548868517374992e+08
2.397633533075413201e+06
2.861798080254856497e+06
9.903030429461026564e+06
1.030342010605764017e+07
1.053610448533872515e+07
1.016993458600114286e+07
4.626247836404989660e+07
5.034868137838423997e+07
5.066649080902238935e+07
8.758312082970090210e+07
8.770817846780854464e+07
8.767490459156350791e+07
8.763915670521074533e+07
6.063425225873375894e+04
4.532529556073377898e+04
1.983606789374772052e+04
1.743015728376413463e+05
1.733440286404078652e+05
1.715879276853341435e+05
1.642998451927134884e+05
1.662853221273468225e+05
1.749904956561967265e+05
1.754463377018655883e+05
-1.205968654357042396e+03
-1.220995857760251965e+03
-1.252026087072590599e+03
-1.186563856028515147e+03
-1.228285261399345472e+03
-1.195879687956883572e+03
-1.216180390894121956e+03
-1.241805829923425335e+03
-1.228274314510490512e+03
