8.564507571224366188e+09
1.019908158576518631e+10
2.296333819892744999e+06
6.784036946725055575e+07
2.611585827643417288e+05
4.946448037725530448e+05
5.285137155566236470e+05
1.164414434896972030e+07
8.136110554727863073e+08
6.744666589904578924e+08
8.175809036700685024e+08
4.977071544756528456e+05
7.951041456360661425e+06
6.877340332777545787e+06
6.921462704665791243e+06
7.339245658302712254e+06
1.541451937385622645e+06
1.471864395608239574e+06
1.443330472479793942e+06
1.508554502417744603e+06
1.523015641651969170e+06
1.076820738003082387e+07
1.962009288199242437e+06
8.473354909736581612e+04
5.531620158307695528e+05
5.593655584397022612e+05
5.821431709736558842e+05
5.476224465422566282e+05
5.066918060375716304e+05
1.246597341904167645e+07
1.463202840591509247e+10
2.862095625654272735e+05
-8.336411579498443461e+04
3.840410674669656903e+06
2.747695778873875970e+05
-7.636572299822840432e+04
4.996807153563551903e+08
3.402132299654697656e+13
3.907656104184393189e+04
-1.422616880726418458e+02
-1.319055315443547443e+02
-1.127863359636394307e+02
-1.944930779114656616e+02
-1.274865960718598217e+02
-2.670251164348446764e+02
-9.588661086460342631e+01
-1.022490185929054860e+02
-1.595987485573568847e+02
-2.293000770761282183e+02
-1.400918054626090452e+02
