1.260283104829006456e+07
1.314370130733849667e+07
1.345030182618950494e+07
3.747297717654046416e+07
3.379602121664858609e+07
1.722464477980053052e+07
1.781929783243494481e+07
1.633764503354316577e+07
5.478755894654380530e+07
1.297073808078656439e+06
1.937030196252752304e+10
1.010071753676549643e+08
2.251389452718973916e+05
5.911865081041781250e+12
1.384553230896540172e+07
8.972434642292146683e+08
5.000043366261929041e+05
5.224055069428060087e+05
4.809893898469911073e+05
4.941263048887637560e+05
5.246063265820840606e+05
7.105878785281236283e+06
7.180522613403866068e+06
7.551657667378303595e+06
1.601299266206145287e+06
1.489250284091073554e+06
1.632866455959432758e+06
1.514213833900897298e+06
9.583287687135215849e+06
1.191269798885071278e+07
8.438388050099192187e+06
2.311106938652545929e+10
1.011174234421256828e+10
1.282177224499671534e+07
5.296396847326116404e+05
5.767083577124438016e+05
5.516260234482518863e+05
5.799600789526476292e+05
5.380588955983711639e+05
5.120116109446781338e+05
5.114503807862910326e+05
5.419010033899288392e+05
5.675865704782067332e+05
5.375401231804011622e+05
5.128220563813094795e+07
9.088987959297280273e+11
1.693781730224656372e+11
5.328572563984760046e+08
1.444280343562313232e+11
8.618281283913063817e+03
1.113607530109291431e+06
1.587568604141311534e+07
1.789796371003525704e+07
1.534342139251993038e+07
-2.726012471437861677e+02
-9.552913848304888234e+01
-2.501451502281997818e+02
-1.712766271164000500e+02
-1.687005207273759879e+02
-2.764953549167548772e+02
-2.760622340118279681e+02
-9.950547765445662662e+01
-2.600972000948968343e+02
-2.316411488821613602e+02
