-3.669488352241021494e+04
4.282703239704333246e+07
5.852921558350087702e+07
4.234158057157445699e+07
8.633898806653505191e+06
3.458702064992529154e+08
1.475460350502360845e+06
1.499598048307350837e+06
1.579316825643931748e+06
1.335352375374612212e+07
1.659617631042313948e+07
2.474894681977592781e+07
2.947166404147073627e+07
5.665554174790759571e+06
5.882341697615670972e+06
7.616582248856451362e+06
1.315866222207421809e+07
1.791577313727711514e+07
1.572263378927782550e+07
1.136690953093064874e+08
5.785557226118224859e+07
3.565565793160662055e+07
3.554374576731930971e+08
8.496658069249860942e+07
4.300536369143667631e+06
5.009488892807126045e+06
4.012568760386694223e+06
4.642809427926168777e+06
4.187054046690365765e+06
5.469455583957698196e+06
5.528286400841730647e+06
5.204677380578700453e+06
2.140372574004325569e+08
3.668846518664080650e+07
3.832727714766512066e+07
1.903582771057731211e+08
2.933776768791601062e+07
1.008377991774700284e+08
2.232003651749287173e+07
1.580037396884237789e+07
2.275232372078349814e+07
3.790908632514183410e+02
3.046056782561936416e+02
3.023375246245705057e+02
4.646345624474924989e+02
3.647040437027171720e+02
3.623855967989074998e+02
