-2.697219497533745380e+04
-2.792717001415577397e+04
-2.843720848854682845e+04
-2.848854274936296861e+04
-2.984339487211684900e+04
-3.114491423083850532e+04
2.479016715046832561e+09
1.362951809572297381e+06
1.025823460948348744e+06
1.058005726658479543e+06
2.107397850731827497e+09
3.784465655846306152e+11
1.917259226612094045e+07
7.117112025351434015e+06
1.272179837011567084e+06
1.398623819785376545e+06
1.268430879682793980e+06
1.508481639611446299e+06
1.561426713517149445e+06
1.445081284492561826e+06
1.429462910607344471e+06
2.200929682737243921e+07
7.182753622835273854e+06
3.156826440966377035e+07
7.346595065649800934e+06
4.723915586933978647e+07
3.471580865187100321e+07
1.475627924730245396e+07
1.224795619028879143e+07
1.417295001423731446e+07
5.979310351302211639e+05
4.985202444939798443e+05
5.093919098417674541e+05
7.346742166929296218e+03
6.877525670102651929e+03
7.428228044032788603e+03
6.939064624805934727e+03
7.463652746046107495e+03
7.345866524752666010e+03
6.962393730973999482e+03
7.124674989443999948e+03
