-2.502554293528060953e+04
4.307151187818209641e+06
8.425706290262242317e+09
7.936308575269554853e+08
8.001978056924420409e+06
6.052624747545475513e+07
3.273269565772162285e+06
1.921000020273151172e+13
1.260229852253606077e+06
6.370948449922191212e+05
2.169209116526375583e+05
4.076421831571553485e+05
1.120356465077763796e+07
6.028821610672590733e+08
1.510342526514790356e+08
5.815803267857540846e+08
2.284047042832504958e+06
3.739430551943156242e+09
4.319220273087427500e+15
5.078570251412381744e+10
6.018963359677299500e+09
8.266433759382016659e+08
1.675744542520969547e+07
5.035863617248443887e+06
4.385818127604160458e+06
4.910301999711169861e+06
5.242448043873580173e+06
5.887278337685105391e+06
4.734753779243321158e+06
8.230210548151295166e+11
3.346869226887569809e+10
1.695202030506118584e+10
1.004932251269267500e+14
1.267924378123629761e+11
2.077905699001275539e+09
2.209470812843043804e+09
4.803367978094262123e+09
1.099764327571479988e+10
2.622731405618949793e+05
2.760029958842877531e+05
2.824396257686894387e+05
4.281187671674716403e+05
1.992266495781100239e+05
4.108328800719798310e+05
4.345806336800186546e+05
1.985388726020371250e+05
1.081757884878615732e+04
1.042137406802989426e+04
1.048048758489819011e+04
9.913978773925919086e+03
1.040762929304328281e+04
1.026417306207417278e+04
1.066755276628481806e+04
1.057873066310290596e+04
1.019245507876295596e+04
1.048920498203558964e+04
9.721471184136666125e+03
