-1.329044815883269985e+04
-1.347969911760038303e+04
-1.714075890604577580e+04
-1.773683684768986859e+04
-1.787523322931797884e+04
-1.800706746083411417e+04
-1.720229264441788109e+04
2.186452279541605377e+10
2.828432723553676009e+08
1.097123274213216553e+11
6.818717086446013281e+13
3.475765416690796614e+08
4.362042868955432624e+07
1.976315079905577376e+07
4.460838461219989508e+07
2.378373947395872325e+06
1.487564770258479379e+07
1.074035937234289885e+09
4.156439507953766602e+12
3.627774757429379821e+08
7.080464610106595792e+05
4.194772131566636381e+05
-6.159147920471381804e+04
1.792337906368429307e+06
8.625096615570458816e+05
2.676952647746297065e+06
3.155670237159033772e+06
5.650860615488852374e+06
8.376041864076040220e+05
2.465572945036444813e+06
1.678827902615500614e+06
8.503891941864358960e+05
1.849935688636661973e+06
2.593019139016968198e+06
1.168933078806453850e+06
1.606438781317150453e+06
1.470601834665097762e+06
1.817968055709436885e+04
1.804215552305182791e+04
1.823153254715434741e+04
1.964225446614564862e+04
1.838225221366508049e+04
1.994527746705280151e+04
1.815998473340028431e+04
