2.052379333945762634e+11
3.886078848666532636e+08
3.761255649548821966e+05
2.539991595645515772e+05
4.438712416920690448e+05
1.697630433993589600e+12
3.134698191590114117e+09
5.741738218251107261e+06
1.550411393055929989e+07
2.080449956648440100e+06
1.140560312917138338e+08
1.080352435631615343e+06
1.954048776786383707e+06
1.761048719293813035e+07
2.506033445743205026e+07
1.364811393011074364e+08
1.372009964724403322e+08
3.963478644070052542e+06
1.183126402552811801e+08
2.010846467257368863e+08
1.323467156926965108e+06
1.566460325844658306e+06
1.575611127952140756e+06
3.484150763267495669e+06
2.100392250199859031e+06
2.538232514259441290e+06
1.777949007015366806e+06
2.653421262704954133e+05
2.320981941161100753e+06
1.569016811790003208e+06
8.188207444080177229e+05
3.469342320320196450e+06
5.380996797013887167e+08
1.233783977835701033e+07
1.369877219399555027e+07
5.389298684228009731e+07
4.321227739993446507e+06
4.024151464794741869e+08
1.127943112663296284e+06
1.773526169741239771e+07
1.138210132506887428e+07
6.447779542056457140e+05
1.153979507400237955e+07
9.877113403507869691e+06
3.446105406110312324e+06
5.304521496867377311e+06
8.686501382168041542e+06
5.213139134992809966e+06
2.935714251827446371e+07
7.560154029764113016e+06
8.724248396317409351e+06
3.121236842413873598e+07
2.535828723676336813e+04
2.582166363933170214e+04
2.485950894494476961e+04
2.604403757160872919e+04
2.429770667909394251e+04
2.489199223039866774e+04
2.598143142844492104e+04
2.542101904447586276e+04
