-9.244470910896707210e+02
1.744816040466532484e+07
1.013358476991877556e+09
2.326600606597290374e+06
4.227413010836656205e+06
1.288120879940301031e+08
2.533270519809877574e+08
3.940805048811121583e+08
1.159245299105599523e+06
1.412639847174118040e+06
3.095350256963114254e+06
1.670007493976818848e+10
1.452095047244833946e+09
6.232570365781293064e+07
8.655986510753479088e+05
1.448922023171721958e+07
2.788637779008662224e+09
6.910038957731378555e+09
4.776281370395237500e+14
2.521000601309888363e+09
1.993305314650412183e+05
1.870171964482411146e+08
7.611900178829915524e+08
9.953479919223160744e+08
1.729066768334401539e+06
3.001018305069687776e+06
2.264322579549544491e+06
5.244408642941097617e+08
3.683513407542140922e+05
4.000502188128899038e+07
1.485160053120070190e+11
2.537857836050673388e+06
1.267632321967543336e+06
3.494718438467572909e+06
1.027575716780574527e+06
1.544140956665706122e+06
2.097163075538117904e+06
6.281527246402485296e+06
5.555355959647472203e+07
1.270536107040545437e+06
2.769891737676931858e+09
8.787987249331979752e+08
1.230294374141625594e+06
1.219429972323407978e+08
5.799673007347678766e+06
2.638264412633738327e+10
3.511861405918663740e+07
3.407277509918357828e+04
3.485935088544737664e+04
3.490497844410815742e+04
3.514264735834512976e+04
3.259557189609049237e+04
3.282651713211889728e+04
3.465366128043673234e+04
3.491404084918732406e+04
3.220525464506022399e+04
3.303104540269923746e+04
