3.540112524984670017e+03
-4.156408394839309040e+02
-4.925489983724910417e+02
-1.045931508214351197e+03
-2.543587867959118739e+03
-2.053506419382436434e+03
-8.891678048577159643e+02
1.873967257365831137e+08
9.534122896235958906e+05
3.862364246157913934e+06
4.253793219023749232e+08
3.479573451259324793e+05
1.027083280152045481e+05
1.299954096149075049e+05
1.242082744305798784e+06
3.454865207723976346e+04
1.211592626276635099e+06
6.560404336812868714e+06
1.375453079733924568e+07
2.332150202979017496e+08
2.531547002814920619e+06
2.149805786505343858e+06
1.585642433412614511e+06
1.858396257692745328e+07
-9.160697419950514450e+04
1.099992685415432006e+08
1.929336048975969607e+05
-8.296143544011510676e+04
7.389659487105074339e+06
4.418450654911299236e+06
3.866213698890695814e+06
6.492098557364047738e+05
8.301625530783545692e+05
7.218679345820749877e+05
5.475344518167154165e+05
3.580074865449626930e+06
-1.444473951836625929e+05
9.975799825512245297e+06
7.978149995069268625e+05
7.570316672741467133e+06
9.865363284180036783e+08
2.895150733664390631e+06
2.354289659143783152e+06
2.373478627439832781e+06
2.795122381568239070e+06
8.773509719140047207e+06
1.193137830923207104e+06
1.627857559820287302e+07
9.558728185354612069e+05
6.507814981064653024e+06
3.284515214182841009e+04
3.460007399296286167e+04
3.371475494781945599e+04
3.567715930973103968e+04
3.295471680669556372e+04
3.565106295310813584e+04
3.325590424248343334e+04
3.354440416362587712e+04
3.240916919369387324e+04
3.420200763163546799e+04
3.226753415183260222e+04
