1.019732648515430628e+04
1.017257584031548686e+04
8.965690819237162941e+03
9.044984130466385977e+03
9.281437930524458352e+03
1.527828226601098664e+07
1.838231073691399023e+07
8.089637225987680256e+06
6.674863651074770838e+07
1.010579306381384730e+08
4.736750462618672103e+07
7.868059017768656835e+06
1.357261643928973694e+11
4.589790121864420362e+06
5.107855041674867630e+09
5.088999627898011357e+06
1.789285153298168457e+12
8.853975995459146798e+07
1.677052111512703076e+07
1.753580012645560200e+05
5.150869511081471108e+06
3.236284468020783272e+06
2.610343073708935641e+06
3.199662045539405663e+06
4.483384710751298815e+06
9.107554664479380473e+06
7.668010301396669922e+12
1.278289110307600000e+13
9.054431055919656754e+09
-1.453941182561924506e+05
3.965832835275621414e+09
7.461529707314637303e+07
8.364293779079737663e+08
4.962296759152397863e+05
5.023000096713282168e+07
3.765321352108810097e+06
1.068196515654934919e+05
3.522074628324336410e+08
3.284760821358135343e+07
7.678767163707073927e+08
2.515618544874219666e+11
2.252242799883657135e+06
1.911480503718708754e+09
2.194456024812814314e+06
2.169704725370954257e+05
3.748589489714291992e+11
9.492449112469672852e+11
2.403295772313230857e+07
1.838040167078459561e+08
1.405824042844984308e+07
2.521887901589812827e+05
7.454421167556043947e+05
1.346703329144810559e+05
3.853440588800317764e+09
3.782788365512689203e+07
2.731681986186504364e+08
1.343695735100285336e+07
4.390728001724052592e+04
4.511338981315511046e+04
4.695829643772717100e+04
4.520888418903973070e+04
4.395736234155553393e+04
4.535314775241704774e+04
4.626108214516093722e+04
4.425270138006890193e+04
