2.668519663775205481e+04
2.402955839774715423e+04
2.799652536540637448e+04
8.722208228486074135e+06
3.847972960468519479e+06
6.674492668617527932e+06
3.320973162077856250e+06
2.396314890105536580e+08
1.747009420985334814e+08
6.469584247445117950e+09
1.438365764506047070e+08
7.388140216689269990e+06
2.984518778274044394e+07
2.657340615964740142e+07
-7.335882493453525240e+04
2.772274208501591347e+05
2.906455937601216603e+06
1.452425521911518669e+10
1.227050785371839714e+10
1.618057544204913313e+06
3.489578721397066593e+09
2.592674905125410110e+07
1.082544367385397911e+09
1.532183900549769215e+07
1.090179540326235294e+09
8.100630458898024261e+07
4.438479676537726191e+05
2.297453107833370209e+10
7.863601596386618912e+05
8.218918123528140131e+05
2.813175952044104576e+09
-7.369081508778370335e+03
3.342309964134996757e+06
1.972090310906567029e+05
1.180469712387619972e+09
8.855322293547423556e+06
7.255969084625025280e+06
4.375631339185504913e+09
6.711384839524009705e+09
1.923440368713639036e+05
1.302333124526586942e+07
5.986758876566702384e+04
5.878252726325383992e+04
6.036612613463037997e+04
5.790410320112481713e+04
6.009495062389152008e+04
5.917861306060673087e+04
5.766041188766903360e+04
5.714586576003939263e+04
5.690533159476370201e+04
5.672375820729305269e+04
5.876473320718909963e+04
