2.115041739379351493e+05
1.994464035791323113e+05
2.124974499721607426e+05
2.012638298965175927e+05
2.347036696492318064e+07
5.649843124337022752e+07
1.653061698037268966e+07
3.034678978490778351e+10
1.735682225245074951e+05
1.152763215209111571e+08
1.020474272966944885e+10
1.840431394514227659e+07
8.397424104292068750e+13
2.307972748928077519e+08
4.978876826451857574e+06
1.914806005865128517e+09
1.803388442658068961e+05
2.207582020950192586e+06
1.475713515086853504e+07
1.895465382518461227e+10
1.273954743537963715e+11
8.730535908051241934e+07
2.099095395124823262e+05
5.907469872738015652e+07
1.201148994825612195e+07
4.786779374227967113e+06
-6.075800915350399009e+04
2.102028745198972174e+05
6.601084328680523634e+08
9.214746420764953364e+05
3.894268518129770644e+06
1.811515263943718513e+06
1.151028099523530342e+06
1.395551174445944652e+07
2.302124408456848003e+06
8.419952151122523937e+05
3.255403724885197878e+08
1.988264922462098300e+07
5.287155367745248079e+08
4.979293019079876709e+10
6.539418459332878701e+06
4.286766294050617144e+06
1.761137126742711663e+08
1.919381591294364480e+05
2.734250490119639039e+07
1.632794347667592764e+07
6.861851062176519531e+12
1.338926719731011195e+06
-1.293702016108090465e+05
1.116862352116214111e+06
-1.499878883378100290e+05
2.048686630306474864e+07
-4.284842432435952942e+05
