3.769689759672946529e+05
4.090824017597842030e+05
4.086287388234845712e+05
4.754630264383320212e+08
4.933916875849289820e+06
2.996846500598567072e+06
9.020773168708039820e+07
5.353319422565507703e+05
1.477559780923951268e+08
2.489044584369656641e+13
8.038984663920100403e+10
2.386104110307704926e+09
9.472538588907230645e+06
1.058228107808395475e+07
4.273998507746580988e+06
3.825553624647213867e+12
3.477961281628635246e+06
3.054653229819891974e+07
5.026720102845427464e+05
1.352532266950706244e+09
4.715417546066725627e+06
2.026068767080664169e+06
3.588688411821254413e+05
1.666580436692348449e+05
6.748528776444580872e+05
1.817668520280169249e+08
1.580556284795650980e+06
1.739639852962532546e+06
-2.102952140953317576e+04
8.910222571770284325e+06
1.083414219498690916e+06
3.227152653377507254e+07
1.467816438189306110e+07
1.445465332183849998e+07
3.623692097068731673e+05
9.358932236824955046e+07
3.749160283909413847e+05
3.885375911731258035e+06
2.452124913317558169e+07
4.131732213602114934e+05
5.140940539818295278e+06
2.383544665939851664e+06
4.008215472174706869e+06
6.813229596198596992e+05
3.536659989803544711e+06
1.748875160274044037e+10
3.648591157697946765e+06
