3.687747557340748026e+05
1.699670044312997197e+05
4.356531217305585742e+05
5.674967346132075000e+14
4.429120387473367900e+07
1.739216020310124010e+07
5.511444862698132172e+06
4.164048941758892615e+05
1.752345152857610881e+08
1.558671475165706873e+08
3.162412859355549622e+10
5.341813262291021645e+07
2.383875596020885706e+08
1.011266352704091519e+08
5.587829914747438394e+06
6.787119275343438610e+06
3.697350601697115693e+06
9.733697957790594101e+09
7.581384828467555344e+07
2.818139180023138225e+07
1.869992815382612944e+09
1.604809962027558684e+07
1.050533294789448738e+09
1.608665004283241229e+06
2.215269860229361337e+06
1.958285314186691307e+06
2.259480743556066882e+06
5.229886127668033587e+05
5.054438101974697202e+05
7.367286056550639914e+05
1.440220491739345307e+05
5.317689026133200387e+05
3.207956006720889709e+05
7.143692333743502386e+05
8.196694404858064372e+05
1.053084992439457681e+06
7.113241238522290951e+05
4.600937900353366509e+06
2.279253659053957090e+06
9.545148171921006441e+08
3.410986793990107719e+06
3.844796093576509040e+06
7.353620483580551147e+09
3.900208217156032566e+06
2.724407942308687973e+10
9.170630764369782060e+06
4.446112226997012272e+06
