-4.037343684335186845e+04
-4.203125469222797255e+04
-4.267978885229340085e+04
5.262189387323321775e+06
1.810568802061457187e+06
1.826746349392947275e+06
2.605905070150784450e+05
1.358230613408889174e+08
1.345411529864325523e+10
4.312693438929457664e+08
1.585234826171392109e+06
2.715661858593676567e+09
1.085813459451552946e+06
1.641972449844994926e+10
-2.070064858181839227e+05
-2.118589454341002274e+05
-2.096615952491855132e+05
-2.653913458245890215e+05
-2.206761978728839895e+05
-2.415444671494264330e+05
-2.364359095766996616e+05
