-4.033878118177138094e+04
-4.083521590877845301e+04
2.890491964771828498e+05
1.505795712660668069e+05
1.209163312557325698e+05
1.539597200410157675e+05
3.353243798566880035e+10
4.072573295073871613e+10
3.689609179544162750e+10
1.155003269277988374e+07
-1.942799810652342858e+05
-2.363330319925654330e+05
-1.754316258974768280e+05
-9.001496074185607722e+04
-9.376847387500308105e+04
-7.542650275684922235e+04
-1.833945654989423929e+03
-1.830637651366327191e+03
-1.817496160375536419e+03
-1.833417285547679057e+03
