-3.861546861378840549e+04
7.195786562721583759e+05
1.731820989750504727e+06
1.548525037063267212e+11
5.523398496507647447e+06
4.350963925265465677e+07
4.378213094520786405e+07
4.134364187493073195e+07
2.142632824558046833e+07
2.510619061520312726e+07
1.739501584128949046e+08
1.937487670180219889e+09
1.178547548373609304e+09
2.118186181163486466e+07
1.525583662636519969e+07
2.473854904295786843e+07
2.216958816348533705e+07
1.501880780133842863e+07
1.197782062059672084e+06
1.119546693991812877e+06
1.175216902846021345e+06
1.605087325884343358e+06
1.060281941440790426e+06
-1.670374649743345799e+03
-1.690511547588423127e+03
