-3.485721428754420776e+04
-3.604970521201525844e+04
-3.906109627247422759e+04
-4.043915273226599675e+04
-4.107996303576410719e+04
-4.171787992359789496e+04
2.116199438398208469e+06
2.748064008114467375e+06
8.501478601682465523e+06
2.419249348597736564e+06
1.660624132599227726e+08
1.502925780920187533e+08
1.642365833695016503e+08
1.603292084877605140e+08
1.553155387985177040e+08
1.825194001669865251e+08
1.669199248753704727e+08
1.631467827549012750e+07
4.716857193875192851e+07
1.997929043428403854e+10
1.944536321934035110e+10
1.901144488778942871e+10
1.065328482806731388e+07
9.926818961354658008e+06
1.087032825288308598e+07
-1.688630792443553219e+03
-1.678530801924905973e+03
-1.678177051485370612e+03
