-3.711505766889687220e+04
-3.948699652900292131e+04
-4.105784338762726111e+04
-4.167577716891489399e+04
2.379445975996314548e+06
1.852754967621199414e+07
1.250880403047446162e+08
8.072315970997631550e+07
4.889806899630089998e+08
1.947486372214692831e+09
1.551407263480877399e+09
4.647206444339699554e+10
6.871521715033545685e+10
1.297758454196997833e+11
5.219223844875151825e+10
4.999233612485427856e+10
5.080487018862592316e+10
5.622580066967467499e+10
1.163666726008569263e+07
1.286858991808040068e+07
1.300056414271998592e+07
1.451162341697391123e+07
-1.562721970920538297e+03
-1.549276444633782376e+03
-1.579704620130854892e+03
-1.582050115203310270e+03
-1.560414745385176502e+03
