4.144521028079634905e+07
1.329724924605661184e+08
1.816045747986632884e+08
1.429434373575017154e+08
1.602099974795164466e+08
1.951388165948877931e+08
1.235349293521753279e+06
4.573998363312500715e+07
5.002857084181652963e+07
4.590008419554658234e+07
1.401888201576843560e+08
7.462503063307843171e+06
5.533966434708336368e+06
4.571533581381211989e+06
8.170951930396216922e+06
1.361530817614873406e+06
1.378022927862554556e+06
1.346487224321736256e+06
1.063521349781262456e+06
1.055052137148230337e+06
1.074453759585644584e+06
1.052604760200754041e+06
1.095203067434889032e+06
-5.577038608601433225e+02
-6.462057633957592770e+02
-6.337744194315455388e+02
