-1.488226293463580078e+03
-3.577122485486265941e+04
9.103464430916747078e+06
2.299806814148309641e+06
1.800533181919324398e+07
3.968300522293084301e+06
2.119738375052974522e+08
1.985471976526825130e+08
2.567485423034279346e+09
3.374019067090287805e+08
2.427323757780655101e+07
2.186706406829181686e+07
2.647959839017602429e+07
1.201031706392785534e+07
1.501031350554070435e+07
3.192598817833519075e+06
-1.027421376632119063e+02
-1.414952471331635024e+02
-2.382568030167021789e+02
-1.325501453482138459e+02
-1.170651778231840581e+02
-1.818984891668078490e+02
