1.239266119291649375e+03
-2.472483903146228840e+04
-3.398335568608564063e+04
3.308622288206194043e+08
1.414770809061742388e+06
1.420071480875187786e+06
5.815293866851437837e+06
5.602131642793540843e+06
5.295448058273657225e+06
3.077198903108898085e+06
2.861535972084261477e+06
1.570793813323336362e+05
1.581405424174948712e+05
1.744093061437709548e+05
1.476839562326306343e+09
8.614150645716130733e+06
6.729729966177017428e+06
7.671524482523064129e+06
6.910771016684687696e+06
5.371555026076838970e+08
6.531517684863233566e+08
3.440350316090043634e+02
3.517025823701696936e+02
4.164008377761929296e+02
3.491118695660843514e+02
