-2.763827282559213927e+01
-2.996098413419997814e+04
7.567757048852958716e+06
8.207926038445929065e+06
5.382445930204565048e+09
2.947050911787380930e+06
1.560609522703604586e+07
1.584427427774794102e+08
1.596433387069785893e+08
1.983203817388395369e+08
2.070276227042849362e+07
2.680409795536748320e+07
1.143092268294924736e+09
8.704591573973809481e+08
2.906962937761383533e+09
2.282639887623080139e+11
2.273539854187852383e+09
7.206201074892313220e+06
5.758947775604772381e+06
5.609524993496230990e+07
4.049074490063716769e+08
1.988227667807482556e+07
1.293818035896985792e+07
2.663810033382110596e+09
5.295074604535894990e+08
1.229650975265569286e+03
1.257371067391010001e+03
1.040363488998409593e+03
1.213768847771250876e+03
1.079150273853534600e+03
