-2.837403279674201622e+04
-3.132346247046624921e+04
1.139556580497442484e+08
1.127999998136380613e+08
4.317173143516262817e+10
8.936845234062678814e+08
1.250703523153721355e+06
5.785493469913011417e+06
6.413677851016832516e+06
9.035190005151016638e+06
3.145992105603505042e+05
8.767397026959160566e+08
-6.138256335206511721e+04
1.932764367624697043e+05
1.396552704858579487e+07
2.294321737055244297e+07
2.187628841575147817e+03
1.934703630186995724e+03
1.963238221380655887e+03
2.083261888319859281e+03
