-2.183190622864883335e+04
-2.742648683333610097e+04
-3.036031743585099321e+04
-3.200007114885840565e+04
2.798330464908814430e+09
6.883217678013270312e+13
7.278161344921502686e+10
8.793192372040507197e+07
8.279155189557632804e+07
-4.526164545922849356e+04
8.022331803800238296e+06
1.523324353350860439e+07
2.293901251401942223e+07
4.007100530545630306e+07
1.305194799110920410e+12
2.327050911942939833e+07
6.653955994370155782e+07
4.942947388126427541e+03
4.941596178158186376e+03
4.986206936178146861e+03
4.763457332854974084e+03
