-1.406344850562619467e+04
-1.421849425254492235e+04
2.696038703229511520e+04
5.400973455944750458e+05
2.600817097886669915e+06
1.222763837858895771e+07
2.072820179686355218e+07
1.396258644877916900e+06
4.985031669583101175e+05
1.741166846258668229e+07
7.212287363544228487e+06
3.800303932515202463e+07
5.129941174378531054e+06
4.095806855131464545e+06
1.867475431089674355e+06
6.357750756805764511e+06
5.157117137930240479e+11
1.645336841626854800e+07
1.981842081556250900e+07
6.331178137754305601e+08
3.768884808906067657e+10
3.527112617001066895e+11
2.810458481980727005e+10
3.157651545047237549e+11
3.789087984106303692e+09
4.157880581379046631e+10
7.125993309899786254e+03
7.124537021049211035e+03
7.227547637106617913e+03
6.879571195866417838e+03
