2.839624411203527416e+03
-2.912388541625003199e+04
1.848230337543490157e+07
1.526359530013624020e+07
1.526027935221678317e+08
2.035550640814501420e+07
4.031351949212134629e+07
1.501210644035929814e+06
2.708044635995777790e+05
1.539525906549584470e+05
1.253944642659354806e+08
-1.259686359069967002e+05
1.571646198866826599e+05
9.213426602166450024e+07
1.000042322989774682e+07
7.745550583234871738e+03
7.091115747357951477e+03
7.152628423135465709e+03
7.715112151881301543e+03
6.901606815200037090e+03
7.114405834113043966e+03
