-1.848226487936914782e+04
1.064082753911155760e+08
3.091900704708222672e+07
3.148691547259391285e+06
8.723261827183790505e+07
1.105531341380507946e+08
3.712111693647907814e+05
5.657000515161493793e+06
7.178439890755049419e+05
1.138056515233149519e+06
1.936743306442551082e+06
1.643773904489472276e+06
3.561474763749660552e+07
5.985552716737306863e+07
1.261174835068627819e+07
1.102734385841910541e+07
6.703051067936042696e+07
1.932212440500703752e+08
1.703241762561137676e+08
1.419471071697713342e+04
1.444341093818578520e+04
1.471990305949552567e+04
1.341958908462690306e+04
1.326030022892134730e+04
1.337628202671493636e+04
1.413141756617007195e+04
