1.173234434839540336e+04
-3.812476896824351570e+03
-1.630774400102595246e+04
6.952252633484313264e+03
-1.486165836994734491e+04
2.207436792672943790e+06
3.135930043870538357e+05
9.040905699557656422e+06
1.165147265408975654e+05
4.569718640391552821e+06
1.320403279612893760e+08
1.449101476185703836e+07
7.511276085098885931e+06
3.642244027241978049e+07
5.838499639992114902e+07
5.973353030158626847e+06
2.104238278858660534e+07
2.704654039137326181e+07
2.509761688245361438e+04
2.603983466346861678e+04
2.422884979629126610e+04
2.649391187712887768e+04
