3.180809163345361958e+04
3.287521293329090986e+04
2.177998950942470401e+04
2.000751004454497161e+04
2.085477555683007813e+04
2.531560387960075459e+05
6.733571034937697696e+05
8.336549816311053000e+05
2.498607582196913136e+05
1.135506533345545083e+08
4.958179033842270076e+07
2.735934421956444159e+07
4.081998204496052582e+06
1.899157839868935291e+06
8.309531925751906820e+06
2.380672671647811309e+07
4.374891164797106758e+06
2.736645607171950862e+06
3.210257808029394150e+08
1.043768660318532586e+08
3.209702598971022964e+08
2.712175950556555986e+08
2.226608793572669923e+08
3.401103980229588342e+04
3.312810111158763175e+04
