1.215490017514425854e+05
1.126236160139209242e+05
1.288984210010982817e+06
2.502510645841706544e+06
2.868265238863274455e+06
5.790883679635193199e+07
1.126801073922132254e+09
6.888031206169853685e+05
5.154315458680373267e+05
8.933458220344890142e+05
7.712286915145663079e+05
1.799661658866190352e+06
3.915649063079481572e+07
4.130777170461840928e+07
-3.971667335135778412e+05
-6.972805040242034011e+05
-2.111162910835202783e+05
8.864757413006576896e+07
-6.659630117631191388e+05
7.336730415610200725e+04
