1.275808652674948826e+05
1.308916275435117132e+05
1.244258138940238277e+05
1.190215965214924508e+05
1.255641693043006089e+05
3.831265149667755468e+05
1.869090688216501148e+05
9.312674193692812696e+05
8.196334714780619834e+05
-9.823200154453521827e+04
1.176358096341815472e+09
6.055118742955548223e+05
9.192109627147855936e+05
1.066292744910014421e+07
8.641465963153791381e+05
3.969015132851835340e+06
5.731892402274049819e+06
3.061693745879152324e+06
3.269852933540745638e+06
-2.404582401385824196e+05
1.211403385175914736e+05
1.109173093321686611e+05
