1.846853067844758043e+05
2.695391597166046966e+06
1.663362386612202972e+06
1.366813004254094791e+06
4.016532157631113380e+07
4.231408308804316819e+07
5.531952557152356021e+05
1.728586546488422155e+07
6.809306762488387525e+07
4.773953933753636479e+07
4.073781900603871047e+07
7.683881956795966253e+05
4.043276234331053495e+07
1.108063433692449646e+11
3.816558491946799278e+09
7.307251454218945503e+08
1.278042416661763098e+06
1.794580283892874606e+06
1.107184338312839985e+09
2.023584089367713314e+06
1.889743901038273424e+07
5.704342685039945692e+07
5.815926258731334470e+06
