3.068791471797333797e+05
3.120106830818960443e+05
3.235252381638996303e+05
3.153631917003896087e+05
4.313560983544446062e+05
4.833238761366668623e+05
4.469807227723923279e+05
2.187155674062526668e+04
2.424032887649510987e+06
-2.569794331237955194e+05
2.558758217914563604e+06
4.302498176141083241e+08
8.140046295366919041e+07
3.117452780442180112e+07
3.047598168739078369e+11
3.166631009828326060e+05
2.581203680423228070e+05
3.693429438072427292e+05
1.474995704990657270e+08
2.761985936178682838e+06
3.906085850260352250e+06
1.107415109421145869e+06
2.695288295548566617e+06
