3.071698489729441353e+05
2.996648398726998712e+05
4.925977139080091147e+05
5.934470980373275233e+05
6.146406561506934231e+05
2.612481087355241471e+05
5.389505582326500007e+04
2.272638002785122488e+06
2.938414715089390054e+06
7.743910089131417684e+06
-1.090967201673325471e+05
1.615395869763932610e+10
2.739315340323270066e+05
1.790533177883704193e+05
2.079324630706906784e+06
7.003668408067051787e+05
6.022857682900711661e+05
7.075979879381358624e+05
1.692082760932552442e+07
1.907949802693757042e+07
3.567346854764947784e+05
