4.129140554525277694e+05
4.276916559949558578e+05
6.719784227774124593e+05
5.587305791574091418e+05
1.122005856701012235e+06
2.190062363440035842e+06
1.281488775665827707e+05
1.143509980660994304e+06
2.353239899657095432e+09
1.005775665536232642e+06
2.532395059496263042e+06
1.552202644106970169e+06
1.988125455188897438e+06
1.330885552570100641e+06
2.907735801141330041e+06
9.516761683128415607e+05
-3.686723015855560661e+05
2.430361469535918150e+05
4.686747708767123520e+06
3.203164489516120870e+06
-2.517730657435132889e+05
2.053007419158861274e+06
