1.314269999936586828e+02
-3.561363538737462659e+04
-3.951869063929292315e+04
9.606779459272731328e+05
9.188627886091319378e+05
5.741885445257560350e+05
5.733967949188523926e+05
2.119129472018796387e+12
1.598125488120486816e+12
8.545414937183436751e+07
8.201071835807998478e+07
8.317177872463199496e+07
2.202593561069209874e+08
2.191884314628359377e+08
4.850636924915082753e+07
2.194058078796182293e+06
2.211578594831414986e+06
2.213949048549294937e+06
2.251381132420928217e+06
5.509495772193055600e+05
5.496338455596398562e+05
5.459880678612982156e+05
5.512477374587731902e+04
2.610112705701258499e+06
-1.230942387597272464e+05
-1.137103708404346398e+05
-6.888950382096323301e+04
1.959251578644227469e+06
1.335883957061477995e+05
3.428154307397525408e+05
-1.579698736328269879e+05
-5.049073372012326581e+04
3.148608581182118505e+05
1.197606501285326201e+06
1.223709956262996234e+07
1.315603543961572088e+07
1.464763245151981525e+07
1.399844456395362504e+07
1.516243623606603593e+07
-1.875169244123360841e+03
-1.875981937685748562e+03
-1.881230173310061218e+03
-1.880915376447519520e+03
-1.882000116994138807e+03
-1.884621601312799612e+03
-1.869487291561876191e+03
-1.871329073382803472e+03
-1.880442203125276137e+03
-1.881462594934535446e+03
-1.874952497005229816e+03
-1.872415863645292120e+03
