2.039184276437157299e+06
2.131786665668899193e+06
1.001360675720239617e+07
9.123347813048301697e+09
4.340169581500567496e+06
9.112850110610326529e+08
1.802246103776584625e+09
5.862673855971232653e+08
9.309177692191915512e+08
6.320871390075009316e+06
6.363794699437843636e+06
6.360008951352823526e+06
6.361946437650205567e+06
-1.154616227443928947e+05
3.678389162144212984e+06
3.648517484931156971e+06
3.622545775753935799e+06
8.887775398743673563e+08
9.394015992023193836e+08
1.104323889419403486e+07
1.936421107961799204e+07
4.634941234000815153e+08
2.172611004233143106e+07
-1.757301265604765504e+05
-1.816755714782918803e+05
-1.776299988661704701e+05
-1.762496514096206811e+05
-1.806344155705859885e+05
2.170741007516143322e+09
2.157544555394435883e+09
2.189747708103583813e+09
-1.828660182081977837e+03
-1.824027850692189531e+03
-1.830110120574245229e+03
-1.822756862683832878e+03
-1.826786300683277659e+03
-1.816406529784610029e+03
-1.821539919991220813e+03
-1.831753125897696009e+03
