-1.288896580201355391e+04
2.212935652745016851e+06
2.227013155387114733e+06
2.241077396935862489e+06
2.201138811766624688e+14
1.108969299646205521e+10
1.182204797845789581e+05
1.172488877426646359e+05
9.874858755217111588e+09
6.214352227140150070e+09
4.819094577290059067e+06
1.719931985693771020e+07
8.646474041144220352e+09
7.278806398082415581e+09
8.964653774266490936e+09
5.082875567860219628e+06
1.621929492555496050e+06
1.350243371000329971e+09
3.763590185590273142e+08
2.247153578996725976e+08
1.085288141932489157e+09
4.477658019132361747e+06
6.760027929076773071e+10
8.989837217536271667e+10
8.313247645985783386e+10
5.305761294928961182e+10
5.810373951784133148e+10
4.549617828627198029e+10
1.403182373878458023e+10
9.824136129867093265e+07
-1.750928892250463832e+03
-1.746797996103414334e+03
-1.760197362113598501e+03
-1.763406887933553662e+03
-1.760384429440018721e+03
-1.756023208230326418e+03
-1.767441473199723987e+03
-1.760454446077928878e+03
-1.761750613023788901e+03
