-3.536720434740866040e+04
-3.618460543286661414e+04
-3.860408523397590034e+04
3.475111648290197551e+07
3.490994386047627032e+07
2.789693752422615886e+06
8.520180703089284897e+08
5.746486642637912882e+05
5.744615189724983647e+05
5.711558994064665167e+05
1.254268717801253349e+08
1.259022594699509125e+11
4.079797607555770874e+07
4.198317020873018354e+07
4.117531586151803285e+07
1.638111781184236333e+07
1.373316777248798847e+09
2.980838448173584882e+06
6.300170695776480436e+08
1.355327489760019183e+08
4.092443024426747579e+06
2.507357172609333992e+09
8.162711700690017939e+08
2.107314878795799255e+09
9.664287797912412643e+09
2.323071795586682796e+09
4.957715156619518280e+09
7.338354978156169891e+09
3.375846240239992619e+09
4.147585668148542404e+09
3.041056547371139005e+07
1.386104962419942915e+08
2.717374122864845276e+10
1.469094843987385368e+10
9.984526907471015930e+09
1.561462185473506546e+10
1.117634974754678726e+10
1.841069214128922653e+10
1.835312885914748383e+10
1.037455147616195488e+10
3.316138946896351242e+10
1.426397275699873734e+10
2.316167499091120529e+10
-1.748138384465855779e+03
-1.758014184384985128e+03
-1.746184437983145472e+03
-1.771678782313421834e+03
-1.767515601571853040e+03
-1.748576774160901550e+03
-1.753171192383597372e+03
-1.757966510372032644e+03
