-3.413809343831553269e+04
-3.757519660015492991e+04
1.779727314411716070e+06
1.791410436061739689e+06
6.211524758636093698e+06
1.212090265923423285e+05
1.218036418652941065e+05
1.284917682676761469e+05
5.873425729822732683e+04
5.162597410847380525e+04
2.832992825700314716e+06
2.771882277587541845e+06
2.807800018985945731e+06
3.754873571673707581e+10
1.742243792510387721e+05
1.745562603154304379e+05
1.562224387856119312e+07
-1.516071600869428948e+05
6.282831955366299488e+06
9.068524076083557680e+06
9.285499112514877692e+06
8.934352029122453183e+06
1.663312324817581177e+11
2.043072839617008591e+10
1.331677543871393127e+11
1.179792010384219742e+10
3.798305718901802826e+10
6.127034623587409973e+10
1.081222568417223170e+06
1.080731846014091512e+06
1.076292919167120941e+06
1.065810366798473522e+06
1.071570543623466743e+06
1.072893000503189163e+06
1.070682757573309354e+06
1.077390612937970785e+06
1.086048706469299039e+06
-1.538658181481907377e+03
-1.581262358554144157e+03
-1.538741503523109714e+03
-1.556881613169563934e+03
-1.572070465809927555e+03
-1.569430046725727152e+03
-1.573595007405878277e+03
-1.580674677094793878e+03
-1.562203658309997991e+03
-1.558934295615908923e+03
-1.536550249020947376e+03
-1.545382506440510042e+03
-1.565424490953970235e+03
-1.577215020260395249e+03
-1.547540210404607933e+03
