-3.179607874526929663e+04
-3.438662562146510754e+04
-3.552606256169654080e+04
-3.716597551086476597e+04
-3.768089501946308155e+04
3.678021977842009813e+07
2.630135728504581749e+07
4.848094853802478756e+05
2.120530446285614371e+07
2.554576056446214393e+07
2.141641467979247123e+07
2.417554978594972938e+07
2.484671120668220147e+07
3.906321503673037514e+06
9.541886039539971389e+05
9.905270533986239461e+05
9.580464167107314570e+05
9.975637127525494434e+05
9.487970064886693144e+05
2.849779303132086396e+08
1.382471980808761120e+08
5.929585747031809762e+06
5.505939162357266061e+06
5.718584359526001848e+06
5.848745967602974735e+06
5.342912960522778332e+06
5.798687918428244069e+06
5.769133083274709061e+06
5.533099912131331861e+06
5.871519696126559749e+06
2.008558905535392091e+07
1.672099341294869035e+07
1.821676652711788192e+07
1.819953292593566468e+06
1.835852284406366525e+06
1.889373974224042147e+06
1.766260490821902175e+06
1.871113950905124657e+06
4.056589721675946777e+12
2.134348541410431641e+13
1.231721485947266992e+13
4.393191395954517822e+11
1.379280344530360352e+13
6.141380869103200684e+11
-6.640661712290020660e+02
-6.390168709186837077e+02
-5.806818298595899250e+02
-6.634800580298760906e+02
-6.288067146367975511e+02
-6.805344625708530657e+02
-6.067239543947798666e+02
-6.763452060914423782e+02
-6.644715133418212645e+02
