-3.357127257812122843e+04
1.041371389473488450e+09
5.654053356012582779e+08
1.761741710757413507e+07
7.950512115931544686e+05
1.379003249759303872e+06
5.734444986801221848e+09
5.640922102747137658e+06
7.051416279379036278e+06
6.059829200123229064e+06
6.335306001768387854e+06
7.083897947558190674e+06
8.595826034762252122e+06
1.130417814442201331e+07
9.702795573762414977e+06
1.083956486159694195e+07
8.353244801014907425e+05
7.570864048713969532e+05
8.323842190837857779e+05
7.846640375063585816e+05
7.690041509091868065e+05
7.406764419513361063e+05
7.752475921625134069e+05
7.482937024347749539e+05
3.222909698530031204e+10
4.025737850816512695e+12
3.077545050087312317e+10
1.811716472442507744e+08
9.293907306964544952e+07
1.929597345667136312e+08
2.638417101358497515e+07
-3.258924035763950087e+05
1.628879070507841650e+06
1.256544306393076479e+07
-1.904089457633382408e+06
1.939741088212671457e+03
2.098789987215772271e+03
2.102678351892333012e+03
1.951772389260848286e+03
1.946869102952390676e+03
