-1.935203037110095465e+03
-3.217023988326002291e+04
-3.311770274139244430e+04
5.159930747679234743e+08
3.756464470565834045e+08
1.033481670627603769e+09
2.811568659249607008e+06
5.346979923171806335e+07
5.707479350088878721e+07
8.121071191253103316e+07
1.304538037392652512e+09
1.049935003791284442e+09
4.210767795693944550e+10
8.919157075880166292e+08
7.960930063683500886e+07
5.771756191814945638e+07
6.531649891564394531e+12
3.340993688482894301e+08
2.883222872679733038e+08
7.116132437570541382e+09
1.286231794482395500e+08
2.498676202174010575e+08
3.902903069746186733e+08
3.913477559433748627e+10
3.286502828087115479e+11
3.269573785738717041e+11
1.809541768560144119e+06
1.411597309306599665e+06
1.322421216597100258e+10
-1.601001091755435627e+05
1.725466387774466770e+06
2.166106179843525169e+05
5.219536671581183560e+06
3.194902520201152656e+05
3.154529094589466695e+05
3.778951133663257351e+05
4.136183997856632341e+05
6.353833499202623498e+05
8.654952985247161984e+07
1.644622520906204591e+06
4.513561030082843499e+05
3.280701885448514298e+07
4.269260498902524705e+05
1.019862445382139385e+08
3.592579647518898128e+03
3.529901785633759573e+03
3.284551636599382618e+03
3.412922505575174000e+03
3.189071028149512131e+03
3.444618275885790354e+03
3.192288783447351307e+03
3.492181262165482622e+03
3.512381599835673114e+03
