-9.718922171426751447e+03
-2.585470346544023778e+04
-2.804621979304325941e+04
5.731839297549134827e+10
4.543574371873002499e+06
3.185788915051907349e+11
7.890519691963507794e+06
7.236515741068021394e+06
1.489022751872091293e+08
1.169278572461032420e+08
1.108650489406453520e+08
5.288219819599455595e+07
8.386550482966609299e+07
3.760018153953586239e+06
4.863182642517189980e+09
1.628250641529336339e+06
1.856916667969575850e+06
2.223428899844742846e+06
1.574067682565820403e+06
2.461096648781023920e+06
2.622935554732589982e+06
3.370645916282014921e+06
3.887501427142109722e+07
2.776412245271455497e+07
1.334430500347290561e+07
1.989740504812887637e+06
4.273280108319532275e+08
8.315824043272274733e+08
1.357750868881275412e+06
1.236784460470541939e+07
2.061961856217180192e+08
6.199301556272604503e+05
4.812113198237055540e+07
2.696418216509265825e+07
1.084541300586649179e+09
2.000628947296088934e+09
1.078842622854183055e+07
7.180661120391509030e+03
7.352138157345703803e+03
7.295248620708007365e+03
7.239716598733502906e+03
7.707465939755580621e+03
7.552219445543159964e+03
7.514696244251623284e+03
6.907902627439994831e+03
7.535028024888044456e+03
