-2.401447403743745235e+04
-2.492924863846382141e+04
1.879198776062740758e+07
2.334542972378109023e+07
5.277911371325978041e+08
1.637179479339122176e+08
5.470359118773843765e+09
1.190382366554890722e+08
7.622565499585528374e+08
1.056743794011157751e+07
7.435582011745479889e+06
5.808090772335788235e+06
5.996750839298138618e+08
9.587156277035102844e+09
3.220361145546030521e+09
3.419408277310104847e+09
4.116244783708109055e+06
1.829913937343436852e+07
5.909927021546521783e+07
2.928393829999428242e+06
4.321878460509146005e+07
5.070413586067753792e+09
1.828611210408044048e+06
2.532296576886177063e+08
1.118231039294915009e+10
2.035120854821193218e+08
4.211058044900991768e+07
6.220483721065007150e+07
5.104274697737396508e+07
-3.535456694902638264e+04
5.900729642803134630e+04
3.789446072773387423e+05
3.002429450505439308e+05
1.462427629478356801e+06
2.090358220134805306e+05
1.713249819527021900e+05
1.056021788095473603e+05
-3.577222615776526800e+04
1.352407524906281615e+05
3.658903610524152464e+04
6.642177605082522496e+04
6.609238870239873359e+04
4.135468074609323883e+10
2.511721149984573945e+06
1.036335624559659511e+07
1.037089207788738189e+06
2.340619670965920668e+05
1.793709158273111796e+06
3.211404048450519796e+06
1.579979358659891225e+07
4.235394370732926636e+11
1.603001069770272356e+06
9.341787871397975087e+07
1.141124365677246552e+11
4.441640211749881273e+05
2.237560553489837795e+07
7.733555601902626222e+03
7.240601333922211779e+03
7.197966760710900417e+03
7.191413370911352104e+03
7.655658255256625125e+03
7.085449514512816677e+03
7.197754851711652009e+03
6.999705303219438065e+03
7.064107784324674867e+03
7.164294274255516939e+03
6.948283074423408834e+03
