-1.915025564066862717e+04
-2.078522948494057346e+04
1.374610563664048351e+07
9.196079448570141569e+06
2.165585797305272818e+08
5.785253549991589785e+07
2.462820833103232086e+08
4.464291781324532931e+05
2.544549259319885671e+08
1.775132785441606492e+07
8.675968698045533150e+06
2.028114292415660247e+07
3.429046425581253716e+05
8.533312084752246737e+05
1.302113371877655387e+06
1.932620127770350548e+06
1.726355620924913138e+07
4.144569470613891608e+05
4.101286470016196836e+06
1.092459776316119358e+07
4.453230649677505493e+11
3.690927306557048578e+06
3.571901557175818831e+06
6.979235734532585368e+06
7.329364247131085955e+06
7.699056570226144046e+06
5.721303692229568027e+06
5.361208381581067108e+06
6.031701708554392681e+06
1.014218169361557066e+07
5.144317353558006696e+06
6.007312188597260974e+06
1.676998725867325254e+07
1.052349440486493707e+07
9.976264764199383557e+06
8.463739315790189430e+06
5.028843018781478517e+06
6.224925764599120244e+06
1.367976323495653924e+04
1.437136137693256023e+04
1.421469576799985953e+04
1.424045706574840005e+04
1.378042606269515818e+04
1.322214234661925002e+04
1.336831508885836229e+04
1.419736669109042850e+04
