3.526031570245631883e+03
-6.361277191920475161e+03
4.769750044013999403e+07
1.906311366685982421e+07
1.181554071273732901e+09
6.318927223546934314e+06
1.718990334956088305e+09
6.924805248041391373e+08
5.305501079649865627e+07
5.351308535313011706e+07
3.820185525475957394e+08
1.165734725980060734e+07
2.234268278524475545e+07
7.861596306200972758e+06
2.150251291146066040e+07
1.014828627856690902e+06
1.381946234504299005e+06
7.729952075678087234e+09
1.407499936792662859e+09
5.310021770420160294e+09
1.615192004004911804e+10
5.059365786429385096e+07
2.194223627220332921e+08
2.683565166795568913e+07
9.935871503109008074e+07
2.051860057097474337e+09
7.006940617465543747e+07
4.968301396671485901e+07
1.038181587430049782e+06
7.094957803127289517e+05
3.062605079220367908e+09
3.428438949429686181e+05
2.071401419210402993e+06
3.002582452454422116e+08
1.586115613762781620e+08
1.506133796461717784e+07
1.418557142572167158e+09
3.287466015785916895e+07
1.137348287490913868e+08
1.144441922654227257e+09
7.422619488460756838e+04
3.591552644077794552e+08
5.397576887928046053e+05
6.337896742462726831e+08
1.865440679690401885e+04
1.900047914465336362e+04
1.893465749565101578e+04
1.836736070716957329e+04
1.906219493316661101e+04
1.926722738586700871e+04
1.805916558820512728e+04
