7.685368866055243416e+03
3.410959038042728935e+03
-8.403507714734903857e+03
-1.411875380952038540e+04
-1.563124368363172107e+04
-1.771899332747568042e+04
-1.696491187444464595e+04
2.881216049077305943e+06
3.782641711903442442e+07
4.670045739371807314e+06
8.048134954577088356e+07
4.162274015036332011e+08
2.310368286195078865e+06
1.743665774612958431e+09
1.609290019318364859e+08
3.618757378001657486e+09
2.550442300512801409e+08
1.080925153609220695e+10
6.344353420642773621e+06
2.047798844402742386e+08
2.412610793556793593e+06
3.592091581940816641e+08
1.468902554901582599e+08
2.140390868954248354e+07
2.553840193270102441e+08
7.540284048372344971e+08
1.755471929202961922e+08
5.183094241012834375e+13
8.330279133723255157e+09
4.935941224974089861e+07
1.049447574091986656e+09
2.777288307319999695e+09
1.803614349727929221e+04
1.887358935532969190e+04
1.992398606764862780e+04
1.807572387682934641e+04
1.913642968094826210e+04
1.813585845491226064e+04
1.980398735995698371e+04
1.977372128300162149e+04
1.810770294904877665e+04
1.921249090777005767e+04
1.920699472835814231e+04
1.937014054639218375e+04
1.979193320031970507e+04
