-8.022608016175352532e+03
2.746337763665379025e+06
2.692944767765110824e+06
1.644822363176514581e+07
1.340769152718749940e+08
1.137834874840807343e+10
2.699237465030491352e+08
2.244878015883405507e+08
1.500893264811903992e+11
3.287477525813850109e+06
7.577975607861782424e+06
2.260549960461966321e+07
6.346784213670284487e+06
2.975703175653904211e+06
1.126505690140719060e+06
1.123640941621296515e+05
8.117576014871464577e+04
-3.442780484970413818e+04
1.145249743089855911e+05
-3.861938758346577379e+04
7.331875770847958326e+08
-1.046459510979022889e+05
1.258245884358224273e+07
5.779601870405776501e+08
2.649782518970638886e+07
1.367508741505584493e+07
7.247440004813296795e+08
9.009286869509959593e+06
6.029701917839317322e+08
1.257099028090978712e+08
2.195204262545477971e+07
1.124775763424539007e+07
3.578830295505423844e+07
2.244224445269165188e+07
4.263649194857589155e+07
2.942110195382903144e+07
9.452768198985580355e+06
1.890375579186016694e+04
1.884386059531674255e+04
1.911275330778502394e+04
1.892615652964342735e+04
1.812476860763353761e+04
1.875574249991436955e+04
1.885950691986762104e+04
1.821697661801113281e+04
1.887010448075883323e+04
1.933265069249941735e+04
1.926909288116369862e+04
1.828893751842336496e+04
