2.745285412916922360e+04
6.210245241926273593e+03
-1.852487642710479122e+03
-7.310053727690858068e+03
-7.758790074998170894e+03
-1.085911733466214719e+04
-1.365232091644162210e+04
1.826020875151877105e+07
5.711178204101165757e+06
1.125396882064079307e+07
3.468149123820104636e+06
2.062293684739599936e+06
5.208566756817121059e+07
1.342618165771230310e+07
2.738955620450394973e+07
2.640233503659605049e+06
2.947211637179064378e+07
2.666496227191758901e+07
9.732914741085140035e+06
2.445759890312568750e+06
1.281564406168239355e+09
5.449082825098545291e+06
4.892304375866545439e+08
9.092578968479249626e+06
2.609596024096652865e+06
2.716733356934748124e+06
1.914008740200823545e+07
8.849492687405959005e+05
1.426954108571537654e+04
3.881090265072557144e+06
4.828809419721071026e+04
1.524211149635930778e+06
1.520737897975520173e+04
1.965580332914934307e+07
2.598587840546048433e+07
1.174468517944983905e+06
2.572138129111388116e+04
2.565367886949016247e+04
2.422934377237982699e+04
2.469597513782003080e+04
2.650201253945450298e+04
2.467371105747029651e+04
2.590843488851934671e+04
2.622920631159440381e+04
