7.928016874125751201e+04
6.307256788187881466e+04
4.935778431801719125e+04
1.750246716691073030e+07
6.273158067796625197e+06
7.232019329795818776e+06
4.811991484985036775e+06
2.891373437602176797e+06
1.930402725932133617e+06
2.435841798298062757e+06
7.119641052523484230e+09
5.807975012279930525e+06
7.753633891853558598e+05
1.942162660710907308e+06
7.812092613066080322e+11
1.491897623482140154e+07
1.394978920789351463e+09
1.070208505425665935e+05
1.584396703064288013e+07
6.186783820443941513e+05
9.272366306946739554e+06
7.129763614666865906e+05
6.433737817591410130e+07
5.968937705806734413e+07
1.016717047788639204e+06
1.029144095878531574e+06
2.803927739671419840e+05
1.954308808893408477e+08
2.667844331688935161e+08
1.495171266565134982e+06
8.229449336318926653e+05
4.270292288478445262e+05
5.974773966679183068e+05
8.165620428675302537e+04
7.950946258991205832e+04
7.609670024358929368e+04
8.075684366415347904e+04
8.159857125608291244e+04
8.179672357387805823e+04
7.670733416954090353e+04
8.041865821208228590e+04
7.780130009526881622e+04
7.958897399798978586e+04
7.870154653943551239e+04
