8.949725876887596678e+04
7.756297401489462936e+04
7.415562895845639287e+04
7.496450099444788066e+04
7.261176118000500719e+04
7.809399923991699517e+07
1.115260864611037076e+08
3.452251602149461955e+07
5.029108394985073246e+06
1.735785867664147168e+06
1.605515692362617142e+07
2.242711601466920972e+08
2.688611025177626610e+08
6.484834653561213985e+06
2.920488225291066170e+08
6.830893638404752016e+08
3.205972697040796876e+08
1.019039420497490093e+07
2.070269510504264012e+07
7.838957665589348413e+06
2.591862903932529390e+08
1.024579990354363248e+07
6.879914168126469478e+06
1.801456153183933347e+06
1.197306345335520059e+08
2.022922108107564747e+08
1.040072386516785026e+09
9.677295200706621632e+06
1.557919498747404432e+06
1.515668366632477760e+10
1.980059455164524078e+10
2.443335096424077606e+10
2.890106408457244979e+05
7.251775152212627232e+06
4.350441303196483641e+05
2.627534800066962093e+07
1.169955797148945928e+07
5.604176994619453326e+05
9.028998793211797019e+05
1.875405487896825420e+06
1.811661302362104645e+06
1.031375163359565195e+05
9.810414954934152775e+04
1.033425907432928216e+05
1.054192553309364012e+05
1.060467033927093726e+05
1.002240106888288865e+05
9.712838622966478579e+04
1.019316487222911674e+05
9.737880487342952983e+04
