1.267205726437661942e+05
1.018740772550209804e+05
1.062723908213449176e+05
9.947829746326437453e+04
1.888360963564393343e+06
1.259261672853320604e+06
2.179942354186377441e+12
1.703318443583981320e+07
2.344876519068093896e+08
1.545034618318621826e+11
6.006852829784246860e+05
2.406744432119685709e+08
3.874611438237830162e+09
1.967063253465053067e+07
5.762166820653762817e+08
2.133850959619785473e+07
2.265519418113330901e+08
9.198063006151819136e+05
8.522502391248990595e+07
4.187376893057285342e+06
4.664316386180361733e+05
2.401378325148721226e+06
3.249607772905538790e+06
1.899664833306161687e+06
2.312002342754608020e+06
5.591984838353008270e+09
2.125399592721629422e+06
1.075331828575942278e+09
1.653714150192722492e+07
1.278986767724244855e+06
8.879582726245993376e+08
2.919330656065655351e+08
1.298080777400170118e+08
2.189576191213803738e+07
3.111424224903776776e+06
2.807606344391446328e+03
3.712710975518833729e+05
1.630051083921379875e+06
7.903165416913069785e+05
1.689603038618762817e+11
1.166400295080981217e+06
4.418796980579796247e+06
5.617247634197390079e+07
-7.142382879047434835e+04
3.098370942464060499e+04
5.863998702081252635e+07
1.658624694079568237e+07
2.310351657866872847e+04
-3.320789157392262947e+06
-1.335105945475806948e+05
6.750522963558509946e+04
-3.913045616178276832e+05
7.457378328876635060e+06
6.177149462882438675e+06
-3.478552532386523671e+04
