1.061902323053076252e+05
1.481945464493002743e+06
4.653400533884827746e+05
1.185129304329643492e+06
1.039023899080511369e+07
1.057402199837771505e+08
6.609820444827616882e+10
1.485182246216421947e+06
4.306305832384523004e+06
2.175315281713723205e+06
1.941809426152821630e+07
4.244545338851477019e+06
1.398875658112505451e+07
3.158390399211412761e+06
1.352918975026315264e+07
8.723867118581482768e+07
1.555220082805504203e+08
3.161389368435125798e+06
1.907942045603839681e+07
3.687936692327591591e+06
3.894235121323273983e+06
1.368017805119052064e+06
3.911235658500160694e+09
1.291286915854241233e+06
-6.608458472229726613e+04
2.963995410718559287e+06
-1.048243868160014972e+04
-9.743645833788905293e+02
9.440942080727893114e+07
8.816922151189219207e+06
1.404860037301519886e+06
-3.356981093713806942e+06
