1.844060166555813339e+05
1.642894575491625874e+05
3.428709764332239283e+05
5.839922360567261931e+05
8.491575347614826262e+07
1.317492613096573763e+07
1.214877084357043952e+08
7.926786189721368253e+07
2.273293988766649738e+06
1.423344395332795568e+07
9.118712596889130771e+06
9.446752766234302893e+06
1.799650752851332724e+07
1.096159486599853961e+06
1.089625761060683522e+06
2.641329412349074613e+06
2.801713184036147781e+06
4.046690561363149434e+06
3.173353029540137388e+06
3.073341304128408059e+07
7.049245021443034522e+06
1.372593051320261881e+07
1.657442098786171846e+04
4.837227001992872916e+06
9.663463695408315659e+09
9.471403509644551575e+07
1.743289077265595552e+03
-4.223600763320281840e+04
1.032427366141474107e+06
3.113169443478052318e+07
2.615754006488277893e+11
-1.091403353321598843e+04
1.424703317560856875e+14
4.320902572798579186e+07
3.140432421576159500e+15
3.404613362121223472e+06
1.277216957203748375e+08
2.645038877722316742e+10
-2.246646180200713221e+06
4.561321956623997539e+06
2.045721658997457474e+06
5.585260920262228698e+06
1.167597726760782433e+10
5.420789029598070774e+05
1.450778084351279540e+06
-1.786743327282749815e+06
