2.287934380768213887e+05
2.172760796801744727e+05
2.152133163108710723e+05
2.078498996463696531e+05
1.499852793546105968e+06
5.500213092509797215e+07
6.238372909432133660e+06
6.593285862658451078e+05
2.744289313582880422e+05
2.565354755514423549e+07
9.393778388310784474e+06
2.028351282977600396e+07
2.510672823701544839e+05
3.282279443686286453e+06
1.680775979062893242e+07
4.191774146134934574e+07
1.230233489789002091e+08
6.765174460900173290e+05
5.676864271521542687e+05
9.840434179466021014e+05
2.506163774215814099e+07
2.394404352497221947e+09
1.326778577472846722e+06
7.062302567319403589e+07
1.582384801260174036e+09
1.544516817209002096e+06
4.474374751132234931e+07
6.373146588223552704e+09
2.677174984176761150e+09
1.344598504286284447e+08
1.429133549787127180e+06
8.858737927080944646e+05
1.697505711445911527e+08
5.016684860258612671e+11
2.195178169108291622e+06
3.802310772974789888e+07
1.881525378863362595e+06
2.809597812389687635e+06
4.577415656813411042e+06
7.533114139174672961e+07
2.469427105927278288e+06
1.104007360260519944e+07
8.769006066617514193e+07
-7.370710843535987078e+04
9.552713004796917737e+07
1.211786362574598752e+06
4.254149342570120934e+05
1.062191786877985112e+06
-2.427864790123843704e+05
8.480526989606015850e+05
-2.426087852511658857e+05
9.772460025329319760e+05
