2.232683914023566758e+05
5.076715156642459333e+06
-1.054453240947239829e+05
3.335482907578023071e+11
4.644565530949373245e+08
1.249529732272493094e+08
4.952344038547933698e+08
3.168745596534525510e+06
3.792341342794516124e+06
3.622080462079712888e+05
4.933325075335738249e+06
4.600134003025171696e+05
3.052598466179131065e+05
2.536157048741379678e+08
8.281557375772477826e+03
9.290640351208333159e+05
3.905571402658040170e+05
5.833908788993773609e+07
1.974613348333060503e+09
6.919956844786444902e+08
1.566233672614931583e+09
1.242864155239566162e+12
8.746871483749486506e+07
2.790517936856541824e+10
1.027426243567634225e+08
8.389302488973683119e+07
5.291849773761391640e+08
1.440175633811901789e+06
3.820193601995268464e+08
5.588322002778881788e+08
7.988057078010845184e+07
6.888589564318490447e+05
2.410913602555645943e+09
2.887332631661044121e+09
8.029199545997786522e+07
5.370551214443356323e+10
1.008726123475452214e+08
4.683241385107188672e+07
3.929800205991743803e+08
2.015526551689731714e+05
3.309176102700375486e+06
7.733465121486814320e+07
4.562148944212808274e+06
5.515645540806839243e+06
3.322716327436107676e+05
3.293509753654925153e+06
3.309943163147953805e+06
2.215463032365791500e+06
1.513737887576939771e+06
1.642718969853324350e+06
1.829870530212799786e+05
1.704291518020904390e+06
1.728312823816776974e+06
6.441367296881417278e+05
2.038269044974828139e+07
-2.739485251758567756e+04
-9.639721699600160355e+04
2.577080513893599436e+07
