-3.795571277192437265e+04
-3.907268441361439181e+04
-3.947313553713595320e+04
-3.991877990752162441e+04
2.226262073351195145e+10
2.439464554472275925e+10
7.848135884227657318e+09
5.293534974162313461e+09
6.800996698069167323e+06
6.865062817255804315e+06
7.893782387301253155e+06
7.940847770279762335e+06
7.927082888531520963e+06
8.009499745764428750e+06
3.339590941041871160e+07
3.425490965400984138e+07
3.398133826200538129e+07
3.383977016638056189e+07
3.399514497384170443e+07
1.218130522897079140e+08
1.232144626701608896e+08
1.243782608009894788e+08
1.229785704157066196e+08
1.224331578294204473e+08
9.412309176302770153e+06
-2.099960178477828740e+05
-1.990127022589478875e+05
-2.040894546002968564e+05
-1.946008611327950784e+05
-2.103020223036131647e+05
-2.092959473126915691e+05
-1.830012585293190496e+05
1.841328494561328553e+05
1.859142748822256108e+05
1.865652958456437336e+05
1.847730360751613625e+05
1.842613581285460386e+05
1.848525544552720676e+05
1.862923086789801600e+05
1.846233690476895135e+05
-1.817177648813580163e+03
-1.822917234724038281e+03
-1.833129103198763914e+03
-1.830668443666101666e+03
-1.826638778083637590e+03
-1.828227823645225726e+03
-1.816452160452696262e+03
-1.818886576748278458e+03
-1.817196824296843261e+03
-1.818058117540058447e+03
-1.829488502879627049e+03
-1.829004854757513385e+03
