-3.655031832621870126e+04
-3.852576896864140872e+04
-3.932387663412474649e+04
-3.975499605654594779e+04
1.544653242123442173e+09
2.112847807715625763e+09
2.083322288738526344e+09
3.138758366866967678e+09
1.693506374518408775e+09
2.794412432184853125e+06
2.761484514185362495e+06
1.983830709085391602e+12
1.943569823863075928e+12
1.502242105111889160e+12
2.274567426356907227e+12
9.531866913752618711e+04
4.816045405172167229e+05
4.708406593163384823e+05
4.636552598256199853e+05
1.238488907344787731e+05
1.730236639197888184e+12
1.805564318585426081e+06
6.880376517449457198e+06
6.879858117023047991e+06
6.882768892069966532e+06
6.813731458506116644e+06
7.014325679998467676e+06
6.898209621270701289e+06
7.578513640844346955e+05
7.733956296066896757e+05
5.699451524037468480e+05
7.448510664456462255e+05
2.771693833297704905e+07
1.146667466940121911e+07
4.768495668271820992e+06
4.217285095221601129e+08
6.793986474311332218e+06
-1.683178234871040331e+03
-1.663139565382996807e+03
-1.658189152570499573e+03
-1.659995893385494128e+03
