-3.751852462704964273e+04
-3.903467913948597561e+04
-3.950219185672300955e+04
7.792676926427577622e+06
1.793054200850589201e+07
1.564162280406333923e+09
7.491475654692813158e+08
1.034878754924781799e+09
8.845762625495494604e+08
1.627203891323722363e+09
9.721094304768089056e+08
3.589215233890773728e+06
3.571018963946706150e+06
3.471539818261708599e+06
1.374178983052458614e+07
1.262879497618857957e+07
6.857468199546884000e+07
2.505838224317790031e+09
9.123646214390310342e+04
1.685136321294505615e+05
1.377381940378334839e+05
2.484756437078838062e+05
3.061361782857410726e+05
1.080439434965883847e+05
5.146127631427964783e+10
1.155372627059680023e+11
3.791477779135742664e+09
2.288537759218338394e+10
4.662387229524778366e+09
2.357419778269932556e+10
1.431480362277846909e+10
3.755154094256408280e+05
3.777682594362780219e+05
3.723734822205562377e+05
3.605288108331409749e+05
8.010675275762602806e+09
3.424745137702487469e+09
4.448070353397389412e+09
2.370212875349111080e+09
1.641573642832253933e+09
1.875773189784190416e+09
7.614945724293366432e+09
1.929017782767917871e+09
5.879552948410711288e+09
3.013110407498191833e+09
5.551131852820409775e+09
1.487732361536324263e+09
-1.437413028193579521e+03
-1.414681300377269508e+03
-1.384549256651778705e+03
-1.418918028112908360e+03
-1.425207599521119846e+03
-1.439773908465926070e+03
-1.440029268508777022e+03
