-3.469121657710883301e+04
-3.516911045168433338e+04
-3.572935143133232486e+04
-3.721891014725957939e+04
-3.789470488348232902e+04
-3.902807239011969796e+04
2.104096032197021842e+08
2.551927123666867912e+08
2.692767180481835268e+06
8.713558775772273540e+06
5.611475236027661711e+06
1.361709803893220087e+05
2.270094053273211420e+08
1.770746367565488219e+08
1.518663560130062997e+08
1.363593175593634248e+08
3.042693056580311060e+08
6.682668042775901966e+06
6.851895460117710754e+06
6.567720158650928177e+06
6.867032943247014657e+06
8.016314350330841064e+09
1.791976860649717331e+10
2.195933908100969315e+09
1.212419962101899338e+10
2.029465658149006367e+09
1.044788862868954659e+10
4.458139503994019032e+08
3.135998805053031445e+08
1.234204063112672091e+09
5.144497262544338107e+08
1.257202714774436876e+07
1.227224102922938764e+07
1.125769397568884864e+07
1.113810388592024893e+07
-1.413846655467670644e+03
-1.396329788013012148e+03
-1.408028894473536639e+03
-1.425625041603518184e+03
