-2.915743678260492379e+04
-3.684194952086530247e+04
2.178463237955852509e+09
2.425951285081211567e+09
1.572413384124716977e+06
2.170146615552215371e+06
1.567284761315421900e+06
4.168977196570954751e+06
-4.913990231988325831e+04
4.106679653061388135e+08
6.679698234684138000e+07
6.661171362434413284e+07
6.738337558269774914e+07
6.633389556682651490e+07
1.638832565778977871e+08
1.249334314951935261e+08
1.330967271279312372e+08
1.836480005952164841e+10
1.057449608289369354e+11
1.595114185362009287e+09
9.463860412388999939e+10
1.298496664239275455e+09
1.329366653675505877e+09
3.113243652210288048e+08
2.991583873760805130e+08
4.252426566771782637e+08
1.612977184628487378e+07
1.700335636616224796e+07
1.538864766170321219e+07
1.203634850763812847e+07
1.498522640744941309e+07
9.979552919967656955e+06
9.769542110024431720e+06
7.264227002729183435e+07
7.656399419135700166e+07
7.737713845566986501e+07
7.478926275424405932e+07
7.340954470773835480e+07
8.090875257379552722e+07
-1.412333750525373034e+03
-1.408354648859647568e+03
-1.419469129035627702e+03
-1.395971312187233707e+03
-1.421943621391197667e+03
-1.397798218571522739e+03
-1.435109343693038682e+03
-1.399048609553894494e+03
-1.398013678267394425e+03
