4.911274699288171530e+07
2.848061692589442749e+11
2.733994685762779846e+11
2.768283421226788940e+11
3.039021524496948242e+11
1.341150384845628589e+07
9.924530760028347373e+06
1.440921801331060566e+07
3.192457881256286621e+11
2.973005207667774658e+11
2.022845763659262466e+10
1.381251617418455887e+10
2.226890192041326141e+10
1.699798391887846947e+10
1.269081397756212391e+07
1.271521035830269940e+07
1.274986099839977548e+07
4.452398087449014062e+13
4.300101096786408594e+13
3.012780109167547198e+05
2.974120716441937839e+05
2.947652831670305459e+05
3.040782094032672467e+05
3.005662137012236053e+05
3.024528479273621342e+05
-3.944458232264276012e+04
5.114632500900255889e+07
9.903547714632635470e+05
2.096704987783727407e+09
-5.991235408135375474e+05
2.655255595110531998e+10
2.880129448254031315e+07
-1.428345325470989337e+03
-1.402468669962021522e+03
-1.432194829681597184e+03
-1.386451694367628079e+03
-1.386094740775530227e+03
-1.391183060760493390e+03
-1.420715912150393706e+03
-1.436448078923829598e+03
-1.422549218201689655e+03
-1.385338923075993080e+03
-1.428033434936485719e+03
