-3.700156842715585663e+04
1.100382272534105957e+12
8.255639129047260284e+09
4.176253542537083384e+06
4.216673146423155442e+06
3.252005101141002029e+07
8.701906638445667922e+05
1.125002792490276545e+08
1.367306505017578304e+08
1.321383577315723598e+08
1.233192989088337570e+08
7.151811534133735299e+07
1.799008090577296680e+06
1.820811494309653761e+06
7.235165902726224065e+07
8.188371660707356036e+07
8.494512694450807571e+07
1.176204392737758301e+12
7.465113672394654000e+15
5.341281077366647124e+07
4.267057535789223015e+07
5.320723233352226019e+07
4.349727931046844274e+07
4.069457149454110116e+07
4.160261948018336296e+07
3.960790461525300890e+07
4.075802983848603815e+07
2.247108210032550618e+07
2.265601621123740822e+07
2.300450556500834599e+07
2.395374911343970150e+07
2.341904976941698417e+07
2.194857991110492125e+07
8.328328453730490059e+06
1.370384429208645225e+08
1.028391241675734669e+08
3.282018199614690244e+07
1.229288428988172300e+07
3.140930949960860237e+07
-1.227555898609251017e+03
-1.202367552981973859e+03
-1.231394090890185907e+03
-1.206783528350235429e+03
-1.219242459500615951e+03
-1.182660117910243571e+03
-1.188018739904102404e+03
-1.176061911595636047e+03
-1.229406871614308329e+03
-1.235412061004841235e+03
