-3.666784069452714175e+04
-3.860576534192771214e+04
-3.903199688968544797e+04
1.870014129731290787e+07
8.063120171997968853e+07
7.210193336133126915e+07
1.146791915525340289e+08
6.663212944846865535e+07
2.809835922969930246e+07
2.614513012233961746e+07
2.481647811381939799e+07
2.629935826241400465e+07
2.818032141941190958e+08
2.643119808593182266e+08
2.581538301880914271e+08
4.479645130150985156e+13
2.758993605110730312e+14
2.524617605096897949e+12
9.094698052446148438e+12
1.082163186651045898e+13
1.528938208895717049e+06
1.388678198536559241e+06
1.386074113768064184e+06
1.484394661770337727e+06
1.515307243993283948e+06
4.583049072777065448e+05
4.535942176312535303e+05
4.594317195427940460e+05
4.674577347973893629e+05
4.700498718956583180e+05
4.715474702253685100e+05
4.569820240859219921e+05
3.474546404419527435e+10
1.064357409206296921e+10
1.086160893659387054e+11
8.543662305395806885e+10
1.941079768533484936e+09
1.130090444875394630e+10
9.621912823977317810e+09
-9.369189554561744444e+02
-9.139454111547383945e+02
-9.622702158770407550e+02
-9.652893588446313515e+02
-1.008988300148484996e+03
-9.950214056182303466e+02
-9.440216066133871209e+02
-9.919336304099124391e+02
-9.560659928099776153e+02
-1.012294433850009227e+03
-9.555479524569818750e+02
