-3.582422351425688248e+04
1.014214086731000245e+07
1.019253732686890662e+07
2.008514956211232245e+08
1.620738617598494887e+08
6.394022933378044367e+08
1.853407700520047173e+07
1.695403748079024353e+11
3.174011795581534132e+07
1.549220451767924726e+08
1.807900667669613957e+08
1.041497461120904684e+08
9.598985405577287078e+07
1.810536947434128728e+06
1.801749604044287698e+06
1.829132437819591025e+06
1.775272528128532460e+06
7.091291567218336463e+07
5.176887472832489777e+10
7.433387095533901978e+10
1.551265412844886631e+07
2.124658429466992617e+07
2.170602048494944721e+07
1.525090195359398611e+07
1.955084158656697348e+07
2.338979011825240031e+07
1.944872632717839256e+07
1.472586268455495499e+07
1.365076246763874963e+07
1.447500843154145963e+07
1.384384906755582429e+07
2.197694834762303925e+10
7.473648807057445068e+11
6.374217011195433807e+10
5.835155306428467969e+13
2.805909279652540039e+12
3.031820279960970402e+09
6.002724359458639000e+15
1.662097885975876465e+11
-9.941663605570211075e+02
-9.295860180009913165e+02
-9.549400172362511512e+02
-9.901888094882015139e+02
-9.391495485522027593e+02
-9.899331874832569156e+02
-9.485161485378630459e+02
-9.960855501677433494e+02
