-3.395657867648771207e+04
-3.817408102940949902e+04
-3.899969777828567021e+04
3.806707277324011177e+07
4.518958343543593407e+09
8.528015632184766233e+06
3.924695567310175393e+06
-3.756514033519260702e+05
5.326337234977721528e+04
2.143153062510741651e+08
4.802041418197196007e+09
5.880300548376972675e+08
1.090690550543555498e+09
1.450133873364947000e+15
8.651644570347475000e+13
3.426863986028673438e+13
7.625107987403572083e+10
3.413417826233136002e+06
2.381647639511373639e+07
4.905089052061809540e+09
4.597807879872776568e+06
4.654389188785160892e+06
4.637281676334411837e+06
4.878546304013867863e+06
7.114456653507473755e+10
5.658744774573939514e+10
7.774707401439176941e+10
2.530182453574423981e+10
4.265160675485293579e+10
2.628695028394375741e+08
1.999573387099280655e+08
1.483330707555118501e+08
2.123756763683684766e+08
4.078394394198894501e+08
3.098438508239539266e+08
5.544665437027403116e+08
4.042284223484486341e+08
3.067612023227487206e+08
5.562494160168570280e+08
1.606702862225244939e+08
1.816458518737072647e+08
3.010196815799447894e+08
-9.876280483088630717e+02
-9.233788672823866364e+02
-1.002194496290874667e+03
-9.170921161741134711e+02
-9.359917359233077150e+02
-9.840200171507894993e+02
