-3.384127107644829084e+04
3.953269207167354971e+07
3.127393505766003206e+07
1.481549678306812886e+06
1.558951267367422581e+06
2.169283870072319031e+09
4.515542596953948736e+08
4.573229416141606867e+07
5.048030009327688254e+06
2.346696116075614467e+07
2.356670404721283540e+07
2.384161338684672490e+07
8.836400507923190016e+05
5.762390538344077766e+07
4.602479647355734557e+07
5.759466341044794768e+07
5.315829845269323327e+06
4.538530918565580621e+06
4.720712654193751514e+06
5.440761733074219897e+06
4.403655426232118160e+06
4.967339013447636738e+06
4.506581021145990118e+06
5.552308012004408054e+06
5.708213619246267714e+06
6.324468830015043728e+06
6.650369964627046138e+06
6.233062945870256983e+06
5.740868703091966920e+06
5.509503898473029956e+06
1.352595712633700343e+06
1.406249688336558407e+06
1.317687726079009473e+06
1.403812134507786483e+06
1.038628790963484955e+10
2.818064287404761963e+11
2.240154305351816406e+12
4.811903349527174950e+09
2.330183415258291245e+09
7.911175081730581250e+13
9.792543356503263474e+09
4.389903977849099731e+10
-1.083456329476321116e+02
-1.081229825065238401e+02
-1.260324508490157314e+02
-1.771256105992652010e+02
-1.129955681995779742e+02
-1.659127821480506100e+02
-2.474261883484723512e+02
-1.458301237807900179e+02
-2.279080301027279347e+02
-1.004764393761870451e+02
-2.446139644861395936e+02
-1.096356232709367760e+02
-1.940822360491147265e+02
-2.691939982563490048e+02
