-3.254402010025120762e+04
-3.507819777498568874e+04
-3.528338942531611974e+04
-3.560048927784224361e+04
1.613820158551175892e+08
1.627408887860497236e+09
4.801808344978417736e+05
1.683520640342267752e+08
2.567288038889865234e+12
2.950964551369723082e+08
1.372473419471239112e+07
9.659983375675221905e+06
3.732925265218296088e+06
9.871421441108206287e+06
2.553662897899631411e+06
2.358696828738526441e+06
2.462263775595714804e+06
2.509674604688885622e+06
2.493061226716302335e+06
2.468826927236548159e+06
2.593426788092622068e+06
1.011004695816520602e+06
1.169827138040487655e+06
3.187600027927998066e+09
1.251179830399655038e+06
1.201790690597232431e+07
9.052006878040660173e+06
1.761229437238996103e+07
1.338265612785137817e+07
3.950339110384894302e+05
3.877462660410340875e+07
4.655373581159058571e+09
4.890159045619886369e+06
4.239016437065782928e+10
1.178533020492534399e+09
1.527199548234196305e+08
5.512554139101722836e+07
5.125051639948227882e+09
1.243765743297525024e+11
4.088806463133547306e+09
1.934396109677947840e+17
7.830668774301454425e+07
1.887369518609928955e+12
5.814970554744267464e+09
6.019870491310778856e+08
1.966847942108317511e+03
2.059139891661674483e+03
2.152085051901580300e+03
2.049418063528893981e+03
2.247653677989990683e+03
2.191195129429193912e+03
2.051772292026726063e+03
2.329061884916096460e+03
