-3.019652653157089662e+04
-3.158253886617059106e+04
-3.243763227482880393e+04
4.527035622291037440e+07
2.922811169833234977e+06
2.742976388955542818e+06
1.092800092722256109e+07
2.057905567161425948e+07
1.851099552732373774e+07
5.315546158510727882e+08
2.296626753261796474e+09
9.722748921293886185e+09
1.897013857931269705e+08
1.390541323826178443e+06
1.100176795648290310e+06
4.245920220207487000e+05
6.092923074970043963e+05
1.226011962464920012e+06
1.578483067146883607e+08
2.635116928157560229e+08
1.196439036404379876e+06
6.344716774818869308e+06
3.024561633717890382e+08
1.308036300195039749e+09
2.282352176016960666e+07
4.292047287327223271e+07
1.411994258860729402e+06
4.415954015720113754e+09
7.073558587858630344e+05
1.737351794278691057e+06
1.989052391675004503e+06
2.612263971772098047e+13
9.629012909743922064e+05
1.108498236340356991e+06
4.270420881418464705e+06
1.176221531523478683e+06
2.907668599816578125e+14
1.271371576182870893e+06
5.654596508378987014e+07
4.994621617774391780e+03
5.274983581402630080e+03
5.010581567909888690e+03
4.843326278084976366e+03
5.227045366453821771e+03
5.247590420650172746e+03
5.129818986261059763e+03
5.241826073245523730e+03
4.884095653808588395e+03
5.291427589855826227e+03
4.790261448633304099e+03
