-2.441312540616246770e+04
-2.817210016710322816e+04
-2.796542137923416885e+04
2.124563222865494899e+06
2.696923830255371984e+06
1.848264836385454983e+07
2.013955636907384917e+07
2.018693259708819911e+07
2.623475073579945312e+12
9.720011325341455078e+11
4.983417282859738469e+08
3.374912370771124268e+10
1.722015899420297146e+08
4.925492739240325928e+09
7.509034361263391972e+08
3.299662080049620941e+06
2.723328520057967980e+05
4.788275465992279663e+11
4.706039749778620899e+06
2.617198115591458321e+09
2.321887113840090179e+10
1.466617544890078716e+07
2.885753909766096156e+06
1.922923850551569462e+09
3.370818794099115580e+07
3.759830098321801424e+08
1.198967599213768840e+08
4.112537168616206618e+05
4.562099620509475935e+05
4.906298657588901115e+05
6.457163695711640175e+05
5.980301819456990343e+05
6.106843560842794832e+05
4.722530895875826827e+05
4.831438346268816967e+05
6.053367362908585928e+05
4.878079246205840609e+05
5.986767987646214897e+05
2.078829576493138969e+08
3.447584059876448475e+06
-1.101006580827186117e+05
3.549066689955539536e+06
2.053492183402698487e+07
8.295455234732097015e+05
5.507913497352669947e+04
6.943101711757248268e+03
7.068218626952933846e+03
6.943009467320749536e+03
7.606267246715287911e+03
7.624251949313940713e+03
7.090806874466070440e+03
7.755691975033958443e+03
7.348892674767324934e+03
7.533904003603442106e+03
7.656376216758246301e+03
7.491726508296676911e+03
7.177858821595640620e+03
