-2.918448086535510083e+04
7.174017501598242670e+06
7.578260422256495804e+06
1.955628783267352730e+06
1.426969082649714313e+07
6.055976030363233760e+06
6.025225173152957857e+07
4.210032445118898898e+07
1.717598139278774906e+05
1.860118118879540998e+05
1.960183482511868060e+05
2.010498604323850304e+05
1.757931485791970044e+06
1.413669756123306463e+06
1.034447585839123726e+08
2.749880271764487028e+08
3.551951766968688462e+05
3.519150272832585499e+06
4.559973343939945102e+06
4.366274542052574456e+06
1.238766083195067942e+07
6.766737145520242862e+06
7.729715227518139407e+06
6.034241029260109179e+06
9.342898070530852675e+07
1.538446563938171603e+07
6.536724361282965168e+06
4.837566922720161267e+06
3.175387502313938923e+06
7.140298871780338231e+03
6.972856971824716311e+03
6.905798662409448298e+03
7.688352409100305522e+03
7.512138676719652722e+03
7.261218118172342656e+03
7.752603086091665318e+03
7.070213045096636051e+03
7.687104528477502754e+03
7.613426998032751726e+03
6.950952758245315636e+03
7.321170149431942264e+03
7.382073833145957906e+03
