-2.578713666385273245e+04
-2.671651345879687142e+04
-2.705806697628050097e+04
1.531547228723290609e+06
8.674810452604079619e+06
-8.744629061402128718e+04
2.517464830549055769e+05
1.493425037735975161e+07
1.180012993985435218e+08
1.322615318426395874e+11
2.574128784006227016e+09
5.893175349221464421e+04
3.290588451417255859e+11
2.643541314659113996e+06
8.010745404825258255e+09
1.474908447451187611e+09
7.892697543055129051e+08
6.344605663815289736e+08
4.044299145086033630e+10
2.219803653365473633e+11
3.856597322606547475e+08
8.973749502524577081e+06
5.020444716075753174e+11
1.787320793865280226e+06
2.324930585054313764e+06
7.520485614653393626e+07
1.006160100607905164e+07
1.218197285956359253e+11
1.680188651148800087e+10
3.839208070519888774e+06
6.010927057141561061e+06
2.316908353280463442e+07
-1.432789233630748349e+05
7.372642590268982574e+06
-1.319647689177261782e+04
-1.456667437664842873e+04
7.051105298073765755e+09
4.143690185134550476e+10
-1.822316218968467438e+05
1.007400738654891029e+04
1.017534466452567722e+04
1.010060384774956037e+04
9.752577071965468349e+03
9.602089457079157000e+03
1.012914460249405238e+04
1.016107870133832330e+04
9.664055453566601500e+03
1.077802086997279548e+04
1.004054359881958226e+04
9.868007571872905828e+03
9.911509112035302678e+03
1.050492745110500255e+04
9.986461101171065820e+03
1.022193218433807488e+04
