1.102680158349352860e+04
2.760243901625359654e+08
7.330338055380724669e+08
1.293706633244816214e+08
2.490944155252213001e+09
-2.079721342906925929e+04
1.389967775809069350e+07
3.624239827150580406e+09
1.183531580116422176e+09
1.644444525225331075e+07
2.434356922831708565e+06
3.879386127798140515e+05
6.441641538573943079e+06
1.488067933956343867e+07
1.937808980402197316e+07
1.515951031478160876e+05
7.167092257436655462e+07
8.243149408886904712e+04
1.813722860783323646e+07
1.288710367052236050e+08
6.829359858934699558e+06
5.691818666634449037e+05
7.868299025557893328e+05
6.385365035014371388e+06
3.093957427865857608e+05
3.415800184673362412e+06
2.841298551409881562e+06
3.122894079054024187e+05
7.483811986144134426e+04
8.220176428051161929e+04
5.657149723056767881e+07
6.985163724249164807e+04
5.898324047392878856e+04
1.794249054124229879e+05
-7.047026706239147461e+04
4.680045852517287713e+05
-1.812729093990117544e+05
1.088864551659205463e+05
1.550069635823353529e+08
9.777574138890533941e+05
8.811036029737934005e+05
4.640455991098515689e+07
3.970876182240179274e+06
2.834018596541969106e+07
1.944277055680900230e+04
1.942407414683047682e+04
1.842149235366086941e+04
1.967390434989810456e+04
1.796320228706882335e+04
1.798747213099154760e+04
1.931858622742001899e+04
1.912411447328125359e+04
1.895973707913712133e+04
