-1.533757655758595502e+04
-1.562914208535022044e+04
-1.563626014482108803e+04
-1.795944488517850914e+04
9.065966042029417586e+05
8.448985798879289068e+05
1.093478027575073764e+06
1.160213728750110865e+09
9.514160538112078793e+05
1.377189445876273885e+07
3.105500018409440760e+06
2.888510712009915151e+06
2.715839181084792595e+06
2.677290051188440062e+06
2.338312207755664829e+06
5.082789794301512651e+06
1.900435112113567293e+08
1.233803692518933443e+06
7.498318485676369164e+05
1.269781066998149082e+07
5.730701653233817779e+05
7.602068885865028016e+06
2.378936789823806845e+06
4.726758874255019426e+07
1.384012986813374795e+06
9.840178591632356867e+06
8.755017867266232148e+06
6.063841550636836141e+07
1.324090946931893349e+09
6.048758078593686223e+07
3.400399607817985117e+06
1.498460265027649328e+07
6.745261504570948750e+14
6.505584978263944387e+08
7.657793512388481200e+07
1.937956006719529978e+04
1.890740931437761174e+04
1.795819904158165446e+04
1.834722911576548358e+04
1.967902567619015463e+04
1.821067617849167436e+04
