-5.304392447404934501e+03
-9.893235562220066640e+03
-8.136456556403118157e+03
-8.760833554300686956e+03
9.635700979475369453e+08
8.350351279513522339e+10
4.648250495392535813e+06
1.665137545158890774e+06
8.797123301058533834e+05
1.048548833111027926e+08
5.384314394851496220e+08
5.965423865470793247e+08
4.422853011298967153e+07
2.761752367821207812e+13
5.694973221517146565e+06
2.678509700311198086e+07
1.751171703026325989e+10
1.007594876009209082e+07
2.114213677330699936e+07
9.295410055179365445e+05
4.039731713748285547e+06
3.193742724838002119e+06
5.488082809812115505e+06
3.383969746779656038e+06
1.363303396434265852e+09
1.259747940396965039e+13
2.011558624287345171e+09
9.421841159503689269e+05
-1.030386337878909544e+05
1.665962484543015003e+09
2.920730594711580197e+05
4.045766468702047729e+10
2.135695811343451691e+10
-1.956317486471367301e+05
-2.463017798927120166e+05
-2.042193011653841531e+05
-2.067181507286808628e+05
3.720364291782509536e+05
1.087276681978512788e+06
8.809608882662869291e+03
2.598603598400802002e+04
2.407692075519356877e+04
2.670685766112996498e+04
2.423002182969590649e+04
2.529610127951594768e+04
2.679083531320860493e+04
2.610469164078906761e+04
