9.666338454978336813e+03
2.147959657855436672e+06
2.642704709384883754e+06
8.156080951049854048e+05
9.759282952191043878e+05
2.499770837504127994e+07
1.049133361880448461e+07
7.764828667308122851e+06
7.228984465215458984e+11
6.340064671878545731e+07
5.777797119171115723e+11
7.585645018056602776e+07
8.438469228420441151e+08
1.889431825381270796e+07
1.280305627068787580e+06
6.023987763293160200e+08
2.452899670805053234e+09
7.701827533574525733e+05
1.235099033160407795e+06
1.900318741879050136e+08
6.980288618135708384e+06
1.030338536841928726e+06
1.923507683434049366e+06
1.416470846137827495e+06
6.149540601415702142e+06
1.309290977069175243e+09
7.216441613480285741e+06
1.110453533813105392e+10
1.250574663327625254e+06
2.962442923289525032e+09
3.275217131692290423e+04
3.520965306670070277e+04
3.556092649405106204e+04
3.310560055887105409e+04
3.463216824251873186e+04
3.523776977810022072e+04
3.472004215642422787e+04
3.473578332371797296e+04
3.271974530698059243e+04
