4.334785478602182411e+04
3.539840880106176337e+04
2.905054690432942516e+04
1.845458333994274493e+06
1.140237707997180708e+07
1.091473702399874687e+09
3.506512168914870739e+09
1.038220714599336028e+09
2.616930103953748703e+09
3.143391050967608643e+11
1.433892088846113682e+08
3.072865625946733356e+07
1.231832422182118753e+05
4.433372021469640350e+10
2.733600735208116055e+09
1.171736561149012856e+07
4.393154779248694889e+06
3.980163217985930853e+06
2.748445122386925220e+08
2.687876390791823156e+06
1.342777114016145002e+06
4.083857047236190410e+05
6.751685644462951459e+05
4.145100855293875793e+05
3.693243745958986759e+09
3.945889036223846436e+09
3.697886109671800584e+07
3.683609828479339834e+06
3.028436139037683010e+08
6.220315628123818897e+06
1.109619555956012569e+06
9.178698733778650058e+04
4.177857638440275332e+04
3.255952709188698791e+05
3.098769047413299605e+07
1.564526917122690201e+10
2.329151139314420521e+06
5.959360724969932926e+04
6.212690191803901689e+04
6.219778647821681807e+04
6.009305314872547751e+04
5.802801900445000501e+04
5.979374997143942164e+04
5.858894800237941672e+04
5.997803858292344376e+04
5.999021495251334272e+04
5.859594412985866074e+04
5.919501419000519672e+04
5.928123417323909234e+04
6.089495363162076683e+04
5.953564080598013243e+04
