4.916426146414493269e+04
5.102846901618157426e+04
4.643822532614768716e+04
1.770871502875629807e+10
2.587182282369244690e+11
5.973536018061429443e+11
6.497956628168137977e+05
7.635903139361907959e+09
1.677932670446666307e+05
3.791695727252774686e+07
6.053318080255816877e+07
-6.878686875355611846e+03
7.109584947549253702e+07
2.097969102259507781e+04
8.527016875470520929e+06
4.502996524253041297e+07
1.534021668414051458e+07
6.342073039410464466e+06
1.794208707885166931e+10
5.255056128970071673e+06
3.588037813694844842e+08
4.619168516964406250e+12
1.257094060220696405e+07
6.253833000285747528e+09
1.262882696804186851e+08
8.611075287488406897e+08
1.585863043596944306e+06
1.138788196589944651e+06
5.280364373448207043e+06
1.817245988819085807e+07
1.857123723748177756e+06
1.366921919140006602e+08
1.430855744952037096e+09
3.220998538483153097e+05
6.591258984039244801e+07
4.766329206529781222e+07
2.810207273876257935e+11
3.022710075702071190e+09
1.308178055753957062e+11
3.080450706276315614e+05
1.063486804291020185e+08
7.926819159133115318e+04
7.545147109094128245e+04
7.477901128598843934e+04
7.557576578337949468e+04
8.186030803045746870e+04
7.636257531842775643e+04
7.411843684038374340e+04
