4.874570593322708010e+04
3.246561788040183485e+06
8.154119652412126306e+05
5.065876630041295430e+05
8.342645172650709283e+05
1.323299680732543347e+06
1.103309582561901538e+06
4.697106184468514442e+09
6.416965258236165047e+08
5.902366000684459209e+08
2.228013334836157504e+06
1.033526718639981627e+09
2.717545436530162096e+08
1.312405784783397103e+06
9.038133134362289310e+07
3.629173961392937303e+08
2.390729931116459846e+09
4.943948552187809721e+06
3.110069364929683041e+06
1.247120420979751740e+06
6.093058886507933959e+06
3.270412314223066345e+07
7.165326307552974671e+06
4.847475010054008484e+10
1.424667895697790980e+08
-5.163795404358171800e+04
2.993644113449971676e+08
1.093313756072585093e+05
1.355859106881240479e+12
8.027568412908361643e+04
4.311164377933633514e+06
1.207437715767892078e+06
2.151544502341116592e+07
2.032857412309711218e+09
4.033584465456161648e+06
1.969056996014512610e+06
1.183068384992776632e+09
2.250924913595251273e+06
3.956928959312983789e+05
9.067052806471765507e+05
6.173029023744434118e+06
1.179058524877872318e+06
1.829552751386534655e+05
1.779864162244149685e+09
1.134357626625698242e+11
1.565019280718526803e+06
1.402162003058452454e+11
4.090253003018613000e+15
7.790365567801473662e+04
8.178561515083670383e+04
8.154902180889702868e+04
7.858302689970430220e+04
8.112368491378810722e+04
7.605555198092426872e+04
8.148241159076167969e+04
8.110398129502730444e+04
7.409733270619582618e+04
7.539734674459887901e+04
8.127064858592359815e+04
7.743566817218298092e+04
7.818461963689740514e+04
7.837878292370197596e+04
