7.085691042675428616e+04
1.102622736705004238e+06
9.659707789287376218e+05
2.848394365534010530e+07
5.601225263202973874e+05
2.332746086158703640e+07
3.562524431778400321e+04
2.173224398551313400e+10
8.073341036636154354e+07
5.746676308956774883e+05
3.198805840210244060e+04
2.235674615306587075e+05
2.478248865870892048e+09
3.152062148957521422e+05
2.568871929689518929e+09
8.770534456144928932e+07
7.296850083286505938e+08
1.792786165822358131e+08
9.158104833965032101e+08
4.751168442182999104e+06
3.483775553828685760e+09
1.173417772881079279e+07
1.740045004534838488e+06
-6.825717894908794551e+04
8.743247781810710207e+06
3.007923420460077375e+07
8.864286072588956833e+09
2.666874007257042453e+06
2.053130230123882890e+08
1.813582232859218359e+09
1.720228217458457686e+06
6.725503529195060022e+06
2.243034786718445420e+08
4.445678396040765569e+06
1.250006807985630585e+06
1.539849630453349673e+05
1.830360053432992697e+08
7.104429351526217069e+05
1.061475550246556522e+05
9.832478489852015628e+04
1.029016314900214784e+05
1.035502742267330177e+05
1.047190539199322229e+05
1.001661263847256778e+05
