7.869075146019773092e+04
6.907061146784080483e+04
7.236777137195583782e+04
6.824690738236778998e+04
3.370822026611403942e+09
1.202842485855046844e+11
1.848006648994001627e+09
2.119768376296789385e+06
2.146182298716889918e+08
2.045717570383213758e+09
1.150892134192299284e+07
-9.788787752379119047e+04
2.151371566477609426e+07
3.238852448624712881e+06
1.473763005693717394e+06
5.433159018702574074e+06
2.012401714149949607e+06
7.507233753864562139e+06
1.042973518629518221e+06
2.158988096890321933e+06
1.328353753145313263e+09
4.479624281826812774e+07
7.509542405168612480e+09
3.915320592728590369e+08
1.881676132610534132e+07
1.563883432434271090e+07
1.755964966567864990e+11
9.759266103792728856e+06
5.926650512925948016e+06
6.569463812709344551e+06
1.597228889489120483e+09
1.605278725264508277e+06
4.802515325495414436e+06
4.884842533215810545e+06
4.519244921430246904e+06
1.323854503504028171e+08
2.085400905309970956e+06
4.173362625126403570e+07
8.841721664514562115e+06
2.354430310112126172e+06
1.016513334207844455e+05
1.016045856757342117e+05
1.008750134311268921e+05
9.726847139431402320e+04
1.025848813275203574e+05
1.047709438576143002e+05
9.690971652608813019e+04
9.719464134994189953e+04
