7.564557529716959107e+04
7.679631158360108384e+04
7.851532241341278132e+04
7.361519548872660380e+04
6.962663650020834757e+04
1.339025405693302490e+07
1.285511197225580737e+07
3.721635262473502755e+08
1.687377452312541381e+07
1.682121176289486170e+09
3.908890584503486633e+09
1.179956752727982402e+07
1.748969101842894778e+07
7.146881064280465245e+06
3.994724137689362049e+09
4.135741371442719698e+08
5.561257700805602968e+07
1.608571307275125582e+05
4.268853008461916470e+05
1.951737658986351220e+06
3.952649650332938433e+08
9.468561982712978497e+06
9.488230175715637207e+07
1.138369832253592461e+08
3.802390299162235260e+08
6.951473413340994120e+08
5.080821967884042859e+08
9.558847090057836771e+08
4.450859018708585501e+08
1.825316672833273932e+07
2.043890812136201421e+06
2.632045756261302158e+07
4.738074184146722555e+08
3.437110962085877075e+11
1.238899645398762970e+11
1.036810217641044874e+05
1.008580701641855994e+05
9.792921217885613441e+04
1.026207208623236511e+05
1.009078723448708188e+05
1.014180011655289563e+05
1.019323331777618150e+05
1.009551884297693614e+05
