1.130948350484043622e+05
1.114191586541488359e+05
1.166133806058649439e+06
2.244206991434908472e+06
6.699237936293524399e+03
2.669524570405792713e+09
1.093770350909693539e+08
5.914283322625032626e+06
1.507805720651121344e+06
2.946425803693993688e+08
2.462356632729377225e+07
1.032730511269225739e+07
6.324534616447568405e+05
-9.161378340461349580e+03
7.017140100965509191e+05
4.591977187900202116e+05
1.432070944936681772e+06
4.378700440789370984e+07
2.401261160488636233e+06
8.380130728560150601e+05
1.663597507764305174e+07
9.116138925877639055e+08
8.192455218348924071e+06
6.276449530840764754e+06
1.543028331177908462e+06
6.242537846787796356e+06
2.399529382940411377e+10
3.306394420090072323e+06
1.033458542145002335e+08
5.665437195436315611e+06
1.652943361593698120e+11
3.725395905165350996e+05
1.745686656776006147e+07
7.747210831850372488e+05
7.117655864268547297e+07
1.472333309675167687e+07
8.952343155892534181e+06
1.875452081407191465e+06
1.809454803905268898e+06
2.195093023450797889e+06
4.919773713494630530e+06
1.288561475437781541e+06
4.877659561976278424e+08
1.820051730123024881e+08
7.802036930889010429e+08
2.020361224913718998e+08
1.974575609349763766e+07
3.883989051982242614e+07
6.934303621036797762e+07
1.755303147279563174e+07
7.526803009097008966e+06
1.323219250519662109e+12
2.777565983675144672e+09
-7.163793497891994193e+05
-1.551276008959706640e+06
