6.755499864945980310e+08
2.952429837596228719e+07
2.566117887721292209e+06
2.221977505862608925e+07
1.147668606815063171e+11
4.599501289930433780e+07
1.041165485558354994e+05
2.738689546337733511e+06
1.161672034472593945e+13
1.408361989785726182e+06
3.728213393793622017e+09
1.201393724759698100e+07
6.112756847864719108e+06
1.280211607094064541e+07
4.942217720257804990e+08
3.416333087319525757e+11
1.875950583458249817e+11
2.837798356040496230e+08
1.300445379230113700e+07
9.860319052665753365e+08
1.305410877181062970e+05
3.642718855197387207e+12
5.538250450103302002e+11
3.898527190717772581e+06
8.971845396663844585e+05
2.874126215703515336e+06
1.017198673737856299e+08
2.147080059161398172e+09
2.393826973614199087e+06
4.432739630452915095e+06
4.327201675406381488e+07
8.595387071580226898e+09
5.292841524070644751e+06
1.140879849651977930e+13
5.252382152289560065e+06
2.326125567629393935e+07
1.401040129751976114e+06
1.140774445745990515e+09
1.677359755055353744e+05
-4.424440905589654576e+05
-6.937659148727389984e+05
2.609256462871789336e+08
2.883684914292020258e+05
3.569298558632622007e+06
