3.753478943510669633e+05
3.924042278055013418e+08
2.558639185247057974e+08
3.866522235846931580e+05
4.087457433631725144e+06
1.338231934806060279e+06
1.286413002748256113e+05
1.969600693604243686e+06
1.313865250370097458e+08
1.240349475228740126e+08
7.167131264118575491e+05
7.544170330473279953e+08
6.344380462321795225e+08
2.780727000132809207e+07
4.737249229916718788e+06
2.765372893843366764e+05
5.841055424898893738e+10
1.349327620364641189e+05
5.041739307515713153e+05
1.096855477678448707e+08
3.216013300638675094e+08
8.788108696058856323e+06
9.069865457347044721e+05
1.400495178530377103e+06
1.979055727511678822e+06
6.771915427941372618e+05
1.817215441888210364e+06
1.202818965717767831e+06
3.180944769968501106e+07
3.624766363954812288e+06
2.066515725628648652e+06
3.166359031251298264e+06
7.811041008983987384e+06
2.979707173863595009e+09
4.310745191182794049e+06
3.885076438267916674e+05
1.225442498708994128e+07
5.676745486708404496e+05
4.288549375150246546e+06
3.126833086239868999e+08
4.785649197354197386e+05
5.060582923603952513e+05
9.119697499204121530e+07
3.388530872508037835e+06
1.210553581465516007e+06
2.697421916880827025e+07
5.326026468598003499e+06
1.087024150929981610e+06
7.469463588196060061e+07
4.285984251082467847e+06
1.424620917896205373e+07
6.094016474232567847e+07
1.117611718450011918e+06
2.657783503451038152e+07
3.778088309233759530e+06
1.276642387847242178e+06
