-3.705763712726847007e+04
-3.736699304733534518e+04
-3.768499750789617974e+04
-3.802310751748058829e+04
-3.836883726361978188e+04
-3.912371429476086632e+04
1.448778450613007812e+11
2.131516367010882568e+11
3.367109359142071009e+07
3.131717412329575419e+07
1.225677388869694620e+07
1.206844737779122964e+07
6.433205432817972183e+09
6.529090666089782715e+09
6.008967761819903374e+09
6.132687999655958176e+09
6.402311985901533127e+09
6.470507211379288673e+09
6.543467865996646881e+09
4.722602722723902552e+05
4.758985740808438859e+05
4.757701398082691012e+05
9.082421582630429417e+06
9.076036895886279643e+06
9.039266169414669275e+06
2.086311314333222108e+06
2.077272453866906697e+06
2.074549886208193842e+06
2.081189676790547324e+06
2.075781179198013851e+06
2.075261701339968713e+06
1.279247769634000724e+06
1.295478841566187562e+06
1.307542249973984668e+06
1.317900765707314014e+06
8.919929759230619529e+05
8.926002476136373589e+05
8.957431630883619655e+05
8.917276029800927499e+05
8.915607932918173028e+05
8.971090408805190818e+05
8.940551829394128872e+05
8.898359076510659652e+05
8.950048032168388600e+05
8.944584921844361816e+05
-4.477802519140014192e+04
-2.195689993406139547e+04
-4.250098577493827906e+04
-6.591819872036403103e+04
-8.061526492702930409e+04
-6.325799703179992503e+04
-8.663310458316572476e+04
-2.829662634562687890e+04
-2.925530505882103171e+04
-8.725735485226128367e+04
1.721834248713435372e+05
-5.635125149086947204e+03
-2.704233349104762601e+04
-4.874372096237458754e+04
-3.808258181504908134e+04
-1.880545627106301254e+03
-1.871584765753446845e+03
-1.872811368728027446e+03
-1.883582160082063638e+03
-1.874165530743775889e+03
-1.877219833430368453e+03
-1.880584553733817302e+03
-1.880522736710292520e+03
