-3.515551635167741915e+04
-3.671373745524421247e+04
3.592920000486524310e+06
3.599771619061002042e+06
2.822674541003531590e+07
2.576063107530880719e+07
2.908101063189962158e+11
4.077138624738479004e+11
9.989056988332081586e+06
2.332540307740508113e+06
3.358792539934724569e+06
5.088626777311807498e+06
5.091417828964975663e+06
5.173659948858706281e+06
4.996621862182959914e+07
5.023072601772928983e+07
2.606947654094611740e+10
1.442372657691468894e+08
1.724172431775602148e+13
4.925594894360459875e+05
6.074292660633069611e+10
1.659849261187033081e+11
8.019167385343288071e+06
8.131663315628329292e+06
7.845675594349119812e+06
7.895402434204511344e+06
8.007979728641961701e+06
8.073429443198426627e+06
7.912422886729561724e+06
7.991158822707517073e+06
7.838942824673120864e+06
8.017900356563935056e+06
-3.664704546837255475e+04
-2.887553209308088117e+04
-3.048787386876468372e+04
-5.088921124192149728e+04
-4.236101641330508573e+04
-4.611440431263959908e+04
-4.124646394557719759e+04
-5.187993777378789673e+04
-1.818970076814672211e+03
-1.836215841299679596e+03
-1.824869638665986713e+03
-1.830004463037010282e+03
-1.836094518336234614e+03
-1.819904854979075026e+03
-1.836041683231625939e+03
-1.836830999228783185e+03
-1.821057210354891140e+03
-1.825300954048027052e+03
