4.344163132481326465e+04
3.687373884290812566e+04
6.215664448893792927e+07
7.779258143591120839e+07
1.671419019262762666e+08
2.212791122692694366e+08
7.356216136281823739e+06
7.312170661500223912e+06
7.129227852922468446e+06
1.572553199489830208e+10
7.816969739156452179e+09
1.009711085833609200e+10
1.378506044516088867e+10
4.151203117880029458e+04
5.776179393960122979e+04
4.710286888495873660e+06
4.834095588543110527e+06
4.396098512402533670e+05
4.468074167266844888e+05
4.271164315431735595e+05
4.343496999455188052e+05
5.626997340998456813e+06
1.571184810231268965e+07
2.191629360060711950e+07
5.885426432107163593e+06
7.980459211265617050e+06
2.022157280694831570e+04
3.036092261958957533e+04
1.047258534251632227e+04
1.947736741812283438e+14
5.631248137544179688e+13
2.819471066745343000e+15
3.059165612445260938e+13
1.604255769995216250e+15
1.648915408797087949e+19
-1.409082792126806453e+03
-1.386983588702685665e+03
-1.393089916286378866e+03
-1.433003667140495963e+03
-1.393376943726412719e+03
-1.412663537820568308e+03
