-3.610993006102692016e+04
2.187978667041805685e+08
1.941222878766124845e+08
3.380710552397293941e+04
2.747932150447212625e+06
2.495100961947154254e+06
2.946389025943014648e+12
2.236021239751480957e+12
7.603755226713495795e+05
7.789645530343488790e+05
3.569033104401305318e+06
2.558350910226402804e+06
1.831751245441137813e+06
6.295680652123274282e+06
1.068948341555005312e+14
1.316873954459620237e+09
2.118277539918111637e+07
2.068275619820920378e+07
2.009894382108142227e+07
1.857905497312842682e+07
1.749251211597448215e+07
5.294505538782032227e+12
1.369290720086723633e+12
1.617350602384783936e+12
1.705442492836457520e+12
2.626385097167994629e+12
1.512087880219180420e+12
3.505534936082547647e+05
3.409766924443911994e+05
3.444730811191643006e+05
3.503361032970221713e+05
3.437295866934664082e+05
1.912680020347408019e+06
9.062871737524716882e+05
1.749190834346018359e+07
-5.313420961289139232e+05
-1.224960318471858045e+03
-1.189423387018876383e+03
-1.213116314408514882e+03
-1.254476509585481836e+03
-1.246573947601602413e+03
-1.233633239719580160e+03
-1.202496078436699463e+03
-1.202305187031714013e+03
-1.178432231828395743e+03
