-3.548891781043527590e+04
-3.737358003039511095e+04
8.836959131434877636e+05
8.452083330709395232e+05
8.589735034271159675e+05
1.048084864689955721e+06
6.934284793169562705e+06
1.807200785991659760e+07
8.289676016893139482e+07
1.634201934970858693e+08
1.486168403863720000e+08
2.496274406183680519e+07
5.319222946512941271e+07
4.904432104782675952e+07
2.995096849175046250e+14
3.182644768730300293e+11
2.938376585136721191e+12
5.178899329465260010e+11
2.768395146102128906e+12
1.215040585069271088e+09
8.291283610707220621e+06
1.998709907825926319e+06
5.077404107053548431e+10
1.111291770043940600e+16
2.200530792523185521e+20
1.252312414491666748e+12
2.109552831326058400e+16
8.316353780830849609e+12
1.344640485438753750e+15
5.217941266698485240e+06
3.396668013700742740e+06
4.766286090105293319e+06
8.441259434018298984e+06
6.029963940198180266e+06
3.003892004275307655e+08
3.889078744121947289e+08
2.066355922305597067e+08
2.105423423937820494e+08
2.068150992230699658e+08
3.358220291885095239e+08
-1.029018230833171401e+02
-2.082639745913038496e+02
-2.222510960978397634e+02
-1.404766137707629241e+02
-1.076662756346922833e+02
-2.527946911542385351e+02
-2.381015960509248544e+02
-2.264840998610306997e+02
-2.371792614607838914e+02
-1.327612605052127037e+02
