-3.516252258655070182e+04
-3.592285606322815147e+04
3.619522665363525391e+12
4.201980202192689419e+09
6.287733351811885938e+13
1.162975779411655426e+09
6.033666991934151367e+12
8.916012367325290442e+08
7.260719760906702280e+08
5.221728784755799919e+07
2.488103942392317206e+07
4.325703965495240688e+07
4.928222768446003087e+06
4.684243602594865486e+06
5.645133732644250616e+06
4.610798094713677652e+06
1.134282337101405673e+07
8.128915645027250983e+06
6.487206151972512715e+06
7.684537061865548603e+06
1.139256774666658230e+07
5.909879533699838445e+06
6.196510760508914478e+06
7.455387064125563949e+06
8.275526891279441305e+06
1.444387015001976630e+06
1.328101137602655450e+06
1.363458098424744094e+06
1.561090078898121370e+06
1.569995965504775057e+06
1.466541382632084424e+06
1.532201045527868206e+06
1.566321220954340883e+06
9.692889620317511726e+05
7.905677496025616455e+10
1.485937666652234077e+10
1.105189250485508204e+09
1.280591055831009626e+09
8.476780371555212975e+09
5.015657360462518781e+07
1.954636104194767540e+03
1.932923763825645437e+03
2.281290180940937717e+03
2.203374040978727862e+03
2.115497719392558793e+03
