-3.177417359395674066e+04
-3.366226911074689269e+04
-3.446096879716397962e+04
2.049737452483351946e+09
7.801493813354613304e+09
4.787044062012976967e+06
3.289810332997056484e+09
6.036680988094662316e+05
5.905663614516054513e+05
6.208281729152635671e+05
1.377908964976815879e+08
1.809908334045259953e+08
2.875929067441704273e+09
2.930357092470919189e+11
3.644801372485167813e+05
3.795089155517722247e+05
3.611494056932497770e+05
8.047851939110685730e+10
5.596075047293230057e+09
8.508224399695886374e+08
3.743606327742973343e+06
1.439531115826665889e+06
2.621218974725547135e+08
1.706532565530395938e+14
1.863769808632202148e+10
1.011394927284297109e+09
2.889571658638380127e+11
2.199930199820375144e+08
3.421321789364010096e+06
4.071547616284627933e+06
4.177753513297927100e+06
-7.388812353436325793e+04
4.204011183154492639e+06
5.530104374280948192e+06
8.615047832391260192e+06
3.502080845159420278e+03
3.496735088378685759e+03
3.455312945922807558e+03
3.655460750036581885e+03
3.422686105446919100e+03
3.553225252151547465e+03
3.268898117729608202e+03
3.220698256783885881e+03
3.475242393032123800e+03
3.447987704022438265e+03
3.447123618101904867e+03
