3.833514753493836522e+07
3.746259658777870238e+07
1.702542302504897833e+09
9.228077896673269570e+06
1.064711681598397344e+08
1.054247551091497578e+07
6.823305842685412616e+06
9.636776794440774247e+06
6.553901333892730996e+06
2.267504494165274203e+08
9.983484831208821386e+06
1.469048562118186988e+07
3.859347022408970166e+06
6.912539225020767190e+05
1.216006952596563287e+07
1.551184106649922021e+07
5.913300613793863915e+06
8.742267394325453788e+06
1.454304731416193768e+07
6.958995847527400590e+06
1.036530029070513882e+07
6.472313035257310607e+06
4.600074242228924483e+07
9.137687719469789505e+09
3.616841406514670253e+08
3.898164848547976613e+08
1.542452896269747317e+08
5.415714770301744461e+09
5.867701417496760935e+07
1.198317833001026511e+08
8.178772261181719780e+09
2.756165207060959339e+08
1.306785191823319495e+08
1.418935140416857004e+08
2.479698390431344032e+09
4.107027036592050934e+10
1.913200725345923996e+10
2.138290824952819375e+14
1.152191908485511520e+17
5.211042755773407407e+03
5.338819741416547913e+03
5.294322110446519218e+03
4.981581856093427632e+03
