-2.475842746771076054e+04
-2.622999141534677619e+04
-2.707618765679625358e+04
-2.824351602044925676e+04
-4.240444132273706055e+04
-1.145534228292113112e+05
3.437057063591275215e+08
3.557421862376229465e+07
1.693826464961238950e+07
2.336730793535586074e+07
4.227601873722089827e+07
2.302698701761571318e+07
2.426179073061514854e+09
1.556527515694717578e+13
6.258954256974080000e+15
3.663751361986782837e+10
2.011687874444581787e+12
1.603987306454429245e+10
2.119294191066540312e+06
9.111531981587733608e+05
4.136124727083073929e+06
1.306795562560495734e+08
2.864085933790547424e+05
4.869768024220353691e+05
2.814353714530352736e+05
7.075816636547258496e+07
3.313595481151327610e+09
2.046785565473994911e+08
3.209898349170507193e+08
7.170101113756911363e+05
1.051223021421409212e+06
3.033575571336188586e+05
5.991782959957898129e+05
1.462884795614526956e+05
8.029302017660811543e+06
6.674211859253507107e+06
7.155912918877020478e+06
1.360146249907452613e+07
9.797172065701264888e+06
8.861526753903347999e+06
7.052504311159328558e+06
1.279586724976197444e+07
9.509950928800223395e+06
4.363604215129877627e+07
8.962196962060473859e+06
2.685445345469609648e+07
2.189091153557891026e+07
3.019948772969633341e+07
2.675193243708538264e+07
2.320965257664093375e+07
9.175224375297540799e+06
1.523837252777515724e+07
1.296109062176126055e+07
7.910415864197703078e+06
7.753976606192853069e+03
7.320358561999542871e+03
6.918785621779359644e+03
7.331397272908041487e+03
7.071286889260314638e+03
7.680056954749365104e+03
7.152553568697359879e+03
7.595605933676648419e+03
7.210831357434275560e+03
7.059674856622004882e+03
7.734797759304405190e+03
7.675208533687633462e+03
