-2.363591259609312692e+04
-2.558322111879195654e+04
-2.849346231888881084e+04
-2.855839758296959189e+04
-2.990923166589339598e+04
-3.075935910814802264e+04
1.607477665713364990e+12
1.052859261557837948e+06
7.605938147770349169e+05
4.720064009178178385e+05
6.827476660993179306e+06
5.789988519870376214e+06
2.338550465444067717e+08
9.681939891169242561e+07
1.695421213735325728e+05
2.949500602908231667e+05
4.309877615682584583e+05
9.710525362773669434e+10
1.101032566789505310e+11
1.787517444450534821e+10
1.842189665297789499e+06
1.006728134037409058e+12
2.306727948887529373e+10
2.505342031981667969e+12
1.426499097315048799e+07
2.071762660341017321e+07
9.132868438202586770e+07
2.264018118838498116e+09
1.427921883854820132e+08
8.180295465481760912e+05
7.894396805911873281e+07
7.529192676591483178e+03
7.093584395799814956e+03
7.432145321511983639e+03
7.412606893536809366e+03
