-2.720463492979916191e+04
-2.751427331954067631e+04
-2.874123041634928813e+04
8.154523296155873686e+05
2.507936874223905802e+07
8.119826405382137001e+07
1.217879311107128626e+06
1.191701055776966270e+06
1.099633837324736407e+06
1.194544939040035009e+07
1.335756930260204338e+07
9.442295534088101238e+06
4.316641912064614147e+07
1.061582030407153070e+07
1.033704748818897270e+07
1.579369733173741726e+06
1.818773268589047715e+06
1.656581549838502659e+06
1.569460206396527356e+06
1.657996090531508438e+06
1.928818976631267928e+06
2.187078712823934387e+06
2.322318476046365686e+06
1.803499917447016342e+06
1.823545923511601686e+08
1.769159719158219174e+06
1.317250223853593459e+06
1.258953625682772845e+08
3.810442474608428478e+08
1.633882243581660390e+08
3.170928839720391035e+08
1.259764115059480304e+06
1.157460411422273843e+06
1.121582526499893516e+06
1.635214790616419399e+06
8.972144764508315129e+05
9.252880887084826827e+05
7.090386640717333648e+03
7.132322356877499260e+03
7.129994488144962816e+03
7.118801829082483891e+03
7.123087997397728032e+03
7.740549404720572056e+03
7.631055630284012295e+03
6.959335686213395093e+03
7.119977580810867948e+03
7.221243276166846044e+03
7.199504646722489269e+03
