-1.910582281153775693e+04
-2.260721952936891103e+04
5.166301382064773560e+09
1.276227946118783712e+09
7.249549569330086000e+06
2.103332964242121506e+10
4.780066444700939208e+07
2.628980682280352339e+07
6.002550834518029541e+07
7.239355130738014221e+09
1.044532471866530762e+12
1.484155783940025978e+07
4.031347291475144386e+09
5.501406071559579112e+06
2.868088671950177848e+07
3.424305284194443822e+08
1.507093866953760386e+06
3.599530305517637730e+07
8.328641565949119568e+10
1.430091892656247877e+07
1.505492754286379553e+06
1.649097957587449346e+06
2.315874438028793316e+06
1.460187957945432514e+06
6.547847533188592206e+04
2.122502766699953645e+05
1.561122252636212390e+06
1.494532086733688833e+06
2.984773781601334363e+07
8.860300236863152683e+07
2.009120839637986374e+10
2.671136449486665249e+09
4.134460041275662184e+07
1.477639136357326508e+08
5.590674639977269531e+12
2.982995478234376311e+08
3.496611781218580000e+14
4.821831019089650154e+09
3.172779342122014612e+07
6.346135298397308588e+08
1.499348224657877684e+09
5.736102878156368732e+08
9.603432749169849558e+03
1.021446781269187341e+04
1.025094800323434174e+04
9.710828856618114514e+03
1.008478466029750416e+04
1.067634342469178955e+04
1.068226674108015141e+04
