-1.821725646982877515e+04
-2.224808896710119006e+04
4.006686596898127079e+09
1.600539198586755083e+04
1.186115460357323475e+07
7.746025172316905111e+06
4.017983442739184856e+09
2.118158375424701691e+10
1.510127731392515264e+07
5.264894346357678413e+09
3.861123889542776346e+07
3.181717051988784224e+06
1.857971539267562097e+06
1.535935353139575105e+06
1.757346807737507159e+06
1.752866851723675616e+06
1.329231312927713152e+06
1.305516240861754492e+07
-7.278092618299274181e+04
6.779585764928479912e+05
1.079415734622309916e+06
2.533333085642080754e+06
4.873534165825349279e+06
4.686943841366216540e+06
2.116463404090573883e+10
2.067422034894614015e+06
6.951150817335740430e+04
3.784442531755266245e+05
1.101088549441164127e+06
4.456089774474803925e+09
1.019598978557473421e+07
4.966607811734252609e+06
2.669982377228112793e+10
8.689227726947767258e+09
4.386452580674328841e+06
4.805466362345835114e+10
7.360858407960345037e+06
4.682369688549486995e+08
4.428320708380467258e+06
4.028214535590044223e+06
7.700602597861583345e+06
5.616662916718971916e+06
2.103511007875311002e+07
4.369948607153456658e+06
6.650803944568170235e+06
1.495784824727718160e+07
1.062305740466862335e+04
1.045960111634348868e+04
1.007380320625964669e+04
9.729986579332675319e+03
1.061871144292433746e+04
9.876334941236360464e+03
9.769231464320095256e+03
9.742397271973051829e+03
