-1.929697903282944753e+04
3.024199858720485625e+14
1.290764477369809151e+07
3.007564681897890568e+08
6.229211795524325222e+06
6.838114644597865641e+06
6.609601603131334297e+06
1.380857825522976741e+07
8.835877626328039914e+06
5.976558651658206177e+10
1.457223746795006409e+11
1.860263484700632095e+10
1.612999743824438721e+12
3.036437749315000534e+09
3.819887897464171410e+09
3.986891197701819986e+07
8.294798510028013587e+07
3.569722905955164135e+07
6.832783330947775841e+08
1.664003828958573751e+07
5.769199024768631160e+07
9.312302173001060728e+05
1.259291993202242814e+07
3.413237381994605064e+07
1.502625472162231430e+07
1.510669393779288046e+07
1.148894963212130280e+11
4.086221047769466881e+06
2.040407445569281280e+07
3.053233171963554621e+08
3.695393634504544735e+09
3.596315488082836270e+08
3.150177968591734394e+07
9.135299213847560808e+06
5.081315661485009827e+06
9.082249600200479850e+06
9.228282876237837598e+06
1.373337582645989396e+07
1.436973492551490199e+04
1.424422616993350675e+04
1.379010037720884429e+04
1.459787133796192938e+04
1.394956114302360220e+04
1.430770452686512726e+04
