-1.573550990770958379e+04
-1.932674203465682876e+04
2.648125097591003895e+09
1.075175322920085526e+10
9.970732033571265638e+05
2.722492672362225596e+06
1.637401904538398743e+11
2.122111335195803549e+06
1.405905587819363177e+07
2.930172769057223201e+08
4.380614938195151367e+11
4.788487334822160602e+08
9.298417533181222677e+08
5.908794670349540710e+09
3.444291658666674042e+10
3.341765253137760982e+07
1.793692862645521818e+05
6.083329434603645932e+05
1.315769066989184618e+08
2.682038522934680805e+07
4.461433946829613495e+10
8.266952474124377966e+08
5.900472844737690873e+06
9.056267458458858309e+05
2.388229185871142447e+08
7.413027197330233175e+05
1.706723395758054685e+06
3.607439434679498081e+05
2.290402373290800955e+06
1.781557600529727992e+06
2.280070721261638217e+06
5.442080989147404034e+04
4.333695263876890259e+11
3.642777501842005253e+08
1.544919285679376917e+06
2.670536855116299093e+08
2.683917842870312500e+11
2.984322675750095397e+07
1.026457337487491667e+08
2.974461077124527469e+07
3.687096936737523675e+08
-5.353565982689522207e+04
2.056765228360639250e+15
1.853255963567801518e+04
1.807621644026393187e+04
1.947295511381150573e+04
1.900865139965884737e+04
1.894148725207397365e+04
1.844535396292366204e+04
1.852185476664142334e+04
1.985122635229470325e+04
1.856189760904308059e+04
