-1.529279439063129394e+04
2.794733229116217041e+11
1.632710219121530652e+08
1.321015361235250020e+06
1.112407254479083931e+06
3.855295392812187783e+06
2.167862278222790241e+09
1.654979821967275999e+07
5.431529997430746444e+06
6.735268856277414598e+06
3.278961535452895332e+06
2.894721327628794685e+07
3.247261543504718542e+08
2.745070421050196979e+06
9.015030086711551994e+06
1.705513048501164317e+08
2.839147265292456001e+07
2.647535412372882843e+10
4.886549060681311530e+05
1.694681358469974715e+06
3.194272035096341744e+07
5.073663582773579285e+06
4.465213905739543028e+06
8.734486504038797691e+06
3.835364750595650673e+08
7.279425824624003470e+07
9.262975052340553284e+09
3.492022299691182561e+06
1.632036168015127734e+13
3.832307525043708682e+08
6.349233624621576071e+07
1.618663198603151925e+07
4.236083543234952725e+06
3.532844072629330754e+08
8.781808686051436234e+05
2.236429650384282470e+08
-1.984075933094337815e+05
-2.082520136625398882e+05
1.440178891540340264e+05
1.756795747355293424e+05
2.234150179263130703e+05
2.154626509106659796e+03
-1.396625325241663377e+05
-1.083585664733356971e+05
9.635308859457824379e+06
-1.418899439987823367e+06
1.889653503736277344e+04
1.933862429419142427e+04
1.907067957514704904e+04
1.792885719426994910e+04
1.848656267292884877e+04
1.826403070713637862e+04
1.885085383386345347e+04
1.987772194211641909e+04
1.822259542519840761e+04
1.908035714993072907e+04
1.893061203581947484e+04
1.845170144554635044e+04
1.963541432381045888e+04
1.794064983565520379e+04
1.906774296861983021e+04
1.973852706317964476e+04
1.859577526678322465e+04
1.858956338502085418e+04
1.978369722892215941e+04
1.889873240607179468e+04
