-6.989161867936072667e+03
-8.941302397160605324e+03
-8.874821688004241878e+03
-9.863882515796511143e+03
-1.190500834090285935e+04
-1.180051587433536042e+04
2.939186908547650337e+09
-2.730790436681134452e+03
6.809162774536110163e+08
7.882318816920682788e+07
6.124433292443378750e+14
1.370348583829551458e+09
9.599596213352871704e+10
4.624612575097110748e+10
5.866560446043971777e+08
5.100479029509459496e+09
9.008332044619859457e+08
2.758866933898345470e+09
9.286380057457843795e+06
2.994082146596369799e+06
5.997559241257901303e+06
3.581662627018795349e+06
4.211181008308161050e+06
1.137188043833275698e+07
8.393254392749103904e+07
2.998356232857050747e+07
5.838862673443146050e+05
4.435431877166453749e+06
5.352619522762908600e+05
1.318905629870958393e+06
2.527575732805411331e+06
6.168757014677249826e+05
1.243156549935960444e+06
1.747531645903814957e+07
1.472214551461613737e+06
5.725692630728320219e+06
1.212291010399937744e+12
-1.876412475997662114e+04
3.935436052948234603e+06
3.758186316363125108e+06
5.983124040503084183e+09
3.284094953871959355e+06
1.358058110205386207e+07
3.512258199555525556e+06
2.228205450215988792e+06
2.727415435078483105e+09
2.465172099874290871e+04
2.468980053638506797e+04
2.415456409232632723e+04
2.458323430343213840e+04
