9.804472386514360551e+03
3.616114080806746642e+03
-1.054776965146382281e+03
6.210984913746506209e+01
1.480121661201272188e+14
1.150380661176313274e+07
9.379063049651377369e+05
3.229195196624146774e+07
1.028703470985538661e+08
4.565952952606502175e+08
6.970973767337007523e+08
7.274810883829171769e+06
4.792286091408593929e+05
9.411554892687592506e+08
6.510997855521617457e+06
1.737970317784033483e+06
1.427091236640276620e+06
8.538187270237519406e+05
4.932237117277141660e+06
2.044563209472039482e+06
2.117711986479540356e+06
2.734967426537977066e+06
5.550163740438378602e+07
-1.100960294619045017e+05
5.484119597444600658e+05
4.407948336086709751e+05
1.369401080594579456e+06
1.086042340440219734e+06
1.318400190343101509e+06
6.204669194644590840e+06
1.686681191999849558e+09
3.834440376821367443e+07
1.298082671212307960e+08
4.905266664660090446e+09
3.424516151481951238e+04
3.273937270910799270e+04
3.273873006192312459e+04
3.540498666909147869e+04
3.325682912042882526e+04
3.257699669264108525e+04
3.389936670142028015e+04
3.332899819855083479e+04
3.549824788330850424e+04
3.274740476813697023e+04
