1.513819989961033571e+03
-1.428978238343785051e+03
-3.044491176086114137e+03
-3.833247158847763785e+03
-4.550041361634663190e+03
-4.307012263733384316e+03
1.704126874633617163e+09
4.286905951694668620e+05
4.012276276766521623e+05
2.811268450345260557e+06
6.981652591988245964e+09
6.206913595974388123e+10
1.363365432373817079e+07
8.681480097518712282e+06
3.238574801970329136e+05
7.853131557147930908e+10
6.973822787227466702e+06
2.991428369135240838e+07
1.237822486190790311e+07
1.734865591983416304e+07
5.054657172354969196e+06
2.556458326514275745e+06
2.281789807192478329e+06
1.436455613507573493e+06
2.055507518743566237e+06
2.567244865967338439e+06
3.740604980075074732e+07
8.137926912276979536e+06
2.616537608768548444e+07
6.096504832941526920e+07
4.094298132632313762e+06
1.124724932062902022e+06
3.390298392429985688e+04
3.316208759794267826e+04
3.461839157106771017e+04
3.466241359718519379e+04
3.279937925804729457e+04
3.504479251054755878e+04
3.344088606588082621e+04
3.531303844600988668e+04
3.374175995557359420e+04
3.260824932530891965e+04
3.519124003525279113e+04
