-2.338686152038255386e+03
5.820769765895965975e+02
-1.100076841794965731e+03
-2.767423993297212292e+03
-3.326598389981969376e+03
2.003002966809569895e+08
2.074611852279316406e+13
4.168536861341489479e+06
9.303631315813770518e+06
5.147664171721733361e+07
6.590811785806574859e+06
2.350635475101653021e+06
7.466338727656147443e+06
2.112180392056400422e+06
1.961240163398017408e+06
2.807501475062943697e+08
4.189448205872399732e+06
2.044458632827502489e+07
2.687608714084867388e+06
5.970993215411940813e+08
4.221789723744571805e+08
2.441601995759582147e+06
1.357120657037652731e+09
6.324411922892518342e+06
1.603666179906472266e+08
-3.914578782541239343e+04
2.431797463935822248e+06
1.104998697147206031e+07
1.263216832235212205e+06
1.359363900592749007e+07
2.226875349524184596e+06
8.026405183701959439e+06
2.510431046660064254e+06
2.071112329464453086e+07
2.544138630129372701e+06
5.964297788987921551e+06
2.202175093389494810e+06
4.890056774676245637e+06
3.277216501428073389e+04
3.290658112180934404e+04
3.512264484494944918e+04
3.380250253010069719e+04
3.324726456864469219e+04
3.559875980513310060e+04
