6.855424095616796985e+06
2.486993036962286010e+07
4.587966800257542171e+06
3.718574843364591151e+07
1.060041324752596474e+10
3.014903260288999975e+07
4.793526311644327044e+08
4.675532444536455907e+06
1.804900571800660691e+05
2.482643586931111757e+06
2.709148010705978423e+07
2.897921343634079099e+08
3.655391965088654310e+07
1.214731352525564842e+07
1.889100610506382957e+07
1.318295438913491741e+07
1.108914831543384492e+08
1.376783040124492798e+11
2.470506900129748154e+10
3.672900571284677833e+07
1.457837093072323227e+10
1.466492140856354497e+06
2.281704820583945513e+08
9.280089313398184255e+06
3.140379392574321628e+08
1.079147763280694373e+07
5.954590655395767093e+07
1.625270512186961746e+10
1.063322112690620497e+07
2.647355149118349073e+04
1.451095110262783527e+09
4.019059882811528514e+05
1.511568582831749925e+06
1.157452105857759857e+11
4.327823287631825660e+05
5.852079534428838491e+08
-1.243103553060433478e+04
5.512531332234680176e+09
9.218874764871349558e+06
3.117972787605651654e+06
4.428564581405670033e+05
-8.924996094385965262e+04
1.159075617697684467e+07
2.415678427978875116e+05
2.121660944836710114e+05
5.796981470648859977e+04
6.118088313347578514e+04
6.178420222046127310e+04
5.632087618514185306e+04
5.642791310046680155e+04
6.030033098294117372e+04
6.165879955760180019e+04
6.222618301175633678e+04
6.065606536263582530e+04
5.949817733773268992e+04
5.913008044168568449e+04
