3.364886155928946391e+04
2.857529477375577699e+04
2.463526760206745530e+04
2.990892420840866180e+04
2.379326601264394412e+04
5.529521201804400189e+05
1.352646217103363015e+06
6.200186565057443222e+05
1.457139043066745949e+10
3.757605610328593105e+07
2.019156414372169878e+06
1.338316276284433668e+06
2.185339043927044142e+06
8.275683874049123377e+06
1.917054086910685425e+11
2.628098493827906996e+07
-2.280738380094754393e+04
1.388799931883391691e+06
3.993988286443358612e+10
1.377705525585164549e+06
5.739622720250421762e+07
3.665959591433057096e+06
1.371954052183380118e+06
3.783085056003776845e+06
1.871733540519880829e+06
1.383773918911986798e+07
3.096486092383789673e+11
1.009947300713833608e+07
1.494089822918638289e+08
1.979634255501645505e+08
2.703182571099851727e+08
5.717719008110548556e+07
1.504992553593842895e+05
7.901323574494653702e+09
4.558651094426737726e+07
4.379652729943457060e+06
1.574756505605825922e+06
7.580200769024157524e+09
3.363382593914139938e+10
2.226498862155162916e+07
1.318410793106018333e+06
1.880383386751973750e+15
-7.000886359772557626e+04
1.533198757813304749e+11
3.902942824164034682e+05
6.162524256286208401e+04
5.680411152585301897e+04
5.816832332763966406e+04
5.962607012367810239e+04
5.667810565607534954e+04
5.836381317898092675e+04
5.677456489056197461e+04
5.704933535183654749e+04
6.068754976979075582e+04
5.910432164482088410e+04
6.064787761218036758e+04
5.812596556953419349e+04
