5.297686608750792220e+04
4.865215274499077350e+04
4.789250601764870225e+04
4.299233817553864355e+04
4.163527608742748271e+04
1.142134846069947258e+07
1.932573320760841966e+08
7.113540345797108021e+05
9.288786620221493766e+06
3.993428560604115725e+08
4.374419679978352971e+06
1.586975393441011943e+07
6.483931626912661828e+06
2.413614975782210380e+07
5.771298921980933286e+06
2.239181751537580416e+07
2.762623725298840234e+13
3.506806567571066320e+07
1.281343852271747030e+07
1.515118869004178327e+06
2.513092462571608368e+06
1.412050341943213250e+06
4.380255173198095625e+14
3.128822371176813729e+06
2.813164536004252266e+06
5.082247954500715435e+07
5.292928520594391739e+05
2.836629658673423340e+12
6.631654023210483138e+05
2.992712239567463752e+06
3.583381352764675976e+05
1.107424288526196045e+12
2.673348627528978512e+06
2.481242409981364608e+08
6.812699207748408616e+07
2.027286074979354062e+14
2.358695144934169482e+06
1.539036520957649918e+06
3.749476869741732953e+05
5.350180652062047005e+09
9.043080952070223168e+06
5.310483352339009941e+07
2.778949093695203750e+14
7.878378847317863256e+04
7.896062914117786568e+04
7.993694442596595036e+04
8.078718244008836336e+04
7.684908357025106670e+04
7.641499416660744464e+04
7.474381265165330842e+04
8.098294229958322830e+04
7.779842104158201255e+04
7.746113434045942267e+04
8.071013452063815203e+04
7.525372077369911131e+04
