7.854428897441524896e+04
6.793877992436746717e+04
7.325908009569249407e+04
7.140658908956714731e+04
6.870583350668253843e+04
7.644184372585780511e+04
6.999883300098360633e+04
1.104507573250174046e+09
2.432584026017837822e+08
6.113476255881391602e+11
8.589034836764560938e+08
2.815086452370248318e+09
2.616806978876258373e+09
2.889334063667657089e+10
2.639433533500327729e+06
1.803843284981073439e+07
8.218404695684727783e+11
3.860590300792733207e+06
2.166994436946976852e+10
5.693030285163144581e+06
4.536768222177848220e+06
1.132696931019171141e+06
3.695796166429698467e+07
1.375024022398893163e+07
1.044366670923195034e+07
4.361550371300870553e+06
1.010548584814660624e+07
8.543780718633987010e+06
6.885630410206770524e+06
1.981154428284746828e+06
4.486514402927291230e+05
1.148896266040345955e+10
1.753704409543836489e+07
9.542471895109759644e+05
4.588300816250163086e+12
3.442710025415797252e+06
2.001675823021219671e+07
7.816570895133800805e+05
1.799577701980437269e+04
9.888092256942478707e+04
9.954731585960928351e+04
1.008232307646314730e+05
1.025981649385141791e+05
1.014418700760182110e+05
1.039436331827548565e+05
