7.292872766657047032e+04
7.796872460773539206e+04
7.514740095148848195e+04
1.193478495842674456e+05
9.388840842333229259e+06
6.477708945653654635e+06
4.950110012169164419e+07
4.570423994971146435e+07
3.673629807907304727e+06
3.621444752310844604e+06
1.742800908000227064e+07
-7.202033433323958889e+04
2.566927630671307445e+06
9.268854041660249710e+09
3.617042686398342717e+06
9.801180727960143122e+04
1.650744764284133911e+07
2.120152999882186577e+07
1.737616946321837313e+05
-5.498763063349053846e+04
1.391390131205720594e+06
3.913239573091237068e+09
1.770351477096041918e+09
7.341629558250135183e+07
1.463058536802499183e+07
1.314878067942404374e+07
7.208289706539300270e+06
8.004098346659517847e+06
1.627553377986554801e+07
8.630315547664036974e+06
2.621157100330353394e+11
8.469502610391954659e+05
2.347119496458517388e+07
1.293452589995268267e+06
6.832795888465106487e+06
8.027861226796627743e+05
3.743834178355077744e+09
-3.941125898577948101e+04
1.300701564342056066e+08
6.116423409538306296e+05
1.065303102708947845e+05
1.038918398423363687e+05
1.018812893930507707e+05
1.003375974038203713e+05
1.024286045095845475e+05
9.978961658095428720e+04
1.040376031956251245e+05
1.029005006250534207e+05
1.049452290749739623e+05
9.943957715435372666e+04
1.048975117033917923e+05
