1.507977904254735040e+05
1.539332609508634778e+05
2.165617875556797534e+07
4.077837280759017915e+07
2.269627301721591502e+07
3.424964439970558509e+06
2.737573822381649166e+06
6.734150105020374060e+07
1.034438614029603601e+09
5.196949873867045157e+06
2.155963587248412892e+06
5.787711438347527757e+06
3.895779604632602539e+06
7.049154755104537308e+07
5.373206779440534301e+06
6.961276015631014109e+07
7.242618394540558802e+05
3.805883800050631398e+05
2.510569938773983624e+06
3.674392905916004628e+07
1.214803392729998194e+07
2.111793970039163232e+08
3.197178174832819495e+06
2.836748833824844332e+05
1.153697303620853662e+09
4.445397342956325971e+06
3.219554141396091785e+06
8.408808172070469707e+06
1.797974079547360307e+06
1.058931612577723712e+07
1.238373707861455390e+06
5.085563238008758426e+07
3.632105039342537522e+06
1.862462924452161416e+07
9.879854199538357258e+08
7.071028509488201234e+05
6.294436922769164667e+05
6.611792852000476562e+12
-5.778141057245802367e+05
-7.642895223695492605e+05
4.086947654129621029e+09
2.838420932301792908e+10
-7.634845746453895699e+05
3.560029543331369019e+10
