2.623832066417336464e+05
2.880162618781937286e+06
1.441663620978891253e+08
2.051044792563169030e+05
4.242416997847083956e+06
1.062753317671326637e+10
1.419243927784934826e+07
1.550536831785494578e+05
2.669039631566146469e+10
8.050368881986030377e+06
1.461391998559032800e+06
4.628181503031584740e+09
7.248952315779997559e+11
1.284663327397338152e+09
7.969620883786646843e+09
1.133061261118075624e+07
8.784158241683697701e+08
7.561119524850441515e+07
1.850272281268539280e+07
1.298799461761171930e+07
1.922174062732343096e+06
2.332984323000201955e+06
1.495050417401165962e+08
8.879822922741158400e+05
1.228148846223420231e+06
1.875376831155466139e+08
1.047264209018194228e+08
1.561837990450841375e+07
9.138406082891291809e+10
1.530012157140603065e+08
4.246746449146584272e+08
6.961169308902753890e+07
1.643190566386104561e+07
3.313329554955795407e+08
1.061693560428944111e+09
5.645782127862430811e+08
4.291372375706858584e+05
1.196650827324690342e+09
5.184298011813562363e+06
2.725648836835072841e+06
1.222032711871681452e+09
4.786276295228572562e+06
1.108403896225575544e+07
6.707248255392556079e+06
1.096615330479015224e+07
5.440379898645493202e+06
-1.142308727623579325e+05
2.801524734874286056e+08
7.675901885479834862e+06
6.362163371321306564e+06
-1.366189626940839225e+05
