2.759888392752368236e+05
2.866604311257543741e+05
2.955431348273511394e+05
5.228384667599810958e+08
4.416979612925217487e+06
1.543672451475763926e+06
4.433040294332733917e+10
1.604015756928498447e+08
1.540513247156470548e+06
1.003309177039581388e+08
1.943439499662273005e+07
1.262993235191079602e+07
7.643098277799227275e+06
6.444735346423172159e+05
8.245698900335249491e+05
2.092523917406533728e+05
1.530217233164349745e+05
3.870785492038607121e+09
2.106334723121709347e+09
-4.730937493990441435e+05
3.475622387072155252e+06
6.755905561533424377e+09
3.153047433010748774e+07
3.243653830253073480e+06
4.389574771617065999e+05
1.588059494410819702e+11
6.155149914120523000e+15
2.476447853072168655e+05
7.527649073960999958e+05
1.377010300947510870e+06
8.843694822706125259e+09
2.895611129195156693e+08
5.642448562911871076e+07
1.681386505892414451e+08
1.072264675386455841e+06
3.155947387113525271e+08
3.806625635033636475e+10
2.439123190584429204e+08
1.677507913186159849e+09
9.125520366706093773e+05
1.436725218115694122e+06
5.899523451596389059e+05
4.975908168002457824e+05
-9.973004397325520404e+04
-3.484793942769108689e+05
-1.553913001343959477e+06
8.283847333218918648e+05
-3.263755315266718389e+04
5.578725860078569651e+08
2.371722842447914882e+05
3.550860289215635858e+05
6.404782128690758254e+05
