2.778068948802059167e+05
2.932852929995887098e+05
2.868550507285430795e+05
2.914331211006517988e+05
4.813418280678012085e+10
4.756828885301469531e+13
4.818085792303099297e+05
1.234730025325633138e+08
8.542026299712255597e+07
2.803051778638167307e+05
8.597647186652500927e+07
2.112646468813260144e+05
7.420474924248534441e+07
6.958180486894414062e+05
1.497115134895065101e+06
1.188695077981394250e+06
4.410226456733616069e+05
1.657138879219081486e+06
-1.343880622660585796e+05
8.309497294490586966e+06
1.240207938373282785e+06
5.216596588718615174e+08
8.575754449933965504e+07
2.668305853152539581e+07
3.214437771135254383e+09
2.374400176111232489e+07
1.936587546667627618e+07
6.016999607461046427e+07
9.637834903429709375e+07
2.540724581848488152e+08
9.672623803208382130e+08
2.897545077476773039e+07
1.106730318947283179e+07
5.247634929357194342e+06
7.986009347085710615e+05
6.130775811422728933e+06
4.849139174285808951e+07
3.092843533060499191e+09
1.608827784508158267e+07
9.335294114661114290e+06
9.349428521205092547e+05
4.353125118271330744e+07
1.028344722685928516e+13
1.892409280585880578e+08
1.700863696005378442e+05
2.255903468871538993e+06
4.396910222234345041e+06
1.548245095924606547e+06
7.450282989135823445e+05
4.031728586607353091e+08
4.196574565546425874e+05
4.109248460364376660e+05
1.570504128510570154e+05
-1.036393512875526911e+06
4.470380777991782525e+05
1.962851605944286377e+12
4.420533639177691936e+08
