-3.724527392020497064e+04
-4.135172382496683713e+04
-4.193379071763750107e+04
7.394236954503558576e+07
5.074369859662039185e+10
2.030994618459259033e+11
3.965239153447438963e+06
5.383100127211057115e+05
5.382328394726463594e+05
5.362901044611780671e+05
5.357473060854257783e+05
5.365292736420348519e+05
-8.474522001935295702e+04
-8.320124327283437015e+04
1.232062148432628810e+07
1.407885999658084288e+07
3.752110755348816165e+05
2.678770421841258649e+06
-1.755813871737249428e+03
-1.763819960151246050e+03
-1.756498120123811532e+03
-1.754174842472915770e+03
-1.752605796366580762e+03
-1.757856796798965661e+03
