-3.403992657414390123e+04
-3.699946818540616368e+04
-3.729868486905637110e+04
-3.841793456153452280e+04
-3.928535084931486199e+04
-4.019167334564649354e+04
8.499278455809488297e+08
7.051464717936394736e+06
7.163478136742076837e+06
7.048755179770491086e+06
7.065616317072848976e+07
5.940134215391384438e+06
2.326545594887616578e+06
1.313185361226051301e+07
2.410078701419632263e+11
2.999198705745573997e+09
2.016630647121576309e+09
7.181318753689820862e+10
6.794899008391605225e+11
2.031402941836407852e+10
4.025086009976898804e+11
9.798994843819258735e+06
9.540976634816160426e+06
-1.228235492237377912e+03
-1.183880983266921248e+03
-1.186012105857109418e+03
-1.178975991028506542e+03
-1.241569996796635678e+03
-1.229451734250615118e+03
-1.198890492552687647e+03
-1.203150257071247324e+03
