-3.662238159118164913e+04
-3.923069637487091677e+04
5.996377941696756744e+10
4.733867043499292755e+10
6.215502231750792265e+08
5.271382318805377007e+09
1.084058847803218365e+09
4.480207461600239389e+06
4.363111552380662411e+06
2.464920532005403563e+07
2.335957693125405163e+07
2.556163827243199944e+07
2.528161986440100893e+07
8.517816103982196289e+12
6.704500087898777344e+13
4.268267690611842088e+06
4.168872825598765630e+05
9.348325850003802916e+05
7.600263925855780253e+05
5.997296007971190847e+05
-1.245989937151200138e+03
-1.198739422128361184e+03
-1.179108366321888752e+03
-1.213582057410239941e+03
-1.250988734050741186e+03
