-3.815939350019393896e+04
-3.897098471235667967e+04
-4.043242312828340073e+04
-4.242294274286674772e+04
2.666810338487899862e+05
2.460371264929465204e+07
2.631193278461281955e+07
2.239759971421169490e+07
2.367247556800860539e+07
2.341670892073046416e+07
8.429549751286439896e+08
4.875870623515465260e+08
5.298944490015687346e+08
7.323865482498089075e+08
8.736191529377380610e+08
5.870568912845226377e+07
5.387754724102702737e+07
4.807097469343778491e+07
-9.963400754033355042e+02
-9.214031108000490349e+02
-9.561436561931332108e+02
-9.326436619957967196e+02
-9.254721455580438487e+02
-9.249719814450945705e+02
