-3.296927033583141747e+04
-3.651370195955464442e+04
-3.765716648339407402e+04
-3.823137746884433000e+04
-3.863272759741112532e+04
3.500673714453080750e+10
3.792670271679007568e+11
3.603488398607946873e+09
8.073348386073194444e+06
1.069436835062638670e+07
1.375596692065993600e+16
2.841617802184024609e+13
1.558587706960357422e+12
1.661351956609052500e+14
4.895123541407139041e+06
8.546439425775058335e+05
3.097460180464136647e+05
-1.617175486109335907e+02
-2.156634404924698174e+02
-2.367403722749731969e+02
-2.560236490810348187e+02
