-3.518927122226724168e+04
1.019497674706330150e+07
1.116151803823242709e+07
1.543003922220811620e+07
4.864146601697103120e+06
1.344607796879312955e+07
6.301693712111114258e+12
3.133778063225556910e+07
2.329254444908530116e+08
3.651201574675009586e+06
4.239125402202011086e+06
9.083689760995612014e+05
8.493821805106898537e+05
6.451003494004475651e+05
2.259257836375705302e+08
8.882867906277200673e+05
7.133118429262792924e+05
8.693619874740779633e+05
2.103851596357882954e+03
2.247277606876828941e+03
2.314703668864473002e+03
2.183122746116714552e+03
1.934054718986240914e+03
2.135565823980345158e+03
