-3.420361086158292164e+04
1.003844081017277786e+06
9.964289484162018634e+05
2.005102933211952075e+07
3.299946970820026100e+07
1.851868174951338395e+07
9.532318038301644531e+12
4.270470390130605698e+09
1.124572638762532361e+07
1.516693465768262278e+06
2.222435579910425544e+08
2.316997320401500702e+10
3.325331101964236423e+07
6.938671912507650757e+10
2.334257504388321191e+07
2.420302418502209708e+06
2.016577969828359317e+06
1.434484074351708218e+07
9.870249625163833797e+07
1.788336968953350186e+08
3.639543362117401557e+03
3.539588553017209051e+03
