1.822334845258524641e+07
8.228710978405374289e+07
8.193587565602864139e+06
5.390931001714754105e+08
4.290220313747536391e+07
6.537688317683036439e+06
1.249106456442868523e+07
1.114752867581357956e+09
4.553066911160278320e+07
1.335841319979334809e+07
2.594989625203331001e+06
2.779915301518296823e+06
1.486439019835165329e+07
3.660502946315471649e+10
1.665354195839818716e+08
2.776558873138651252e+08
1.319470027148668915e+08
6.963318481654045172e+03
7.233417528425314231e+03
7.615924861147475895e+03
