-2.728189441726041332e+04
-2.750300212955388633e+04
-2.827426035346285062e+04
1.347738253937971830e+09
9.889381624631659985e+08
1.175145959500707090e+08
3.901864645289651235e+05
3.995843781627803692e+05
8.763086426905335858e+06
3.114816935037656307e+09
1.337805648181807622e+07
7.684735376220465696e+04
3.049313290704712272e+06
3.504083555445498321e+06
1.594176115545650246e+06
2.836262918442104943e+06
1.505606150804609992e+06
1.562003233237920562e+06
1.198904944921827409e+06
1.255662111667295685e+06
1.073421069680081564e+04
1.062131244505353970e+04
9.919260369896714110e+03
1.000987944985250942e+04
1.018094935117129353e+04
