-1.312952070580674626e+04
2.184631275369062554e+06
2.186430419518551324e+06
1.564976721297373995e+07
8.090838494993409514e+07
3.850293773814186096e+10
5.086568023196553439e+07
1.337746401872304932e+12
1.477373982584117055e+08
2.400823491098349914e+05
8.324174202945024490e+09
9.227643729251496261e+05
1.525406899537706561e+07
2.696038107328816317e+06
5.299597606753542786e+05
4.419874623787878454e+07
-5.104013634091711720e+04
2.927591969805724453e+06
5.948633058431922458e+06
3.701144599410411902e+06
5.705294970829223283e+06
1.883004082530521555e+04
1.909088514206878608e+04
