-1.044302396089986360e+04
-1.118602587925489934e+04
2.954674231732058153e+07
3.114544014234284870e+06
2.442974149734542239e+06
3.465326032366493251e+06
6.486152213555389084e+06
1.225199866565508768e+06
1.355811035687121330e+06
4.160017891805560142e+07
9.653605866588411865e+11
8.939624083219083026e+06
5.084118173294124752e+07
4.459209344154648483e+07
4.098895047671625391e+06
5.304104272731632233e+09
1.246818907370686904e+07
7.508904453798065893e+06
2.554158266549711698e+04
2.478377446738479193e+04
2.480146466516787768e+04
2.617426824579833192e+04
2.646932872526161373e+04
