2.978090857232535927e+04
1.343653569207240798e+04
9.308812861385955330e+03
7.219441305096625001e+03
3.669430563256248832e+06
9.411231799646617146e+05
2.454235104880188033e+07
7.086863431905925274e+06
1.821899699885813594e+08
1.408895376546870731e+07
2.020666135423543930e+10
4.734194504415372014e+08
1.705101411294353902e+08
4.915373358443271094e+13
1.398981156779714511e+05
2.296228316848828457e+06
3.038099014584882185e+06
4.755931566733383224e+05
4.056281053893170506e+07
1.339189061131214723e+06
6.437987913354220800e+05
1.793587525398078375e+06
4.448979313348990399e+04
4.418839851521744276e+04
4.415473949534803978e+04
