4.157831701290489582e+04
2.613715400118911566e+04
2.546383774006492968e+04
2.573767952250450981e+04
2.768776862727999833e+04
2.196559061405232205e+04
2.008012277805341000e+04
2.210998205385390611e+04
4.156364395886724815e+06
1.487689969220514409e+07
8.444587805672135204e+06
1.320040897420402336e+10
3.490429779527669307e+06
7.772775393983678520e+07
1.037950592388117948e+05
-4.040412299049603462e+04
1.458180716777140915e+05
3.097780085770374537e+07
-4.159454982649782323e+04
4.713100848682116484e+05
6.081074636593327159e+04
6.181376561645275797e+04
6.125675385531055508e+04
