2.712865085963094680e+04
2.952378909518121145e+04
2.405097665219938790e+04
2.792580773734034665e+04
2.549867035843449048e+04
2.665755659821757581e+04
1.016930566415857407e+06
2.708645340976161882e+06
3.018763034476413727e+09
2.756833147141340971e+08
7.594126745381948438e+13
1.619221061920328064e+11
2.788359126716222242e+07
5.062563962004767418e+09
1.051323571142175794e+07
4.129715122487224289e+05
5.194194850045191765e+09
3.289915833334113006e+06
9.760330052724963753e+04
5.944127314005803782e+04
5.993616123173115193e+04
6.205578109919489361e+04
6.128868684379558545e+04
