-4.406814676729358325e+04
6.596659279602679253e+09
-1.317771714793075225e+05
7.071251991362707922e+05
6.331474936540272320e+05
4.740334311318165623e+06
1.523418528506263428e+11
2.508387413689781189e+09
1.839644608752027100e+12
4.691946852437294275e+07
1.086878728649991797e+06
7.212615058132930426e+05
2.878415137621811591e+06
6.430913334773545265e+09
2.018611116945948917e+06
1.695138654165779799e+07
6.895742505508415401e+07
4.009515068601286621e+05
1.767145747646080780e+10
2.446765460476312041e+07
1.433952433824477196e+10
