3.115676288558670203e+05
2.946867276285772095e+05
2.722260699308779440e+05
2.755379849454820505e+05
2.066907036864913628e+07
3.853839009955763817e+07
4.400841704978876514e+05
1.155371331740983733e+05
-1.342159010151303955e+05
8.986921465100297928e+08
5.812974942534827860e+05
4.092941287020118907e+05
3.542030380249322206e+07
1.141681336691553472e+06
3.260638164724906092e+05
2.665396347747498192e+06
1.044903921057801344e+06
9.215538090142382309e+06
3.735672980233977549e+06
3.663797120069902739e+05
