1.014530577932791595e+11
4.772903756263748407e+08
3.661474879971607006e+05
2.335721682575319290e+09
2.676223112710745811e+09
1.564782207750419620e+06
6.826284117155012209e+05
6.879439560348382592e+07
3.488653405838468578e+06
6.127661342273324728e+06
4.038547762218294525e+10
1.171481810445239767e+06
4.365445557372638024e+06
2.392069080894989427e+06
1.397967018754903460e+06
4.319186151193508995e+05
1.124300395791240968e+06
4.023229462310642703e+05
1.686913990108392201e+06
4.595219596506715752e+06
9.687917986100699054e+05
3.716231006627590209e+07
6.015973832609272795e+05
5.411892771899043582e+06
2.041432807424721494e+07
