-3.836878548571340070e+04
-3.874316004395748314e+04
-3.953727645733462123e+04
-3.996933414297077252e+04
-4.043383167616798892e+04
-4.092412517825691612e+04
-4.146351349479280179e+04
1.983620766585564613e+09
2.529506857038216293e+07
2.562246181900340691e+07
3.551697932718196511e+08
3.628549563931273818e+08
3.582807199672382474e+08
5.139900723852554560e+08
2.491959533428362757e+07
1.193361033436953574e+08
9.814336097704294920e+08
6.679831716766085476e+06
1.302126819243851662e+09
2.118162001000646502e+06
2.107634967119109351e+06
2.133827287203997374e+06
4.955587006272792933e+05
4.953564923528842628e+05
4.953452847288274788e+05
4.958025053409943939e+05
1.897399860047912225e+07
1.920221140936814994e+07
1.933878178648446873e+07
1.844264565813877434e+07
1.954809109113334864e+07
1.881003185190571845e+07
1.885002547545718402e+07
1.929298663225558028e+07
-1.875436504013749072e+03
-1.884944183015613817e+03
-1.871434944401204120e+03
-1.869356130649393890e+03
-1.872155334188544657e+03
-1.877300682872068137e+03
