-3.736320272130482772e+04
1.629906842527529038e+07
1.670397645847196504e+07
4.221999226047585011e+08
4.246030209470100403e+08
4.223943454258666039e+08
4.220563078104102015e+08
4.428942377140017578e+12
1.077537733729692400e+08
1.834942648511769716e+06
1.414113797913071594e+11
5.667052490630675107e+07
5.559698864455933869e+07
2.881722391324974823e+10
6.807062821423880005e+10
1.395422104856302030e+05
1.056316740666700439e+12
5.013022985131349182e+10
1.858360414750318848e+12
6.703435375664368896e+11
2.410715853282752991e+09
2.096488084143455140e+06
2.077403484056713292e+06
2.084544429593550507e+06
2.091648972229718463e+06
2.090862182258436922e+06
2.095780490110374754e+06
2.080181757974347332e+06
1.218233573226660956e+06
1.215308625296062091e+06
1.211222955441051396e+06
1.209191600006672787e+06
1.217644760321361711e+06
1.208811533841586672e+06
1.213714830956032034e+06
1.210111370888733771e+06
1.209250047412766609e+06
1.212762138090764638e+06
1.209036761886630207e+06
7.844813101861280389e+06
7.796398572100040503e+06
7.805473960787205026e+06
7.906077616276200861e+06
7.869072688691415824e+06
7.751716383923240937e+06
7.745309777692664415e+06
7.756485376474580728e+06
-1.872594274756585946e+03
-1.878350747466349276e+03
-1.870140200293564703e+03
-1.877746879862184869e+03
-1.872939366089820396e+03
-1.883387434848060366e+03
