-3.705005209296465182e+04
-3.801530463705593866e+04
1.660561287244621664e+06
1.663325854126475751e+06
3.931614425648894627e+06
3.755254240707821399e+07
3.557588561039715409e+08
1.137352537871190757e+08
2.236161773650919497e+08
2.074345122151262462e+08
2.844895582668995703e+13
2.652927936920930859e+13
2.932519035157525000e+13
2.418927705761696484e+13
7.404594724482105812e+05
1.304005787454385776e+06
3.736688283725147601e+06
4.267825863143225200e+06
8.612064639325931668e+06
8.631180059319719672e+06
8.565247195731980726e+06
4.006267939921751618e+06
3.970998095784314442e+06
4.001702561467751395e+06
3.934744734185322654e+06
4.002283017797547858e+06
3.982595367359940428e+06
3.893942446025776677e+06
3.931571456649044063e+06
1.621518408072824776e+08
1.823009679567221403e+08
9.056212115938777570e+05
9.038264662215521093e+05
9.077924673525632825e+05
9.076563822792503051e+05
9.023749579690386308e+05
9.048687647759668762e+05
9.092000461724968627e+05
9.075182768943696283e+05
9.095120174739132635e+05
9.063668336822340498e+05
9.030046291507659480e+05
9.021112597281894414e+05
9.067885389241613448e+05
9.096253917205199832e+05
9.069903147524879314e+05
-1.882092342779302271e+03
-1.877529965604655445e+03
-1.883818991613050457e+03
-1.880438707726832945e+03
-1.878219446244271239e+03
-1.875824997918331064e+03
-1.876831085671408800e+03
-1.880276374505017884e+03
-1.871905588478985010e+03
