-3.655640063456891949e+04
-3.682529946827581443e+04
-3.891047344355966197e+04
-3.931071356010517047e+04
-4.022911712090514629e+04
-4.070832810750831413e+04
-4.125644635077226849e+04
1.205092231005085230e+09
1.026126561214763641e+09
1.086540237712467432e+09
9.576709940503594875e+08
1.968584710376265459e+06
1.973334198600314325e+06
1.939216667148105334e+06
1.962185081223632907e+06
5.433207797769880854e+06
7.685851504908630624e+06
5.676860086135174148e+06
1.080906318039879203e+07
1.117054086216847412e+07
1.080740356731363386e+07
1.092932733096602000e+07
6.837594456246863306e+07
6.462908293796058744e+07
6.778813053047877550e+07
6.691527020626652986e+07
6.573546791452186555e+07
6.830853337212485075e+07
6.402816418051494658e+07
1.464709875376056414e+06
1.470852024875721894e+06
1.444241686592773302e+06
1.461342699516928988e+06
1.442317742256083060e+06
1.470200126835780218e+06
1.461108721241240855e+06
1.432036545775544830e+06
1.427360885047553806e+06
-1.690930517919914564e+03
-1.658532263358996715e+03
-1.671422629767912440e+03
-1.658960191699065035e+03
-1.656819064093695488e+03
-1.690229300339182373e+03
-1.668707421655242797e+03
-1.679171154322684743e+03
-1.663632464901049389e+03
