-3.410271583490251214e+04
-3.747116254049208510e+04
-3.816366933493892429e+04
-4.019685126946634409e+04
8.254176249318817258e+07
3.356743484977125525e+08
4.684348863615581393e+08
3.562159055253736973e+08
4.266439803522393107e+06
4.273913810521711595e+06
3.961105209612862673e+06
1.362958628551193886e+07
1.335044027030886896e+07
1.326345239037821628e+07
1.339618001442470774e+07
9.727298250763285160e+07
9.625472295493684709e+07
9.709059532462014258e+07
1.860465854310631037e+09
2.044456756413346529e+09
1.809816796296421289e+09
8.400900127988419263e+05
8.551062374536060961e+05
8.713930400008894503e+05
8.693800142956179334e+05
8.393031325752481353e+05
8.545670710329982685e+05
3.007659845438556513e+05
3.126020474462450366e+05
3.121711193255401449e+05
2.995506129862581729e+05
3.140820117196888314e+05
3.136764562670430169e+05
3.040205508475099923e+05
3.017190567209054716e+05
3.163878814609303325e+07
3.975004349885509908e+07
3.431311460263040662e+07
-1.682007564004452433e+03
-1.688285324845463037e+03
-1.660294728345645126e+03
-1.678901942313008476e+03
-1.689577555575117003e+03
-1.672450842498103157e+03
-1.665891524391772691e+03
