-3.321528964775878558e+04
-3.671003363414301566e+04
-3.767037398222711636e+04
1.059805567104514092e+08
1.055140660471847951e+08
1.045599998636313379e+08
8.202313751842799596e+06
2.372725097680953331e+06
2.415362681706681848e+06
2.430949675685391761e+06
1.491578100336202681e+08
2.359675875597574413e+08
2.384722153716928363e+08
2.073952314841759503e+08
-1.660206187334481729e+04
-1.540688232209158014e+04
-8.165209628026634164e+03
8.617782643775033066e+05
8.707605957907395205e+05
8.444959759419471957e+05
3.996525992738926697e+10
3.034368659443144321e+09
2.403074494844177738e+06
6.582243780534828082e+06
6.406671620767700486e+06
6.346176718989958987e+06
6.460976505195468664e+06
6.426062283942758106e+06
6.326747934492864646e+06
6.440754084224461578e+06
6.483184821807918139e+06
6.290598687677897513e+06
3.755907836777990684e+06
3.840245080748650711e+06
3.783907209415633231e+06
3.809094771184289362e+06
3.755521106803065166e+06
3.777999838953175582e+06
3.721131142419703305e+06
7.763886918337336974e+05
7.852524779565213248e+06
-1.998106458690084692e+05
3.106219750714814663e+08
1.123806562936914265e+08
2.939460868377071247e+07
6.157777981509371661e+06
9.651935770202262700e+07
-1.579613511553441640e+03
-1.543888087121624267e+03
-1.557650143832492176e+03
-1.559787467097426997e+03
