-3.767439685353595269e+04
1.730844157964728307e+06
1.734976824603110319e+06
2.273155860203989781e+06
2.484648100703208242e+06
2.503024866869422607e+06
9.352094380744393170e+07
7.229773183770307899e+07
3.856536181440490723e+12
6.296041281857550781e+12
4.030071360811640625e+05
7.280065812955354340e+05
2.218644986810374260e+09
8.654380372356114909e+06
4.953017662628964521e+06
4.942914599256601185e+06
4.995852300033292733e+06
4.965333010590336286e+06
5.006204332180733792e+06
5.076365273183526471e+06
2.182042768769959919e+06
2.163627522774641868e+06
2.203115655978305265e+06
2.181958037090933416e+06
8.936766977448951453e+06
9.753682613866955042e+06
9.216361327980743721e+06
8.911120185574566945e+06
7.327332467553413007e+05
7.240206634195641382e+05
7.349846995282218559e+05
7.425605472861966118e+05
-1.542786987791594584e+03
-1.559128330542822368e+03
-1.561089209805388236e+03
-1.542639150127186440e+03
-1.580937045955273788e+03
-1.559631856865016744e+03
