-3.876974310434748622e+04
-3.920008490137897752e+04
-3.962864850232865138e+04
4.478389980376311302e+09
1.796105971807936668e+09
3.045152941700987816e+08
3.259552024328609109e+08
2.879004108777180910e+08
4.274887866790237427e+08
3.470094421571729779e+08
4.907925594084458351e+08
3.384171381830793023e+08
3.517162898436793592e+06
3.944909796310733072e+06
3.692554651580389589e+06
3.763141006973454729e+06
3.697093059591190889e+06
1.232651913132867403e+07
1.291857065595762804e+07
1.234351874839870073e+07
1.238277629973024502e+07
1.287070661066151410e+07
8.410510230426493287e+07
7.896952233686670065e+08
6.844899693504571915e+05
7.015643311545613687e+05
6.342776437533861026e+05
6.790333186799894320e+05
2.556803375070001930e+05
2.516107592333599750e+05
2.578915849790952052e+05
2.601037197957527533e+05
1.161240879508544458e+05
2.147471240132319336e+11
1.008641756961167976e+07
2.389418532921483994e+10
1.058369547865614877e+05
6.544326081512439996e+05
-1.570133986624277895e+03
-1.554881948647176614e+03
-1.566177928142977180e+03
-1.537330662451742683e+03
-1.566354712636122713e+03
-1.577040376719582127e+03
-1.562368316282081651e+03
-1.549906411720148753e+03
-1.544806201548344688e+03
-1.577987190815852955e+03
-1.573094736793806078e+03
-1.573856076306314208e+03
-1.580353662935638567e+03
-1.549569143829168752e+03
-1.537422009811009048e+03
