-3.671196704310938367e+04
7.083431418597486877e+10
9.147207131675215149e+10
8.380829663234870881e+06
3.118951191685081460e+06
3.147110405827724375e+06
4.258110105951561709e+05
4.242399747688432108e+05
4.194337286268299795e+05
2.566982229622029234e+06
3.322091011009721551e+06
4.415126633128921501e+06
2.038603063035635650e+07
2.081365525303247198e+07
1.999038749368482083e+07
1.984055744885304198e+07
1.357407075370004773e+07
1.266050626065678522e+07
1.347731544865179062e+07
9.114795495733559132e+07
6.755896424631890655e+07
1.065934437203710433e+06
1.402758458262291038e+06
7.364672261000917060e+05
6.135526720975458145e+09
4.683644490006031990e+09
4.726292309050732613e+09
5.002829150273660660e+09
5.330461033200428009e+09
4.905683751365185738e+09
5.866416667217238426e+09
7.564626186238720703e+10
1.056139341037278290e+11
1.581998074362676086e+11
1.204064772593187256e+11
1.364620992841134491e+11
1.036884282438438416e+11
1.505958720686665955e+11
5.552010363411464496e+05
6.578919481590443756e+05
7.740089746830947697e+06
5.710917857296841685e+05
1.411135783731137961e+07
7.080745827835722594e+05
-1.547762009588506771e+03
-1.555661049794667633e+03
-1.546896540791552979e+03
-1.576622366016294109e+03
-1.541335569958086126e+03
-1.540896494355140021e+03
-1.562210994463966927e+03
