-3.421426127790019382e+04
-3.671005883923009242e+04
-3.704273881288390112e+04
-3.766948726194842311e+04
-3.879079135955135280e+04
-3.962954796770963003e+04
2.841502233266775310e+07
2.081712295013544336e+07
2.345278068026539683e+07
8.113272974275081635e+09
1.444081973178918152e+11
2.183504312962953796e+11
2.976888449086206665e+11
3.675722696200811157e+11
4.684019500378501602e+06
4.864317626279059798e+06
4.860057403171598911e+06
1.177339778219530518e+12
2.747883306171296875e+12
7.430725125687652588e+11
6.281468467167849839e+07
5.703491710903856903e+07
5.670692454958452284e+07
3.462809361458329558e+08
3.591373851617947817e+08
3.452579441728009582e+08
4.124155147415704131e+08
1.630150755160494745e+08
1.675862426953817010e+08
1.598948717226545215e+08
1.652502154631977975e+08
1.708883577126235962e+08
1.623175043649110198e+08
1.593338347300706506e+08
1.668056948751546443e+08
-1.555767872377386084e+03
-1.542697074298455846e+03
-1.545766903922631172e+03
-1.549919485123828053e+03
-1.547855549155909102e+03
-1.557849141353770392e+03
-1.583195011627249187e+03
