-3.625539642566122347e+04
-3.786210181485513749e+04
8.023170421393610537e+07
7.912309683008401096e+07
8.526568022129888833e+07
8.047041592245861888e+07
1.363472801677833311e+06
3.276803116590427980e+07
3.072604842676423863e+07
3.000155898117411882e+07
7.911576427164718509e+06
4.648380563423193060e+06
5.054378831617481261e+07
5.078802744455279782e+06
5.196016016319130547e+06
3.417265608091919422e+08
7.520355486533576250e+08
5.753839057122844800e+17
7.722927860580616250e+14
2.469047785466432095e+09
1.283519670065839680e+17
2.525612094019553185e+09
5.349283450113173485e+09
1.764379865216715240e+10
1.108664175577186644e+08
1.012293423690504730e+08
1.074503879507157654e+08
1.090237404678384364e+08
1.226371408040510118e+08
1.075571645176618546e+08
1.214408038358698040e+08
1.193602886075337678e+08
1.108209201100573838e+08
9.962502010724902153e+07
1.076598928729230464e+08
5.621092624220130965e+05
5.587377930366502842e+05
5.563996237238137983e+05
5.616030477606208296e+05
5.590596082963875961e+05
-1.433219320364674786e+03
-1.418536361869686516e+03
-1.418470304213115014e+03
-1.406185780098079704e+03
-1.441452204614266520e+03
-1.429858125490893144e+03
-1.439432746996317292e+03
