-3.547447041763050947e+04
-3.574928276043104415e+04
-3.604530332589885074e+04
-3.803583942518767435e+04
6.593990484717183746e+06
6.738377350616062060e+06
1.185941946355524212e+08
5.775365933911837006e+10
1.873171892909134375e+13
3.668807508965468151e+05
1.792828307020929083e+07
8.656275200709331512e+09
3.776989875494606094e+05
3.875422092637299793e+05
3.615967853550737491e+05
2.773105658814281464e+09
3.979634810405827314e+07
4.964339551547896576e+10
3.017810405106134892e+09
1.242234289468372040e+11
2.738072971408251172e+13
4.828672867685340160e+18
8.768610049131679535e+09
3.914838093612929806e+06
3.849623792763481382e+06
4.200100381260228343e+06
2.454984978550720029e+06
2.378862426409110427e+06
2.338354922053318471e+06
2.318925689532481134e+06
2.353694714028499089e+06
2.324164361645829864e+06
7.487024421061578125e+12
1.121334338870611816e+12
1.092753001511355782e+10
2.651378986537773132e+11
3.037259894142704375e+14
1.189860980253038406e+10
8.488669828027205467e+09
4.746779980893392944e+11
1.299447055522244835e+10
1.461817491166237831e+10
-1.190568462705996353e+03
-1.189125300545274513e+03
-1.245592554767557885e+03
-1.234569746637076605e+03
-1.213835914775059791e+03
-1.199362168732826831e+03
-1.199846520723687718e+03
-1.188687210938194767e+03
-1.224005649502418237e+03
-1.186068639198754681e+03
-1.203412802291335538e+03
-1.221675394002522808e+03
