-3.636165411155077163e+04
-3.925674441523820860e+04
4.742090926996745169e+06
4.302751066958603449e+06
8.464369025671078125e+13
1.744884138520650566e+07
6.785545049977747723e+06
6.488874081879210658e+06
5.226579514336020686e+06
4.913835828731656075e+06
4.843150724882434122e+06
5.107548635089983232e+06
5.018281848474396467e+08
8.790835712758135796e+08
5.544929063985214233e+08
3.594223463965950012e+09
3.035986524257494450e+09
3.359509319648613453e+09
1.200250965960387230e+09
2.845218234286173820e+09
3.076942746003493309e+09
9.150353766225141287e+08
2.340773296620106220e+09
1.993585982420909882e+09
1.584038324286804438e+09
1.555316613411240005e+10
5.143839085228480697e+08
1.474406163854622748e+06
1.191181012135229111e+08
-1.196822770074679283e+03
-1.251842596992122708e+03
-1.185855696653248742e+03
-1.193240407205972588e+03
-1.256028194171289215e+03
-1.224986141349101672e+03
-1.241524184260255424e+03
-1.245626724532106891e+03
-1.181822395055351080e+03
-1.233303426395927090e+03
-1.219665667859051609e+03
-1.192670331309316680e+03
