-3.521946183269305038e+04
-3.800222173604437558e+04
-3.976303018663135299e+04
-4.079239372300576360e+04
1.934832911995982751e+07
3.501733795792756975e+07
3.642033693463928252e+07
4.472282010973486900e+08
5.043302299623569250e+08
1.535852721225794554e+09
5.964357644787473297e+10
1.413899076304385757e+10
1.772501903387448192e+07
8.267983060508427429e+10
4.360194352432066202e+08
1.979264545531539479e+06
2.006802701424653642e+06
2.105405825424066279e+06
2.006472611953252228e+06
2.012800806553450879e+06
2.074622712845421396e+06
1.987559432026719442e+06
2.076671454556081910e+06
5.045435493945591152e+05
5.068137532784942887e+05
5.006757839783760719e+05
1.033521815120669641e+07
9.237259457541014254e+07
1.286291713826019019e+08
1.936697453391733170e+08
-1.222750621977058472e+03
-1.220718733339337632e+03
-1.187633493688103044e+03
-1.188883178290503565e+03
-1.241367204440350179e+03
-1.212595499147922965e+03
-1.253501942645845702e+03
-1.209640181732189376e+03
-1.251987394146097358e+03
-1.233788215265871258e+03
-1.236656589567544870e+03
-1.218163443984958576e+03
-1.250017669135122560e+03
