-3.769267034539768065e+04
-3.805861866552809806e+04
-3.887047849147542729e+04
-3.924169118268107559e+04
2.037505557576797307e+08
1.550501191017540395e+08
7.433959298412318420e+10
1.774476134290591797e+12
1.500106476592543359e+13
9.232595907142490149e+07
1.409052183031266332e+08
2.842512087685265113e+06
4.030339712692013550e+10
9.108446943441786766e+08
1.786034314061158250e+15
5.221695326142127200e+16
3.897417725312567188e+13
3.531761977715001600e+16
1.702815812371445938e+14
6.537134866408853125e+13
8.280159396496200562e+09
5.344601768601773262e+09
4.365978612734351074e+12
1.251823607058239258e+12
5.338060333080278710e+06
5.243761197790397331e+06
5.199788858727469109e+06
5.366396216422080062e+06
5.245703571104465984e+06
4.144193702993622589e+10
6.045806459054428101e+10
4.784199020558875275e+10
9.480571198142910767e+10
5.719670212796640778e+10
8.090110824355470276e+10
1.094812343707696721e+07
1.119382256336872093e+07
1.171418891437687725e+07
1.152328375266829692e+07
1.189553779529962502e+07
-1.212044248918333324e+03
-1.175117264193628216e+03
-1.199791608112136601e+03
-1.235242284586711321e+03
-1.193316615381481824e+03
-1.187883240259659942e+03
-1.213102959282812662e+03
-1.225268451606098097e+03
-1.185408622845890932e+03
-1.247767610623646760e+03
-1.228199205228098435e+03
-1.236023036148399115e+03
