-3.547997391027007689e+04
-3.702273803531999874e+04
1.976486679073040932e+07
1.862247771491202340e+07
1.956491849488428608e+07
6.159761544490611553e+08
4.763527735717748292e+06
8.160967181239131689e+08
7.951924308478430510e+08
3.882133393638598267e+06
4.822818349988727132e+05
3.959340096780037231e+11
2.016467831418952846e+04
3.668302805699347518e+06
3.738012504711512476e+06
1.002855313945430219e+08
1.549377598362158611e+07
1.254375776711737178e+07
2.549051611175291061e+09
2.806663407802258301e+12
1.034876026866667271e+09
8.132610287831058959e+05
8.178486226383241592e+05
8.127024365167368669e+05
8.136224102282628883e+05
8.138415003088597441e+05
8.179007768468203722e+05
8.132788218477524351e+05
8.126483234329599654e+05
8.155336278485136572e+05
5.632096685895321875e+13
1.168106810932010781e+14
1.450723794474985840e+12
1.302917165007195703e+13
1.025227012219684082e+12
2.784919103967595703e+13
1.331258521676970947e+12
1.509351606986128906e+13
2.093915977671542578e+13
4.264344244601141250e+14
-1.176430081681028241e+03
-1.231699644702835940e+03
-1.248263405099918600e+03
-1.240370769158384064e+03
-1.233891037053312175e+03
-1.188833769155666232e+03
-1.194620897316111950e+03
-1.177089183567033615e+03
-1.226090123514295556e+03
-1.186826847376854857e+03
