-3.501089405410389736e+04
4.885688288916342892e+06
1.436238609581154771e+07
7.087286449647622108e+08
1.405685208861712925e+07
3.905837050791686028e+07
1.862433058343125973e+06
4.310936007072246671e+08
2.801198666033564806e+08
2.822131644866012335e+08
2.959807742892343402e+08
3.226863757925614715e+08
3.439658824829823375e+08
4.783259201364193112e+07
1.706575698527070135e+07
1.929604138313495368e+07
2.579195041621152312e+07
2.767404474962726235e+08
2.323014955330120400e+07
2.148303366383271664e+07
2.200991118123649061e+07
2.170062123500263691e+07
2.290267098183675855e+07
2.157563999248920009e+07
2.588660401256262958e+08
4.835766660082632446e+10
2.473911094865424931e+08
3.393768537680387109e+13
6.016801922227047682e+08
4.678037258479229808e+08
5.729233517737213373e+08
7.187081684540619850e+08
5.399465701794619560e+08
5.129598313588231206e+08
6.513759800964627266e+08
5.049802820370615125e+08
4.926312469456317425e+08
1.983052085303309839e+06
5.228747067846796475e+06
2.108435803851355333e+06
9.650841903337123871e+09
1.203346657074834406e+07
1.058607718550208740e+11
1.156366971178750275e+06
4.453880008791110156e+13
1.819121581638395996e+11
2.385084940048673630e+10
1.291956995675409424e+12
7.611422473957447815e+10
2.901218616781244922e+13
2.998893295273733203e+13
2.755815912916335449e+12
-1.201689012180984719e+03
-1.240322150172141846e+03
-1.228052668600837933e+03
-1.248968481789168436e+03
-1.234744984501536237e+03
-1.188076745855272748e+03
-1.183938889830780681e+03
-1.187868378393788589e+03
-1.194807302966160933e+03
-1.175584654331847560e+03
-1.212859331205196213e+03
