-3.451092846507528157e+04
-3.500918585364022874e+04
-3.614370673534005618e+04
-3.734726545408080710e+04
-3.781198948800928338e+04
-3.855509535173028416e+04
1.861131766570981825e+06
1.804628647949535400e+06
1.349070511625784915e+06
6.679688058922091064e+11
1.350810073057139218e+08
1.198176235693868846e+08
7.734115705205103150e+05
1.042119144745021127e+07
1.551810557770104520e+07
5.076846948809119873e+06
5.319399624559844285e+07
4.928275744646100700e+07
5.522762492342206836e+07
2.025279332065505312e+14
1.172093080153169922e+13
5.591587666572728157e+08
2.867261047562573242e+10
1.137793778492159766e+13
2.872339136459837500e+13
1.014453342858366203e+06
1.006601821986567345e+06
9.970933853964330629e+05
1.020202706338181626e+06
1.027612674028909300e+06
2.376870356314496312e+05
2.001252122926884040e+05
2.095484713361787144e+05
1.934724427985882503e+05
2.189798763048714958e+06
4.028700854950785637e+08
2.438443339638484001e+09
1.374635836212068051e+07
5.508122733747930033e+05
4.620729477174155000e+15
2.498151824289429688e+12
-9.795013138276117388e+02
-9.546068495737563353e+02
-9.166596917450660840e+02
