-3.771850245415177051e+04
6.828845487189732492e+07
6.642627811712548882e+07
8.745694889815103961e+05
1.169757026002044324e+06
4.310913953981162049e+06
7.182866815252674278e+05
4.927010749758383608e+05
5.520482036040575027e+09
6.418489153298122406e+09
1.613059330147999525e+07
1.775889876596346125e+07
9.305671197336472571e+06
1.779808694541214779e+07
4.450414422275307006e+05
5.966307525499085426e+09
2.733503057926662064e+10
6.823962796256239891e+09
8.006756328742555618e+09
3.151321186092063522e+10
2.335501130571890640e+10
1.427509214200432227e+13
6.890477836745447159e+09
4.869912834161164165e+08
1.836904724343816042e+09
4.390341092346478271e+10
2.707164332070532227e+11
2.272594361797815561e+08
1.147032368054544330e+08
1.081721234325644076e+08
1.208081824279718697e+08
2.689954265976763964e+08
3.273644018482360840e+08
2.242173331977256536e+08
1.405938545641500056e+08
1.583650223678317666e+08
2.684780614454656243e+08
1.109136203229399621e+08
5.748890212260978669e+07
4.732009444910355657e+07
5.325347495726684481e+07
5.297190745128518343e+07
5.409318697941013426e+07
5.603479275727795064e+07
4.459475802062510699e+07
4.815531953660374135e+07
5.754194703359114379e+07
5.744560269269002229e+07
5.347111624411762506e+07
-9.870668437312706374e+02
-9.605490847615292296e+02
-9.273988084346347023e+02
-9.359431911419960670e+02
-9.985691637815616559e+02
-9.699917517818685155e+02
