-3.309777043180027977e+04
-3.502590982137709216e+04
-3.613613468837535765e+04
-3.670282033383005182e+04
-3.745553417746441846e+04
-3.899791046295785782e+04
1.678879217275864648e+13
7.051918203893775353e+05
7.037949305668438319e+05
7.040297672046838561e+05
7.061664353873629589e+05
3.295707826966401772e+05
3.387175276523098000e+05
1.945143617301129561e+05
1.939485488997875946e+05
1.978124330406934314e+05
1.994242838918939697e+12
3.101957408987022705e+11
1.174476061790368259e+08
5.261256716804462671e+07
2.838391580004526901e+10
1.302011980780894905e+08
3.766457636859045410e+11
1.009674608694075793e+08
3.832747005088068848e+11
2.909342458544294434e+11
7.449831553186535893e+04
1.747986757738067536e+05
1.804654835108135885e+05
1.547346745732275594e+05
5.664596486851525493e+06
3.177816390731211286e+06
3.375193878076392692e+06
5.742831553915563039e+06
3.862473308848465327e+06
7.719136952651939355e+06
9.778613842358434573e+06
1.074891820894018936e+10
1.971619825437679538e+04
1.567563183046958642e+06
9.714511435463884845e+06
3.093177039159070015e+09
1.753337695418885469e+09
2.736780086294995880e+10
6.313022097415059814e+11
1.727517666723051758e+13
3.261963509721025391e+11
1.255866019471050781e+12
1.777878366839688540e+09
1.254800893089544678e+12
1.678837636198836803e+09
5.056614300604457855e+09
5.602601249339962006e+09
-9.176287136717583053e+02
-9.105366982991690747e+02
-9.333564915163442492e+02
-9.827258719603123609e+02
