-3.700603360055026133e+04
-3.861711696887667495e+04
-3.905489124839699070e+04
1.065890214367241979e+09
7.083114606789905811e+05
7.096380552641929826e+05
7.098639344651126303e+05
3.666313476968692266e+05
1.946631341110594803e+05
1.926137986752107099e+05
-7.428321757319648168e+04
3.513769886766367126e+06
6.667252143743697554e+07
4.869954709621514893e+10
2.521431169129806221e+05
3.231210631126043736e+05
3.768593360161699820e+05
3.096128034206128214e+05
2.342929454583071638e+06
9.024251414053146727e+05
1.140938534677463118e+06
1.463873319563136669e+06
1.861769834853955545e+06
1.181152612102101324e+06
1.864506997153883567e+06
1.884557516685351264e+06
3.893619046062671875e+12
1.365173359573128128e+10
1.868706820799104869e+08
7.731687669810966253e+08
2.922621441342468262e+09
1.059111716608970642e+09
6.924243880947999656e+07
4.659056385794768110e+06
5.050843066412722692e+05
5.404715563702493673e+05
-9.473569623662333470e+02
-9.186438589355093427e+02
-1.005230911151360488e+03
-9.871770789097936358e+02
-1.001242324557737447e+03
-9.604327564190898556e+02
-9.275280223567679059e+02
-9.350321114679682069e+02
-9.805552526049432345e+02
-9.816688135251461063e+02
-9.738475437595916446e+02
-9.597289115580497310e+02
-9.395993837033747695e+02
-9.228326150952489115e+02
-1.009054132492048666e+03
