-3.362721523181235534e+04
-3.675905011502286652e+04
3.913935107382723596e+06
2.113293413554519415e+06
6.577776013918317854e+06
8.375433673567245714e+06
2.476374770727555454e+07
2.608817748191189021e+06
3.586297468311778259e+10
9.672040347595496178e+08
1.680990209542677552e+07
7.580907064594802796e+04
2.108926817370183716e+11
1.217534581395985781e+14
7.274387253740805664e+12
1.279730075253846822e+06
1.257658019722840050e+06
1.148835637790567707e+06
1.268369341222908348e+06
1.194203716832019622e+06
1.105814202587283216e+06
1.201885466869172640e+06
1.204228453950531548e+06
1.228694174176819623e+06
1.149025396159016760e+06
3.597949979830422252e+07
4.520518789320352674e+07
3.824784795111066103e+07
3.659883190804770589e+07
4.111979689708312601e+07
3.698775324364769459e+07
4.589271383687548339e+07
3.797852603047497571e+07
1.077241609787681818e+09
1.192644091161488724e+10
1.308822022167202234e+09
9.281141793142850399e+08
9.090508679545201063e+08
-5.663649377156107221e+02
-6.057846773017663509e+02
-6.817285528616921511e+02
-6.749454016964882612e+02
-6.449274172775913030e+02
-5.825346176127495710e+02
-5.596224090087634977e+02
-6.564967216065269895e+02
-5.954450159949483350e+02
-5.915069864272372797e+02
-6.028167977879056707e+02
-6.472611081527429633e+02
