-3.569997183224544278e+04
-3.671933405130486062e+04
-3.816565811799612129e+04
1.850738227093222737e+07
1.041842342770122719e+10
3.863879253805618733e+06
1.208474448661457002e+08
1.288668245055291504e+08
1.460394338720521927e+08
5.656387859193547815e+07
6.764851755367770791e+07
-3.386530291586283420e+04
-3.090023052451030162e+04
-1.227484370697071136e+05
1.085355352352036499e+12
5.621214622175263166e+08
5.822456042392839678e+06
4.190410825827189256e+06
4.582954580383804627e+06
4.607936415808400139e+06
4.555577228593755513e+06
4.523111831701830961e+06
4.498512637599169277e+06
4.362829093983552419e+06
4.019882758175589610e+06
4.666558765327382833e+06
4.345736191335052252e+06
2.743908613587991800e+06
2.578418614150449634e+06
2.706292631720584817e+06
2.689435611463954672e+06
2.804484225615024567e+06
2.873733630948096048e+06
2.703839139753456227e+06
2.599700843269023579e+06
2.667394942766950466e+06
1.021606714946349978e+09
3.999242149656190872e+08
1.115781428661901611e+12
7.406380568925306797e+08
2.273835086239826202e+09
9.911391147671566010e+09
4.580400222249923706e+09
2.291232754885458679e+11
3.335206177925200806e+11
3.925718876100357056e+09
6.177593641641860008e+08
9.679789296368213654e+09
1.296947930785508728e+10
8.775756798179651499e+08
2.220420916998634766e+13
-6.220009877879638225e+02
-6.515548536357528064e+02
-6.652021629917435348e+02
-6.803508824103337247e+02
-6.039434546653646976e+02
-6.226625120036769658e+02
-6.461495010186918080e+02
