3.238160239809123334e+06
3.231887077194127254e+06
2.443208819862957299e+07
1.505643627028098702e+08
1.444378689604236186e+08
8.977730830983506441e+08
3.856133937590793520e+07
2.773517491210744902e+07
4.599474435768194497e+07
8.377141717754070647e+06
8.738281508430384099e+06
9.708663619810867310e+09
1.092803212235809517e+10
3.425436018684530281e+05
3.673207386897432152e+05
3.315856723902875674e+05
5.296573647772042081e+06
5.173605060778198764e+06
1.043330219526786823e+06
1.080303419745811727e+06
1.151358958708900725e+06
1.150198511054414092e+06
9.336966254519758224e+08
2.826753256838568687e+09
1.546664370815058649e+08
1.099947462608912230e+09
3.528357744287108071e+05
3.855520379979021382e+05
3.863058146781416144e+05
3.290816606255110819e+05
3.477911947497096262e+05
2.053133390801976318e+11
1.027071530896059155e+09
4.365129641572130471e+07
5.125717866509773731e+08
7.257169419550771484e+12
1.267634704915575104e+11
4.593752381951492310e+10
-2.238944439151779807e+05
3.848281414778233320e+07
7.781991156208083630e+08
1.263655474597822875e+06
7.385610616969095703e+12
-5.976665411333669908e+02
-6.145107855235110037e+02
-5.638278980341856368e+02
-6.012070614882395603e+02
-6.200613594824098982e+02
-6.675066118304966949e+02
-6.708149677429464646e+02
-5.849822153942659497e+02
-5.988346857501601335e+02
-6.352740867771208286e+02
