-3.424458070836140541e+04
-3.439446548576489295e+04
-3.599031060236716439e+04
-3.626266939378963434e+04
-3.701443831993477943e+04
-3.730603158192016417e+04
2.167108822268260643e+07
2.203727047321333084e+06
6.029876650279131718e+05
1.714563812503810041e+05
2.375254403263955116e+09
1.334737953675755615e+11
1.986513185116115112e+11
2.995549300522701815e+06
-1.179660009049993096e+04
-1.484944602611561277e+04
-5.572445362504331570e+03
-7.419115401701790688e+03
-1.221428527116877376e+04
7.154782242668095045e+06
7.220993039881496690e+06
6.290381078301453963e+06
6.488709627479849383e+06
5.704145359828514978e+06
6.892619293257123791e+06
5.234363828661014400e+17
3.169966670639276875e+14
9.012976579393968000e+15
2.328156132971118400e+16
1.314038251838663400e+16
2.700229115153774247e+07
5.606775933485618234e+07
7.789032085671835579e+06
2.443714905416813120e+07
1.612395614214962125e+08
3.686148838572908938e+07
5.543179825835767202e+06
8.215603179942265153e+06
5.470740573498912901e+07
5.026445476345399767e+07
2.737564337574330330e+09
3.993850105309722424e+08
-2.517443180224217940e+02
-1.495157650174223818e+02
-1.662358083710132632e+02
-1.374306627786718309e+02
-1.640399857065349352e+02
-1.619270017521630507e+02
-2.191141254238900729e+02
-2.125113693228049669e+02
-2.260425757041957695e+02
-1.804894285477930680e+02
