1.891745455098073557e+07
2.121172416234241799e+07
1.217088845696282089e+08
9.137889687687684596e+07
9.871120400456790626e+07
1.893961137609564234e+06
2.353807974095851928e+07
3.202643220987515152e+07
2.667001875609341636e+07
2.242974293871670216e+07
1.176738604687446058e+08
1.046177992309944928e+08
7.053536366730683949e+05
7.708681381298362976e+05
7.089284543075825786e+05
7.640001439062539721e+05
1.635012128728234023e+07
1.314712235034973919e+07
1.317226100123993494e+07
1.498355536698712409e+07
2.445065910344973207e+06
2.485643199054142460e+06
5.571053156419153092e+05
6.923286735454371665e+05
1.150136888994237874e+06
7.533709225004751934e+05
8.394612783264693571e+05
8.051057324301552726e+05
8.686965791771751828e+05
8.182278977513778955e+05
7.863382685243609594e+05
7.784120617560780374e+05
8.034072402937400620e+05
8.683265518492736155e+05
7.900053963308039820e+05
8.296039087034829427e+05
2.722110453791303711e+12
7.145879914616215625e+13
4.133119199121247101e+10
2.710273134463974237e+08
6.778445314333981276e+07
5.130784359684966207e+08
2.878780693750974655e+09
1.763312555369916153e+10
3.665508147461514454e+02
2.827502134419337381e+02
2.961902691635477822e+02
3.525919438955606893e+02
2.702543383580923546e+02
4.222850283804000355e+02
4.314581961643707473e+02
2.952262587267323397e+02
