-3.641029498457945010e+04
-3.663286512708000373e+04
-3.704237866147828754e+04
-3.760556583149159269e+04
1.164669195785617828e+09
5.068673228018653579e+06
6.232274671929037198e+06
6.484207153174888672e+12
1.780903498703470454e+06
1.745031199948830530e+06
1.675816335943216924e+06
1.877944951366659254e+06
1.648271777592254803e+06
6.215063286731539993e+05
3.976090503636391833e+06
2.431454950215078890e+06
4.478258490010093898e+06
1.471794569817788340e+07
1.487111094793761522e+07
1.114228827196307480e+07
1.429620120812197588e+07
1.278044482339781709e+07
1.492746970952093601e+07
5.500875050968942232e+05
3.585001478872428415e+05
4.196212304865693441e+05
3.412180728026056895e+05
5.462031867535790661e+05
3.346957650442992453e+05
2.968835469626355916e+02
4.320259929841558915e+02
3.625400400834623724e+02
3.044510675897472538e+02
3.549404440515791066e+02
2.904856968047970440e+02
3.781918894344416913e+02
