-3.319939931063377298e+04
-3.363388479848581483e+04
-3.379557311674478115e+04
-3.579493504953763477e+04
-3.682916957389739400e+04
1.122488084705910645e+07
1.426542965167514235e+07
6.729404276448247023e+06
8.431762753312228620e+07
7.649749846282477677e+07
8.751176700047452748e+07
2.022057367655355632e+08
1.250608398014630079e+09
5.575738340114858001e+05
6.166526913171610795e+05
6.235510748099703342e+05
8.418377092652416322e+05
1.006629087142238400e+16
3.290258355398655985e+05
7.249714848707079887e+07
1.027380364015531540e+07
1.633231585029892251e+07
1.568378894864653778e+10
4.663544125667063147e+07
4.382736132748398185e+08
5.752746846062411368e+07
4.870202088565852493e+07
7.335395621301808953e+07
7.315589222420640290e+07
3.312489902354901657e+07
3.034115747235688195e+07
1.827079551847837448e+09
3.466917983070552815e+06
1.425461408874929510e+07
8.438904290370692313e+07
2.086296993118403125e+13
2.060357423585993797e+07
5.723402175504142791e+07
8.278763115761172958e+05
1.803710340799913704e+08
1.096598862444546074e+08
1.551191117687922239e+09
1.189581209162919549e+03
1.005637452420691261e+03
1.218936864834366133e+03
1.103170920116535854e+03
1.018006937669997569e+03
1.142781308807636378e+03
1.209715798998397077e+03
1.231951002948277164e+03
