-3.506241542431103881e+04
-3.640110151199754182e+04
6.821824011929349508e+05
6.562047237451179884e+06
6.424751743544927798e+06
5.682521766490180045e+06
1.111957107187036425e+07
7.573414570015164092e+06
4.487150744254733276e+10
7.698331809839211464e+09
6.843564422773101367e+06
4.290509625666533597e+06
1.993896082839357900e+06
1.270588498872198723e+07
9.235241894389629364e+06
1.034395037106880359e+07
8.364051251650040038e+06
1.669890534277654951e+05
2.359715675949285214e+05
2.457668060255950550e+05
1.760812056257474760e+05
2.836125008838010253e+05
2.398473053446216800e+05
3.140628827821566374e+05
1.408531184585408482e+05
2.389803430732124834e+05
3.569617507149316370e+05
2.100705667480007396e+05
1.263126328757061856e+03
1.022115097796166083e+03
1.265243802146840608e+03
1.256013398727314780e+03
1.125337208531331271e+03
1.128088494355790317e+03
1.067910755819117185e+03
1.155120930543198483e+03
1.023483115942624863e+03
1.224858522265392821e+03
1.149949414040456759e+03
1.141721886922576232e+03
1.262628855885210214e+03
