-3.218915394395207113e+04
-3.344499714953243529e+04
-3.484253354538161511e+04
2.232835811022341717e+06
2.517218327870623674e+06
1.954884306649575382e+07
1.838826293259894475e+07
3.391414008029484749e+07
1.663395096607667446e+09
1.034173884805809008e+06
1.010654685650741798e+06
8.715073633138248697e+05
1.616415938608363643e+07
2.967515860117119551e+08
-9.453754609425096714e+04
9.309672108821447473e+05
4.065559227521483263e+04
3.061518626306264844e+13
2.441065327332214355e+11
2.524530907719434738e+09
1.163680051369957209e+09
3.487707818247679472e+08
8.167830249030280113e+08
1.326126152196748543e+10
8.492725227606472778e+10
4.188057288127027130e+10
7.602538776258312988e+10
1.471558502333238983e+10
4.873591726213620758e+10
1.889899022816355526e+08
1.305476521167817563e+08
2.393020280504934490e+08
2.183435378942103088e+08
1.300227857578982413e+08
6.823212783054093122e+08
1.323205295770584345e+08
1.766880729431609213e+08
7.040245540056751966e+08
1.864373029061983643e+11
6.170667913337311719e+13
1.850176414923738770e+12
6.306189837754668427e+10
6.924425117609127930e+12
1.555660375806986800e+16
5.346296612898519516e+09
1.929910360824714600e+12
2.217339507981261704e+03
2.089870424906315748e+03
1.997958020302816294e+03
2.197742478090018267e+03
1.989804143498069607e+03
1.971726528500701534e+03
2.184813739674747922e+03
2.180922922781028319e+03
