-3.110874587843875634e+04
-3.105215471680425253e+04
4.653194869544642046e+06
4.240081455402184278e+06
2.789954685960220718e+10
4.127655394738880634e+09
2.099540612607012033e+09
2.851228886587226880e+05
1.249863038056303412e+08
1.186983362810717583e+09
2.225196281494220793e+08
1.261067438885588432e+06
1.281414351074190112e+06
4.673819043445325643e+07
1.444625835692491829e+08
8.758545839580647880e+05
5.844349699140627384e+08
2.775639515630351901e+08
3.928308482306699753e+08
6.203317092108264923e+09
9.579357546362941406e+12
8.008663453421659768e+06
1.222470354372740507e+09
4.064836805292235565e+10
1.178330196476615965e+06
2.486932412802243605e+06
7.524392779135275632e+06
2.443448230633512605e+06
1.579533878045525402e+06
1.054007447637595534e+09
1.743070856080463622e+06
9.425157744301149368e+09
3.271630347704808044e+10
1.305950289225736074e+07
1.440537268821752165e+06
7.531486491235060384e+05
9.370188269405335188e+06
3.674473565203446196e+05
9.088928901335817575e+08
3.046187366991972551e+07
3.572035670619792938e+08
1.008224375038117869e+06
2.132471622640176793e+04
1.921606471240831888e+04
1.802300634788896423e+04
3.510109236817399506e+03
3.674328616983810207e+03
3.651675970103475265e+03
3.461349772201705491e+03
3.262639123357977951e+03
3.192944143914181041e+03
