-2.893861769877547704e+04
-3.234717635046219220e+04
-3.462285830965377681e+04
-3.480631621239576634e+04
5.607155837704627991e+10
2.472399655847717285e+12
4.866342463153837016e+05
4.756480850483371582e+11
5.651843599989958107e+06
6.288467927648372017e+06
5.085318935630057752e+07
4.668818776018510014e+07
2.202411188597360626e+07
2.075949137774129864e+06
1.646916773264586664e+04
1.756162782643702254e+07
-4.235247455661724962e+04
4.419876810482619912e+05
4.705779738095378852e+05
3.798220221256295335e+05
4.158072998807021067e+05
1.304373030459898291e+06
2.943288462999355514e+06
1.404392363750786753e+06
9.485109277570741251e+05
1.855490069387308555e+06
2.316424465801213868e+06
1.144720496127366088e+07
5.728860970514445566e+06
1.011005293894933164e+07
1.275297619653991424e+07
5.257312934654630721e+06
8.330715943474411964e+06
9.921729540943725035e+06
5.023893482274254784e+06
9.100509205966491252e+06
8.075420796173325740e+06
1.271517302243719250e+07
8.133081747100255452e+06
2.079369255929723009e+07
5.460718116310901009e+06
9.402707230325777084e+06
9.159759321113711596e+07
1.758302882945331931e+07
5.214876593624288216e+06
1.352342502248337679e+07
1.405589934334791183e+09
1.743526645684447512e+07
3.159258743204263737e+03
3.479034435647743521e+03
3.269873838964966126e+03
3.340975413559004664e+03
3.201925876402325230e+03
3.641264193309121765e+03
3.600120316749525955e+03
3.411063770123437280e+03
