-3.016758066564078035e+04
-3.089240854718453920e+04
-3.128201021141121237e+04
-3.203636391698903753e+04
-3.286799896816520777e+04
-3.371264809820575465e+04
2.498182995911710400e+16
1.962227967706385534e+06
1.527497897585380590e+06
1.595735979532174068e+06
1.738340703355634585e+06
2.050219227366429288e+06
2.418285404546009842e+06
2.489218328602072783e+06
3.392661228553473018e+06
3.390460920050414745e+06
2.951761768384504318e+07
8.770174528893867188e+11
9.582609053200477362e+07
2.850465038171131611e+09
2.254145450756390113e+06
4.657065023576923609e+08
2.714119007243599743e+06
9.055690537112826172e+12
6.184274764952109195e+06
8.980148015907298774e+06
1.441749433769151568e+07
3.493397183356937952e+06
5.347290281182895415e+06
3.640619806654101238e+06
3.867053977847779170e+06
3.763956453949636780e+06
1.939230359700987814e+06
2.677692001438503619e+06
2.425172647300013341e+06
2.254850039660215378e+08
2.800493837993131205e+07
2.103280059072225332e+09
1.465034725801680982e+08
1.800097055983757600e+07
1.706726257263609469e+08
1.804276565859618410e+07
5.170365575949195772e+03
5.320981989221036201e+03
4.747933902648393996e+03
5.420337313773023197e+03
4.823647723743924871e+03
5.243440398274891777e+03
5.062036684495600639e+03
5.101792070336698089e+03
4.987970442176854704e+03
5.394035848388215527e+03
4.749777179657336092e+03
5.008932586279290263e+03
5.047576081534294644e+03
4.931029236981587019e+03
4.807386660347867291e+03
5.194754330107884016e+03
5.073092255361232674e+03
4.787434793873981107e+03
5.428767135469708592e+03
