1.535562250883322001e+09
8.875308795811212540e+09
2.408860997260333896e+08
2.027991517462184191e+09
2.668575460022456571e+07
2.871625726661807251e+11
8.956069323390850332e+05
1.437581827736511528e+08
5.477845303781070709e+08
8.429814945902394056e+08
4.914578892641357146e+06
8.678859854003695771e+06
6.469300342478741892e+06
1.094786992791153304e+07
5.596775643947678618e+06
6.062841392138690948e+08
2.717568051895046616e+10
1.833406241608474255e+08
3.831689651204894257e+10
7.326027472165017700e+10
1.386573032305155098e+08
1.363191468973136246e+08
5.020739778265506744e+09
6.294989191796401739e+08
9.605062243286803365e+07
1.203729811142375916e+08
1.736783849772144556e+09
9.453918909008234739e+07
1.238353249837173820e+08
4.630660934614091187e+11
1.337229615633449316e+09
1.540251837428607047e+08
2.084008971346777649e+11
3.369570471863667969e+12
1.277824833568359852e+09
7.436603567004727665e+03
7.681683397560816957e+03
7.342776770869269967e+03
7.108667427237814991e+03
7.413147121043904917e+03
7.024953789724793751e+03
6.897496670233085752e+03
7.050738473966775928e+03
7.366015191717160633e+03
7.495922926358267432e+03
