-2.906099706898909062e+04
4.011736320931403339e+07
4.779646833069846034e+07
3.928433665194284916e+07
3.578825022146530449e+06
4.632565830090684816e+06
2.394948627197710052e+07
1.705501718904507160e+07
1.036960559566515535e+08
1.053264080813820267e+10
1.958727465384747559e+12
2.209441914746614075e+10
7.166098288495750977e+12
7.016965305853867531e+07
6.963059969720070064e+07
1.231916836235925436e+09
8.315905526084449142e+06
2.441188236625628197e+05
3.464703024787302129e+05
5.941064046300443821e+06
1.363543821513582611e+11
1.272315377350417328e+10
1.488468278061520576e+09
5.898747830230621621e+06
5.635585364579752786e+05
4.776987344584819220e+04
3.153684491377956001e+05
2.917704126748824492e+06
5.523281568442140706e+05
8.321400934615083039e+06
9.473418244631713256e+06
9.453585201554533094e+06
7.418285885693276301e+06
5.387303918006147258e+06
1.010455727928907983e+07
9.025410403998801485e+06
8.581645938245788217e+06
1.257722698665991798e+07
7.466300079071320593e+06
1.343885955737830326e+07
1.020332736930482835e+07
7.489588576294970699e+06
6.970267202434508363e+03
6.862457328277407214e+03
7.721784751280967612e+03
7.291499662829999579e+03
6.888019560211949283e+03
7.555015406754129799e+03
6.924791408255405258e+03
7.771107916563982144e+03
7.481547678084636573e+03
7.321563099743245402e+03
6.857178540268534562e+03
7.390775677581113996e+03
7.258987599409883842e+03
7.084821917647641385e+03
6.997199135800794465e+03
