-2.487627741328173215e+04
-2.684528413555981388e+04
-2.736247248854628560e+04
6.610894160762146348e+05
6.459745496681585209e+05
9.761436245515578194e+05
7.077224803283223882e+05
2.279515623031058908e+07
1.209510605837935209e+07
7.062524591481694020e+06
2.278614606886351947e+06
7.327485707011763006e+06
2.562529693080288917e+07
1.562673949366425276e+08
1.369431568626129627e+07
-1.265633669635196129e+05
1.078185282327093929e+07
8.173826214194771647e+07
1.801716038093284518e+07
2.660258640420656186e+06
1.196863441729696840e+08
2.279992446255861782e+06
4.387642141276134178e+06
1.226044638729383200e+08
5.615413076066569239e+07
1.100279859930010047e+06
2.904098762939608190e+06
1.939496970716125099e+06
1.635014876900276169e+06
1.928587093776586466e+06
2.215646108146930579e+06
1.008783056306402432e+04
1.074997499686156516e+04
1.064920443921291735e+04
9.622103348920616554e+03
1.057869061893943581e+04
1.059063786741785589e+04
1.003734722435942967e+04
1.019096565528385690e+04
9.646634603748359950e+03
9.617108359439007472e+03
1.057072677055691020e+04
1.019532367436090135e+04
