-2.277488690990269606e+04
-2.499691426879026767e+04
4.336521171745908260e+07
6.078667300844617188e+07
1.287043989917387390e+10
5.821517227339874506e+08
7.028072852822606452e+06
1.180325763390778542e+09
1.104043274032795802e+06
1.631931984604758583e+07
4.981548335739016533e+07
5.058513017656219006e+07
1.205389748111327738e+07
1.253171811047699302e+06
9.526274481392520247e+05
6.524432014881430194e+06
3.443147141178820748e+06
4.944737869571794756e+06
4.643219059847599827e+06
5.798012812871093862e+06
3.713230839103684295e+06
4.445104684829387814e+06
5.847886150261560455e+06
1.236936415067479014e+06
4.307016828914985061e+06
2.082333403035280760e+06
3.212338798217627220e+06
6.025658211073094048e+06
2.790922430874768645e+06
2.335060317245458066e+08
4.950577521752112389e+09
1.416689091386590958e+09
7.343078638421694040e+08
4.572077250680537522e+07
6.643429194520878606e+06
2.121211144865742885e+06
2.175676793407001533e+06
2.287227190769381355e+06
1.106500677324749995e+06
2.386050405765139498e+06
4.607253535191060975e+06
7.166705953734610230e+05
5.317105405711145140e+05
6.146623245889968872e+08
1.781477028016499579e+08
1.186973526953613281e+10
9.191164348564918041e+08
4.174136955486534280e+05
8.091413523614403605e+07
2.610494479797700391e+13
2.637693684419219666e+11
1.043113887917008833e+04
9.804840724351641256e+03
1.026528528036261559e+04
1.039435174194179126e+04
9.643154579134774394e+03
9.836565208838263061e+03
1.073825571474811295e+04
1.051728529605932999e+04
9.842469653378822841e+03
1.012686216935454286e+04
