-1.945414732628947240e+04
2.943493228803416248e+06
3.576606037511973642e+06
2.896828788442905643e+05
2.917079521888414307e+11
1.644364348723494820e+07
1.173987494994732440e+08
3.104392175105564669e+07
1.806757648645659909e+06
3.829869879291918129e+06
2.776712000797734782e+07
1.086641091481238604e+07
1.268336068869102746e+07
7.695610223975963891e+06
6.884203442501724698e+06
1.302153983247144967e+08
4.521939254171484150e+06
2.869529199336294922e+12
1.056042209998630919e+07
1.796928532486927230e+06
6.919844537077723071e+05
8.139486719556936296e+05
1.157412583371543791e+06
8.237066641974016093e+05
3.004430823296418879e+06
3.782883073458684981e+07
2.815852062003582250e+05
4.639682961736916332e+05
3.050343357094866224e+06
2.266078832330468750e+10
2.782806542389539629e+07
2.334591221786718845e+09
1.932636031616467237e+09
-8.543737596100935480e+04
1.307601600662311830e+04
-3.580138290514743858e+04
-2.506340242979345203e+04
1.308825078597612493e+07
3.691279361605390906e+08
1.109720381108706817e+07
2.211554258730008900e+08
1.461615835656827316e+07
2.817337840787237883e+08
1.740168156444356218e+07
1.080583446477266997e+08
8.568252385897129774e+06
1.663443549969545364e+09
1.006443809882247634e+07
1.122987653209338427e+09
1.659768512778544985e+07
1.959985621976733804e+08
3.101839049006272554e+08
1.254568672690254211e+10
9.292325790529591963e+06
1.184883436855859610e+20
1.438452633539064974e+07
1.454262159397012927e+07
1.339386404932010919e+04
1.326310265471442835e+04
1.355934597716512508e+04
1.321140859049709979e+04
1.399775039819104131e+04
1.387453224853170104e+04
1.465825295942602679e+04
