-1.771552076136095639e+04
-2.124943309774074805e+04
-2.191535446667276483e+04
4.911940005971794948e+06
4.273428526024715044e+06
3.477476943149705883e+06
3.663927589211426675e+06
2.000003697883937657e+08
6.285577785385974497e+07
9.219554395849893335e+05
2.032229921381108696e+06
6.425564405937612057e+08
4.800378980363016129e+08
2.145746753257340240e+10
1.551811168753531456e+09
4.550836468778809160e+07
5.696189162524000549e+10
1.605839134157274384e+05
2.745649587278497056e+05
4.802637887303759344e+06
2.513528829324343242e+06
4.432697607338184357e+09
2.204331007284918725e+08
4.105892436987579346e+10
2.073501453744137543e+05
4.571256484987720490e+10
4.484248760277011991e+08
1.412820845019331551e+10
1.509953347329727364e+10
3.161337134609800205e+07
2.896326288779475784e+10
1.984331179395737418e+05
5.736335643206946552e+06
2.676623033771431539e+06
2.892422941604646854e+06
4.648747876260032877e+06
4.204589489603374153e+06
4.203740061712985858e+06
3.697951697798026726e+06
3.044018215161532629e+06
2.844089598115208093e+06
4.400461357442316599e+06
1.388689674557995750e+04
1.458183690713447868e+04
1.420656991029731580e+04
1.337632023216027301e+04
1.397824759165628348e+04
