-2.104646215366629986e+04
-2.330317728259657451e+04
-2.389343196994612299e+04
-2.322400174015080484e+04
2.308541688274818420e+09
7.642346724080875516e+06
2.280917273708695173e+08
5.313310988572625122e+11
5.310428497491219314e+05
3.344780127087089792e+07
1.350979184382084906e+08
3.249182649819873273e+07
2.833338712432370521e+06
2.213694210437709931e+06
2.500676120703931898e+06
1.812129698083957424e+06
2.318390188024325762e+06
1.352749910005641170e+06
-6.384608544706169778e+04
2.002128721108923480e+07
1.666250651323460042e+08
2.843158438562045246e+07
3.135133413208545446e+08
2.448828926076207459e+08
1.839209489748535270e+05
2.603103330772465467e+07
5.713345309935106277e+09
2.199703135895005986e+07
2.839360349211623427e+06
2.583581620868298342e+05
7.291487706958432682e+06
1.864495247841001255e+06
4.735132398543821648e+06
2.559953792117316276e+07
5.948362719960873015e+06
5.950846007898779586e+06
1.252058258342446201e+07
7.400323646357941441e+06
7.857862723833576776e+06
7.254890600363297388e+06
1.437320365503570065e+04
1.447385349962671171e+04
1.379327154757338576e+04
1.406226975795030012e+04
1.389814315550075844e+04
1.354873178653977811e+04
1.441781467444714508e+04
1.409339213903521886e+04
1.341381523510391708e+04
1.465026678595808335e+04
1.381179552915002569e+04
1.404293592202922446e+04
1.471440659430524101e+04
