-2.121369652086683345e+04
1.384601051435109377e+08
5.682993107081322670e+08
4.849077048227016814e+06
2.946425626067554578e+06
1.315797771959901787e+07
3.604100096237322316e+06
1.925400842704433575e+07
4.037352584133390803e+06
1.980439997215076583e+06
1.610649419893033104e+06
3.580338326910333335e+07
1.582647134954429977e+07
2.447060363349841163e+07
2.351769154157694531e+13
1.127800566532782288e+11
2.224009509369251027e+05
2.483096776473133941e+05
1.720812119307656555e+11
8.819036152893222170e+05
2.285441871201844770e+05
-7.772407560772758734e+04
5.367016007471631765e+08
1.420121516063276291e+09
3.612666298296794295e+07
1.881340204378132568e+12
3.381272109453028440e+07
2.774950424850842953e+08
1.255504159457431734e+07
6.638014002178951167e+06
9.895028885660000145e+06
5.451016996028890228e+10
2.835245506516811997e+07
1.469514154364416027e+04
1.394919426407155697e+04
1.438238148346185335e+04
1.382446557605187991e+04
1.425935265302253538e+04
1.464131336397581617e+04
1.340779164102347568e+04
1.474069969392806524e+04
