1.119947451486164145e+07
1.716915010278939009e+08
4.179669775927352905e+09
1.295520731995461136e+08
6.643423503889718559e+05
1.180418436607678887e+06
1.514513012513679452e+07
1.169095248984251171e+07
1.663917384694110136e+06
5.847710623013664037e+06
1.018404433877920508e+09
3.655387494592459500e+07
2.465950847213750333e+07
1.185424422402437031e+07
1.251810460634713434e+07
2.129673455409410223e+07
7.487049375510665774e+07
1.543349135098720435e+06
3.516131975502422545e+06
4.321905783060677350e+06
2.678062958201825153e+06
1.242455967498499667e+06
1.673537322297018468e+08
1.496465349428571202e+07
1.890136410634426773e+07
8.437187382069586217e+07
1.089144903536120033e+10
2.122015340446493775e+07
5.220581003984819166e+06
6.049928414290593937e+05
2.367394785748054385e+08
6.501046919646828613e+11
2.879744853442146257e+07
6.799112596893300302e+06
2.344473470137995202e+06
5.603236820003925823e+06
1.404703995337972939e+08
2.525820974927983480e+04
2.646031087547953939e+04
2.649329846194287529e+04
2.515818322511744918e+04
2.459388813537982060e+04
2.580495890832535224e+04
2.495659573795073084e+04
