-7.971212213906313991e+03
1.241238264409840554e+08
1.998026784866878986e+08
2.425918004919880033e+08
1.140606043291736450e+11
6.505940650624238014e+09
4.785121858254223480e+05
1.124772318690988934e+06
1.560339257761582499e+06
5.525759240894793533e+06
-3.593631954625905928e+04
3.249332683412124634e+11
1.817193152996034622e+08
6.228190502683171272e+09
3.543716205149277812e+05
1.361981483614195604e+06
1.882693349712623119e+09
2.564071104226497002e+06
5.118053822674566507e+08
1.782600931481695175e+07
2.799352206987573504e+08
5.343399018972587073e+05
5.198401822902879678e+06
3.648187515362492949e+07
1.918587026767537188e+14
7.930775472913007736e+08
4.053813281471290975e+04
5.149475180868939788e+04
7.420667357520905733e+08
1.557768196267549992e+08
2.442809283235139446e+04
2.439183042645259411e+04
2.460155566415880457e+04
2.512116040635638637e+04
2.466127150029540644e+04
2.648513746739490307e+04
