1.652392087454669571e+10
7.801751165197109222e+09
1.810914650405348279e+06
8.748832407019103765e+08
3.674240966350046158e+09
1.296592894278685562e+07
2.760500570659708697e+06
1.219211770963081169e+10
1.182063938996791607e+06
5.503576320691797256e+09
8.101246434384539025e+05
6.900218936191413403e+08
1.409741693254042650e+06
2.023049330773037374e+08
4.822481694541329518e+06
9.734571537162881345e+06
4.350705855304198712e+07
7.052074232636665693e+05
2.086613773240679443e+12
1.380986305104866219e+10
1.571261659383515595e+06
2.503345359968842864e+08
2.016293301531456783e+07
2.194230116645300295e+06
9.715772026416144531e+12
4.645610522213042450e+10
2.614436640651744843e+09
6.902824009707079828e+07
3.036003310822751875e+14
1.363018548647721410e+08
6.163142008092177566e+05
3.499143360419426560e+08
1.491785347542432835e+06
6.382917509768245509e+04
3.590619888756672363e+11
2.996296674870771170e+08
1.395128903476877403e+10
1.545819327435954895e+11
9.716603636592485428e+09
3.567202135602530325e+04
3.404928780255097081e+04
3.298954104237630963e+04
3.318834959513292415e+04
3.456963794289750513e+04
3.419433949243562529e+04
