-1.032764869163249386e+03
-1.579005817914658110e+03
-1.872541444261092693e+03
-2.468077001970959827e+02
7.052965418036945164e+06
1.198977783874394745e+07
4.308667826156701893e+06
2.583721344545506313e+07
1.638504296175270900e+07
3.112214707896773529e+10
2.322982650575954914e+08
4.433000504466881976e+06
3.339627864921910286e+09
1.492390282136507263e+11
3.420747217594400048e+06
1.652000845726388991e+08
5.542616068129454613e+09
3.452671957698858343e+06
1.245782967612763643e+08
8.443898516943732277e+06
4.504761053372996859e+06
1.989450646207820158e+06
2.565849342541947030e+06
2.419501572277872823e+06
5.115787576749646105e+06
2.084201417086132336e+06
9.385292514685235918e+06
6.234319793628063053e+06
8.784525018527434440e+05
6.219358848265133798e+06
6.145676449385813437e+06
2.578355536993477866e+07
2.129316856692043543e+09
7.071691862741565704e+07
8.778836462678505480e+07
1.415611946261402071e+08
1.553977672602451742e+08
6.285395552811662201e+05
1.855182083110284805e+10
2.284606915221778393e+09
3.228602719143644208e+04
3.532522455679398263e+04
3.383715783256932627e+04
3.380290061787288869e+04
3.445330979048652807e+04
3.376110154882719507e+04
3.442631593736016657e+04
3.249349698503091349e+04
3.396467093873186968e+04
3.217218162095206208e+04
