6.711343098054494476e+02
-1.175275759245349036e+03
3.814789797943667509e+02
9.273811549457459478e+02
9.174410889739248669e+05
6.897839095982923172e+05
1.023749506476889481e+06
1.145651557039733743e+06
3.015506820428274572e+06
4.703221565945637971e+07
9.126477777093023760e+05
1.123606122266725600e+08
1.923622246073568007e+06
2.613162909485838376e+06
9.169066355080801295e+05
1.323992097551109968e+06
3.070131763341187034e+06
1.066495333998020925e+07
1.701283170951530710e+07
9.529527143192280084e+06
1.152819888612063415e+07
7.711031653049358167e+06
2.602097004184572026e+07
6.613375435646942060e+04
3.171242569139378029e+05
1.149172413523183437e+06
-1.356372803981449979e+05
1.024968780010791525e+05
1.935506770707325339e+08
2.377288251343445301e+09
1.198338352059330500e+05
2.581624743138800189e+07
1.380161332965754718e+07
1.058879955149092793e+09
6.153942431769627333e+07
1.850985489293483496e+08
3.682629186082971096e+09
1.445836779944469929e+08
6.924057224846486747e+07
5.767738429424899071e+07
5.010510857213327026e+10
7.948860947293107212e+07
1.058047987843331814e+09
1.186951790516924381e+09
1.726245394451627973e+06
7.348891114866854623e+06
1.273769139595649578e+07
5.749540154212852716e+08
5.610778861743267626e+07
5.384293258621859550e+07
5.256076572160143852e+08
4.547474041279717684e+08
3.377668195984064937e+08
4.055382635238519870e+06
1.047025484664283789e+13
9.063831049159647226e+08
8.702084738471250534e+08
1.941223061313703656e+08
3.646982088080421672e+05
2.750233222419843197e+09
3.355077518091339152e+04
3.247428728969581425e+04
3.523805816182476701e+04
3.436509955199522665e+04
3.345668252103013219e+04
3.529754733322502580e+04
3.356525502852592035e+04
3.338820570174633758e+04
3.409261539003127837e+04
