-4.393365488815907156e+02
-3.895359054089276469e+02
1.963574453266701312e+02
4.267045681719442829e+06
1.868018906640626192e+08
1.110139769077434692e+11
2.197958730272891372e+07
1.268615973952313885e+06
4.066842456032999791e+06
1.732581749811772108e+08
3.231853065936376452e+08
1.906291992991849780e+07
4.221761198509084061e+06
1.188245800676508225e+05
1.775326140536188846e+06
1.421263986327273750e+10
1.082504616065784097e+08
5.957796381937964819e+06
6.402976235163886100e+07
7.050735228667053223e+09
2.945760902860771399e+06
5.872091411555441096e+06
1.432672745462074410e+06
1.226192002537746914e+06
1.397032145841747755e+06
1.057835332176071825e+06
7.301427178863837617e+05
9.167755348964813165e+05
5.916886035239189118e+07
4.552626583219279349e+07
7.859079040495020000e+14
3.028136136301094666e+07
1.025682552443125285e+07
1.009658814626150876e+08
4.034424668728408217e+07
3.087093391042204574e+07
6.677545881181759760e+06
5.936836993590668775e+06
3.126576800339397043e+06
2.456742309594260994e+06
1.657974947114458540e+06
4.347992214454009198e+06
1.566460699560480891e+06
3.953746252937581157e+05
2.061394860644188011e+06
-2.395230829492764315e+04
1.325520282865054673e+06
2.021251880456269719e+06
3.863956721090786457e+08
6.628954901972925290e+06
9.842145372168527683e+05
9.204026154230064154e+07
1.034783849475893825e+08
4.782471435109565735e+09
9.538709154427204048e+05
3.634411948514260584e+05
2.026791316345749050e+07
8.115799340175770508e+12
-3.816792214246549702e+04
3.475317936412125709e+04
3.513966331891610753e+04
3.555616924306165311e+04
3.548235966521463706e+04
3.220252051938103978e+04
3.259422583736764500e+04
3.370163443052352522e+04
3.311119105407060124e+04
