1.295090756828462690e+04
1.123168899271370901e+04
8.868620901285263244e+03
1.014495273563954420e+07
9.409857391835622489e+06
1.176473789035722613e+07
7.904567357943719253e+06
5.464604473722713999e+06
3.953806280115001649e+07
4.373627506358583272e+07
5.295130048160480261e+08
2.169180259119426250e+09
4.332451702664271928e+06
1.766636459523094893e+08
7.035538393097942462e+05
1.957720752014943600e+09
1.908786206764404196e+06
1.574547782091345638e+06
9.949872748955510557e+06
1.226283557134222705e+06
3.043645577262821198e+08
2.912920289814783260e+06
1.116825263211199707e+12
-5.458858165852636739e+04
7.658676253066373438e+13
1.095695014109422639e+07
1.199264866849969673e+10
9.746723880577221280e+03
2.501773388378171949e+05
6.669835679357836914e+12
1.155768307466605425e+09
6.090125341209545135e+08
1.560132502040306339e+06
1.679286658963636030e+06
3.058819854071958594e+13
4.824256950063085556e+07
2.160314868823358265e+05
1.366533795003396459e+07
3.551534470831890125e+06
1.173791904679442057e+06
4.528089251086668810e+04
4.372611519441223936e+04
4.535895278796789353e+04
4.554602629299549153e+04
4.319745658574247500e+04
4.341888468830828788e+04
4.682479730749374721e+04
4.704264169305426185e+04
4.323747044470347464e+04
4.568778857780742692e+04
