1.377150020701414542e+04
2.714928207757081985e+09
1.088451734638511963e+11
6.082446570174362946e+10
6.194508836356632996e+10
2.586924095164130908e+06
4.743195937752944231e+07
4.985579568399023438e+10
1.886552377101022461e+12
7.210905802238093615e+08
1.302473362901281128e+11
2.528360570530467085e+05
3.993786090549177025e+05
-7.439821193640338606e+04
5.683327008922626264e+06
7.116477326755543239e+06
2.331497718963889405e+06
1.362459448276443005e+09
2.538613950234431028e+07
2.404002194516514428e+05
2.694695240810445324e+07
4.573270349958443642e+07
4.148485256166919135e+06
4.073184712862267345e+07
1.478048986362926080e+05
3.193484097390804440e+06
4.794646423969415426e+08
2.327254804989708122e+06
1.514398500109691173e+06
1.354435403852994385e+11
4.535220062731041312e+08
3.267767908860059455e+06
5.294665358477561676e+04
6.339690948433810263e+03
2.710687481618142338e+05
1.016750052711125318e+05
1.172697921546508005e+05
5.512450753895679954e+05
8.122208225758199114e+05
8.987723569530833047e+05
9.690305395328738086e+04
4.376304316394560738e+04
4.284573504607743234e+04
4.582426561692683026e+04
4.659342153594284900e+04
