1.441557117513614867e+04
7.263890703406022489e+07
1.110799409037547559e+08
1.586833781112286875e+14
1.219173257651550928e+06
8.650551526804247499e+07
1.075306561801632881e+10
2.461584534766207635e+07
6.021793069608164951e+05
1.236060660283601990e+11
6.387660903878262639e+07
1.949914949883110250e+15
1.803518395725756884e+08
1.943856186966232955e+07
4.337200045366450213e+06
5.836232880839673828e+12
6.183397301120065153e+07
1.156107103607056342e+05
1.646109767895054829e+05
6.775351918981582858e+05
6.956904384399460629e+06
4.280508497074671905e+05
8.265314873605632223e+06
5.074923681038138457e+06
5.916066263546747155e+06
1.890754265243914677e+06
1.916806867486414732e+06
9.804164938846802106e+05
6.607255259876545519e+06
4.317636556249110028e+06
7.844947384818560677e+05
5.503642908659597859e+06
6.379583359336290359e+09
2.495757504714652002e+08
6.399857761499196777e+11
-6.168948885389417410e+04
3.026322751894420624e+09
9.441186944780842960e+07
4.562826707161340863e+07
4.384117358775259345e+04
4.476768050827441039e+04
4.699336902245212696e+04
4.611033712147417828e+04
4.388831872161096544e+04
4.497213092023812351e+04
4.319927254714380251e+04
4.505103220557537861e+04
4.403777382642004522e+04
