3.147109737537986075e+04
2.766086295958229675e+04
2.490158090448899748e+04
1.907655109443569928e+07
4.474728587973771989e+07
1.062312506369147658e+09
9.906239226782616228e+06
2.067879162809193507e+07
6.602034321395683594e+11
2.113814289401396737e+07
4.758089303633561730e+08
6.387020957974945754e+07
5.631675921911058016e+06
8.352004953036987782e+07
1.217257735976565257e+07
7.029579578415259719e+06
2.951888644409202388e+05
1.819369414842613414e+07
2.116767152316478348e+10
3.732616986421152978e+04
4.037031822910066694e+03
4.601260700418245792e+08
2.823205761878430843e+06
7.754333856106062889e+09
6.516865354126506348e+11
1.072963967127272673e+07
1.824732156835856289e+07
6.183289830847126562e+13
3.083254139027855918e+07
3.349015489585008984e+13
1.759742103223508453e+10
2.859644302954747109e+05
6.836483229846715927e+08
1.059593986064857244e+09
6.448288535512695312e+08
6.114185578665751953e+12
1.323826262351430196e+05
1.252828830465683746e+11
4.767688471021045446e+08
8.048926776268922724e+06
4.333822405034685135e+09
5.918979504166101106e+04
6.090502156615466811e+04
6.031919672786226147e+04
5.780622726389236050e+04
6.097908865946362494e+04
6.076954314651817549e+04
5.933761650335142622e+04
