2.671884654775828676e+04
2.587913909158072420e+04
2.553168375491899133e+04
1.236429754601398110e+07
1.061699318741853058e+05
2.848175793470699806e+06
4.626569489467648789e+06
1.381863752873500576e+06
9.090796975201469613e+05
3.493778335374727845e+06
1.855998865321550608e+09
2.850071235339310020e+06
4.695723124491458130e+10
1.208923692583279219e+06
1.073361747885124013e+07
3.200288633005653974e+05
2.734926984789593697e+09
6.047072040447705269e+09
6.081837602996287495e+07
3.232311072301667184e+07
3.107037724621170759e+07
6.711477613438226981e+05
6.951374066654275513e+10
2.373786896378969669e+09
1.520923678299621097e+05
2.298903238996659929e+05
4.111250312133760192e+06
2.815433097590795755e+08
9.245723858715007812e+12
3.158538270245928783e+06
1.016652579171818867e+07
4.494259325802945346e+07
7.203122478113516700e+05
2.112519963795269839e+06
5.822631100172725320e+07
2.181991071946043056e+06
9.514626055165685713e+06
1.981952493056588247e+07
5.899648372722475324e+04
5.708139065683988156e+04
6.155668009058202733e+04
5.779373286230265512e+04
6.036226800701874890e+04
5.777989854349428788e+04
5.826791894533482264e+04
6.042811290217924397e+04
6.086671784464991651e+04
