4.403026220195810311e+04
4.997988624676721520e+04
4.401567791076406866e+04
4.517014224688980903e+04
4.382139086726916139e+04
1.023038778578591160e+07
3.250125501404256001e+07
9.129975724060022039e+05
1.742866064283438027e+07
4.975062062727677636e+06
5.883392778249380179e+06
1.505382646403087070e+06
2.951448106307906099e+06
1.756801268321985845e+06
5.403697573760763742e+06
5.733543579822075553e+06
4.038493205225157086e+06
4.844920709625234455e+07
3.963072773959224224e+08
6.666228944490053691e+05
1.039982068169097044e+07
2.473237666305941582e+09
1.295905849343094509e+06
6.728936259882546387e+11
1.751255148616808932e+06
1.268803461988178454e+07
6.409484870461510494e+06
2.564350322564778849e+07
2.417834833301523000e+15
1.036422731147971272e+09
4.549264373703961372e+08
8.538142461732624471e+07
8.932172405539329834e+11
2.620758408085545525e+07
4.275640310437116027e+08
1.441015171192747307e+10
4.212966077339282036e+09
2.130735420534050092e+06
1.905915260970015526e+09
-4.009279320434488181e+04
-2.269175109224531916e+05
1.574087960391178913e+07
1.250097705831944622e+05
7.851569809735362651e+04
8.090954791135690175e+04
8.079654034208954545e+04
7.559709970560128568e+04
7.432317630952503532e+04
7.466767845504079014e+04
