5.343935908474014286e+04
4.510219286234283936e+04
4.638343478963403322e+04
1.500811340470848465e+10
1.965710348889853060e+08
3.351380308926217840e+05
3.949097629962352221e+04
1.796142132776583862e+11
1.946275198416690528e+07
1.096187467707762718e+09
5.136965626083840616e+06
1.960764707454848569e+06
1.445498091296008090e+06
1.588844535801713588e+06
3.948390217150363023e+05
3.215746534149911720e+06
1.407802954227491980e+06
3.946763775512579596e+05
4.629818752719935728e+05
1.557743821569941065e+05
5.398524869641281366e+08
8.566218919023057679e+05
3.488082414332481474e+07
4.002993350192784309e+09
4.201639200767665170e+06
2.897873342088490725e+06
1.764947571599827148e+06
1.995017615457481588e+05
6.392113328294544481e+06
1.317787069425663212e+06
4.111671231497587636e+06
8.949479200536035933e+05
2.849885295367748942e+06
2.339164155927067623e+06
1.067119299249408534e+06
2.540060129548221207e+10
1.302935242515495978e+07
9.505177847881061956e+06
1.681587098778257146e+06
4.862496609806453809e+06
5.508053616506417990e+08
7.658879074316303013e+04
7.549955155632051174e+04
7.636399160246353131e+04
7.502883130568946945e+04
8.103596098193112994e+04
7.528975268513819901e+04
