5.141246281493132119e+04
4.389253781319956033e+04
1.277060650863847323e+07
1.859867168530486152e+07
1.493647372172052264e+08
3.492133724007822573e+06
1.517766184043118000e+09
1.994462631397938843e+11
3.577442043334521651e+08
1.618666261328788707e+06
1.736569280965367188e+12
5.526636971384870820e+06
1.397599493364479542e+08
4.774680849159869552e+07
1.539201439800328612e+08
5.476340937172205001e+07
4.224767231858682632e+08
1.644346300431884453e+07
3.807072386900706682e+06
4.527142781093074381e+07
1.557777117730902508e+06
1.475391668238763697e+06
3.464247847459315090e+05
3.490478042217110749e+06
1.729198302901262650e+06
6.358577171041794434e+11
1.001721866486979648e+07
1.609386959838388138e+05
7.022778587354894727e+06
1.682090261332977097e+06
2.865909868146781810e+05
6.856130285130010452e+05
4.004511590452920645e+07
1.116059789877717569e+07
1.617498283607754391e+06
2.343595130626182072e+06
4.120679933827011380e+06
8.524145316370852524e+05
1.037762816955178278e+06
4.678720767739281990e+06
8.279702305497700348e+06
2.572831938330420293e+06
4.436661824690422975e+06
1.024910247588743805e+06
8.417436098088192521e+05
1.827965963161100447e+07
8.140601284476229921e+04
7.539787535676645348e+04
8.053006227635825053e+04
7.770267670860514045e+04
7.608661276182631264e+04
7.838858933494507801e+04
7.493028264994965866e+04
7.643607765772176208e+04
