4.758115984741464490e+04
4.914138541157306463e+04
4.889412879946516478e+04
4.362861098464738461e+04
4.842681087689957349e+04
4.800745183084102720e+07
1.983010977440009592e+06
5.238782553561647415e+09
1.448771800037009828e+07
-2.279709517018131010e+04
3.154433167079641134e+05
1.466615076283579506e+07
6.898153377092336304e+06
-2.394741991708167916e+04
3.813582273294082642e+09
4.738603586303657293e+07
3.656104974233667850e+08
2.475662588884257422e+13
5.038942688557814807e+06
3.120430385608584061e+07
2.033617012677630782e+07
3.553721891067002416e+08
1.663987429359971359e+07
1.440543085211597595e+11
2.318679838085591327e+06
2.581674018094914500e+06
4.856591166426068878e+10
1.212608545233036764e+07
2.183904278904590290e+06
2.881654675651709549e+05
6.557455433045593090e+06
1.427883836363782641e+06
9.716880362478540838e+07
8.175728269291622564e+04
7.977014540535229025e+04
7.433223842827783665e+04
7.495411744405492209e+04
7.465685235503199510e+04
7.698832670232927194e+04
7.795691073753510136e+04
8.093369725623592967e+04
8.089588195949990768e+04
