6.764204488946598768e+07
1.409641846761834063e+07
4.163023643221260048e+06
8.446935524718817139e+10
1.508746979783652687e+10
1.949328335287231922e+09
3.608024578107830048e+10
7.807866701483565569e+08
1.825289632641662598e+10
3.663787789359929657e+10
2.449927994452415466e+10
5.471747128207726637e+05
1.364788182930471189e+07
6.410693560952129215e+07
3.395791051395449322e+06
1.420750116915589385e+07
2.602168852908564359e+07
6.026511858672312461e+06
2.212480768652567174e+06
7.426627847183822095e+07
2.503273479444340897e+10
1.531797349053728103e+05
4.109499148099598242e+05
7.716473392609868164e+12
1.074824241335210623e+06
7.709379770470457077e+08
1.869507541969926388e+05
2.453546916479833603e+09
3.013567670381135307e+06
3.412345361587265730e+08
2.102267466659617615e+11
4.109536472019201660e+10
3.118562770318950061e+05
1.084102715464644833e+06
4.166646913985536667e+05
6.957202933446788788e+09
7.613000163517519832e+04
8.067421926127996994e+04
7.841651416807010537e+04
7.502443927570822416e+04
8.011521540057612583e+04
7.990167572965577710e+04
7.577582867739233188e+04
7.523068968392797979e+04
