4.860028241859212721e+04
5.090455705861211027e+04
7.101149596812480595e+05
1.029374175206411513e+06
3.657526976673331299e+11
1.051166860183687694e+07
9.309508668221420376e+05
2.253349516290827468e+07
4.777961936102303676e+06
1.651314850596364355e+06
5.113521741222192533e+06
6.505057295390508138e+06
4.170762390475645065e+08
1.771477671671948954e+07
8.449530440398444824e+11
8.517900010684120934e+05
2.766608213427102193e+06
2.619883095358039141e+08
7.049793795543682575e+07
4.054881343229064369e+05
3.914472638050334454e+08
6.459907246281583793e+05
2.693314200087343925e+05
3.191859478797722235e+07
6.445543061191008985e+07
-1.217976918009946821e+05
4.139457648659129627e+06
3.785083673056579428e+05
8.731955749816210270e+08
1.319595446759890318e+09
1.959335005661589050e+10
5.238494760944104791e+08
7.234163358376717195e+06
1.993420184495141208e+08
1.424260318997186720e+08
3.334617649961783218e+10
5.611675160686470917e+03
1.453966442686723545e+06
5.432089711483662948e+06
4.550403791690949707e+11
1.202200212731283391e+06
1.680618226904422976e+06
1.503770688919168198e+06
8.756739489245678997e+05
6.764486491590249538e+07
3.687103626967617776e+06
2.791624485730527085e+05
6.696482167513676686e+05
2.069936510732463747e+07
1.219525865121044777e+07
1.168317793223681394e+06
3.401004649946249127e+08
7.776077526426373515e+04
8.157100524423038587e+04
7.425472682814323343e+04
7.772026546587131452e+04
7.886673969228815986e+04
7.548419960887730122e+04
7.631337049489654601e+04
7.450944542558293324e+04
7.436918196220044047e+04
7.537063622447685339e+04
