4.757376818217401888e+04
4.696060393529652356e+04
5.058561716084515501e+04
4.623722152731104870e+04
4.652686477896571159e+04
1.993969931185109075e+06
2.150201300574217457e+06
3.389915400832808614e+08
4.546353747014943510e+06
1.914830949303924572e+06
3.193531934080689680e+05
2.301088438677801192e+07
4.783932378114036865e+11
9.294871063880527496e+09
5.281890123822447658e+08
1.476220037698747590e+06
3.108718926816466264e+05
2.050146531347026350e+06
1.466458283390435390e+07
4.962103939747323166e+05
5.150569414098995738e+06
4.335316623839396238e+07
7.043243437608332606e+05
3.562872653632689267e+07
-8.817666715181837208e+04
4.415020911976819611e+10
3.142366358346561436e+06
5.169721463626588583e+08
3.471255497488142848e+08
2.182690254732350707e+08
1.088428806436219788e+11
4.992821572329365881e+05
3.416445468983462906e+10
3.130353551653800067e+06
1.803697488237793557e+06
2.968288045409196056e+05
7.917537373323849170e+04
7.465535445533046732e+04
7.989461341362522217e+04
8.022999930938996840e+04
7.989474149036273593e+04
