8.059527173022057104e+04
1.203999922078719139e+08
3.069345126867607236e+08
3.099770893399865925e+07
1.787420854062966304e+06
1.645985764797000680e+06
4.181640705478078220e+06
5.427395868769942224e+07
1.629107390997134961e+13
4.858048341338707924e+09
9.980792517013020813e+07
5.978492606176560745e+06
5.003643284941246384e+04
1.263018291665430814e+08
4.177668423472848535e+07
1.692800738317382755e+06
3.335604834883921146e+09
2.206016231523009483e+06
4.354817481660812162e+06
3.285132321123720551e+10
1.007967640938313492e+07
5.207750690800575539e+06
1.719139144818448694e+05
3.732310476899729371e+08
6.257603738674826622e+08
4.015092809361624066e+06
1.871048027127797902e+08
2.392779169422967825e+06
8.360221025546705322e+11
1.267794693451142550e+09
1.941932344456954859e+06
5.018659463302531093e+07
2.320880102197473869e+06
1.354005383313337341e+06
1.829633577398956520e+06
1.890024410732103279e+06
5.132836007299739867e+06
1.459436356190737610e+11
1.045069354807583150e+05
9.798257196948671481e+04
9.680872894526546588e+04
9.712863465828273911e+04
1.005965151487836265e+05
9.969310589721245924e+04
1.024994405922709266e+05
1.043347141716834158e+05
9.734665048695681617e+04
1.025860630098395050e+05
1.003258677644861746e+05
1.022680376255197916e+05
1.017069083881056285e+05
1.005046067551099695e+05
1.011395058643783559e+05
9.931793925632210448e+04
