7.699604796270045335e+04
6.766926974807646184e+04
1.281255586209961414e+09
3.530948869703327179e+09
8.723118322973598260e+05
6.964083771389712347e+05
1.703928391357746826e+12
1.268430603807972558e+07
3.111422807342837006e+07
6.650909796622336656e+07
1.068942626873756409e+10
4.672570983102506027e+06
6.745137355053916574e+07
1.698636023407398956e+06
8.128394236209521484e+12
6.077153761511439458e+06
7.387814858632750809e+06
1.542878171406654874e+06
2.542040548050673679e+07
1.455468018411305267e+06
6.494962038115102053e+07
1.258484837052549701e+06
1.002605206961421204e+11
1.787280779987409711e+06
1.618844718169511762e+06
2.175138679209963419e+06
4.252299257710030302e+06
7.195904976317007095e+05
5.355777049473245628e+06
-1.130213891645801632e+05
2.439023010312269256e+07
-8.305209454446274322e+04
4.657353870673008263e+06
1.636510573800546117e+07
4.652492870061794281e+09
7.722197918475766666e+06
3.870897825705810547e+10
6.631214915584416389e+08
6.514086711767205000e+08
1.380486117665914774e+09
7.636633758738028118e+05
1.046439107428304851e+05
9.995758536730753258e+04
1.010363429071101709e+05
1.061551914550411748e+05
1.030122796460645040e+05
1.061696566325421445e+05
1.036464859461461892e+05
1.014371867262448650e+05
1.000030075889732689e+05
1.005767942696877290e+05
