7.054538792806242418e+04
7.832751985234607127e+04
6.733703292003466049e+04
6.732253209729160881e+04
7.174774378888496722e+04
3.071214306536919624e+07
5.869199955730989575e+06
1.441317844904546812e+07
-9.658350863864400890e+04
1.129260958424582062e+11
1.446733431690014005e+08
9.814043572762625217e+08
1.856243155982122421e+10
4.350289666544596665e+06
1.280961335678853095e+06
6.680895177192491246e+04
-5.203816353194038675e+04
4.341332010747774038e+05
2.984963984596735764e+10
3.976104938208287954e+07
1.695046198481371254e+07
8.083621355251444038e+05
1.184927528496226994e+06
3.832207621774989180e+06
2.804167812645746469e+08
1.172670992168998957e+09
3.743978971362479497e+06
1.058923345246303678e+09
3.134928639026492089e+07
7.924391879765275866e+06
1.314075469055541325e+06
5.493152340458160639e+07
6.689822017127860260e+10
7.686855758995448705e+05
6.452775399759364082e+05
8.642009224412964062e+13
1.443492505355636124e+06
1.134118808983196504e+06
1.035945052668971475e+05
1.048110378532476025e+05
1.039407642636350356e+05
9.950506685964891221e+04
9.873202697537629865e+04
