1.073546939232222794e+05
3.240689296087996336e+05
4.185753669547643978e+06
1.429933608202556847e+06
1.335936860769283259e+06
3.835113533297148999e+06
4.988072044119212776e+06
1.727819276912360001e+10
7.948778231963519938e+06
5.575868302060651034e+07
8.109988059633870423e+07
2.281175249817990884e+07
2.405839344437962770e+07
6.733756852830065727e+09
9.203632640717132017e+06
2.033771595547698205e+06
8.090762384692701340e+09
2.599749683388160542e+06
4.771322632344079018e+07
1.154600892272800440e+06
1.027510551944677718e+06
1.372059179538861150e+06
5.299744501049863434e+10
3.532680609795728302e+10
3.846501541422624141e+07
8.586882046811271973e+11
3.857063424530999362e+07
4.387044796432264149e+06
9.623134980921494961e+08
1.704096755506673129e+06
2.058308224600174231e+06
5.994971789608849213e+06
2.332210819060148206e+06
1.119638110647948226e+06
1.618633412167414324e+06
1.446229968714030832e+07
1.809861049573496500e+15
1.764624581789615331e+06
2.538760456618805826e+08
1.915805565776529163e+07
3.199408414488525987e+08
2.925671123763196915e+07
2.405811195362822339e+07
4.668171767144653713e+05
-1.853991915949400282e+05
2.487158278066575527e+07
1.172750803618551930e+06
-1.858166319835504517e+06
-2.039921166318185395e+06
1.886057041751523926e+12
6.896308116823993623e+04
1.581624078929176636e+11
7.960030138379195705e+04
-7.101433685502223670e+04
2.542114693005592562e+04
1.028013625565161743e+12
-2.066269470291289035e+05
-5.375421293311269023e+06
