6.682819833737681389e+09
9.738623740246365070e+08
3.541419505995938182e+08
9.604904199404283427e+05
1.058697658409136115e+06
3.205339092755403370e+06
1.302158079129452119e+06
3.480095661096055806e+07
5.153435956196161360e+07
4.264335522937241942e+06
2.479476099013950210e+06
1.922788197135072434e+06
8.814266215182422101e+07
1.354494607487878820e+05
2.374751579802688599e+11
1.131536597136471272e+08
3.999173669451401830e+08
2.225468623101870762e+05
5.380029183405281305e+08
1.586113711723636687e+08
1.033259156051250361e+07
5.527139909926872700e+06
1.689637482225809479e+06
3.187977071165464818e+06
2.389937034190601204e+06
3.533247107596963644e+06
2.182297793393254688e+04
3.829495521984403953e+06
4.928926882167481817e+05
3.675528325664265547e+06
3.660296885027149110e+05
1.274330653948981166e+08
5.023495348915455863e+06
6.337695604608582497e+09
1.877558508121863008e+07
-6.502359275597830128e+04
8.407789764991246164e+06
3.486494432899575233e+08
3.694818419060184807e+07
7.715497616083979607e+07
-3.504000556127075106e+06
-4.093042985718037002e+06
-1.403307429224845953e+06
-8.561702863804856315e+04
-1.202569676281328313e+06
9.332470468330150470e+04
-1.172544176470664330e+06
1.464977160547959507e+08
1.472744531881646253e+04
-3.782918929227883928e+06
