1.087609276985665347e+05
1.140173841672690469e+05
2.422144117662238423e+06
1.638953865883874940e+06
1.045679136659774376e+05
6.695237335878954269e+06
2.309756893511689663e+09
2.471108039316200651e+06
3.779281212451188825e+06
1.022143376216304954e+06
8.871321129888685942e+08
7.887518992613484375e+12
3.855939794339388609e+08
2.849491640699626505e+07
8.801011280676977539e+10
3.128444158707112670e+08
7.697356057733440399e+07
3.626513926117608696e+07
2.069860401652607135e+06
1.072778366063260473e+07
3.859375280935464893e+06
3.674912613346128166e+07
4.108921971259080456e+05
1.781978512416697340e+06
3.579226586356880665e+08
1.004393120171683095e+07
8.297238861537535489e+07
2.680984587179649658e+11
2.792876900314768776e+07
2.358274380070576910e+06
2.315515893223667983e+06
6.412321377670507878e+06
6.627634655001801439e+05
9.671676135093842167e+05
6.198547695096111856e+05
8.187120838077590466e+08
4.447356304428417236e+06
5.963507981752543710e+06
8.887482723484587669e+08
1.554316459260900000e+14
3.454041723469863646e+05
-1.113865043823586311e+05
9.798085724632674828e+04
-2.638335755283327308e+05
2.373258653465927113e+06
2.122491498645484447e+06
6.489934485137998126e+04
3.047824247643114924e+08
3.719045986671688035e+06
