1.580909316880567058e+05
1.513812208709223196e+05
1.523116300508332788e+05
2.916385567220985889e+09
8.212431992571011651e+05
2.461126615380559117e+07
1.155835476098553278e+06
2.139059950593749061e+06
1.057187366787416816e+09
1.561447108623792045e+07
4.055383602485390729e+05
8.196287165686919212e+09
7.310749187955819368e+08
3.034132325213890523e+07
1.440914767425016165e+08
1.591180396174135399e+10
1.101876255749600008e+06
2.763688372832445893e+06
2.424647165246786084e+06
6.779146568884162605e+07
8.092934897206313908e+07
3.371503236945125740e+06
1.913356899509032816e+07
3.305209561984971911e+07
3.608132528466336429e+07
1.802345194266046882e+08
2.370526068692310154e+08
5.998774980613639578e+06
1.451799651858065277e+06
8.061594489667418413e+06
4.104051030845962465e+06
1.489711136199697852e+07
1.245454099779859781e+09
3.140545453270073533e+08
1.171043744959505508e+06
2.488392367251022533e+07
4.646077392810752615e+06
1.838310133867297471e+08
1.357889463797054482e+10
1.106004716684584972e+06
1.264739630508165283e+12
3.443403069484818578e+08
-2.803340914257115219e+05
7.642037057406663895e+08
6.472981665193231106e+08
6.940258330181008205e+06
3.020450781828983454e+05
2.759134224792360328e+06
4.797136341587751359e+07
1.103509778399768285e+06
6.627679006459536552e+08
2.849837743526531383e+06
6.373466562080580741e+06
2.392320752301497851e+06
5.953621082985543646e+06
1.471617490065814927e+06
1.715730477866670117e+07
1.669382571208399720e+06
1.590527696906327270e+07
