2.071528519902201660e+05
2.120438506920813525e+05
2.208391351334461651e+05
1.998526906818144780e+05
2.179415016775680124e+05
1.908334903234562874e+08
2.840560559121483006e+06
1.493764721305340827e+08
2.062250240900171995e+09
2.284960012889337242e+08
1.263281897577835480e+03
3.028096230713751221e+11
6.061517625071808696e+06
3.183360401701397495e+04
6.479859694166643173e+07
8.616070466105818923e+04
7.832997675541241653e+06
2.109896705283936262e+08
1.020845974966846779e+07
3.974361533152749762e+05
-1.069955651072127221e+05
2.139456740504784684e+05
1.345964178239167023e+10
2.410526782972941874e+05
7.511508319460070692e+06
1.641250642876031101e+08
2.745297849148060989e+10
3.300073380656090449e+05
3.326400386134755015e+08
4.762608019293140620e+06
8.152590337043500505e+06
1.819248861524329334e+07
7.123403959850350395e+06
1.318328518729670439e+06
1.394001611978581641e+05
1.270263985763428546e+07
2.423773404161706939e+07
1.843187350731066661e+06
2.906397429067743942e+06
4.401132461578978226e+06
2.862128375623947475e+06
4.689829851995427161e+07
3.870391885773194432e+08
3.654926742163237929e+07
4.559581944469325440e+17
3.367136232102867216e+05
-1.763135791644932469e+05
4.882468487070830911e+07
1.655171285668554306e+09
1.260909406610360146e+09
2.030069094599236269e+04
3.638346622552426998e+05
8.621695678046002286e+05
