2.193948627621350752e+05
2.009863528192210943e+05
2.033481559336454375e+05
2.111788836061908805e+05
2.933353361796068493e+06
6.912120078843724914e+05
-3.231946793084256205e+04
2.867649298702822253e+07
2.920383511301775463e+06
2.573383440603356361e+08
1.560710898983052373e+07
4.139595475719764233e+08
2.035304316774255859e+12
1.569230116917018313e+05
1.483696085045497748e+05
5.992983473449136363e+05
6.072240102221466601e+06
6.363073603916487191e+05
9.349311225809300086e+05
2.875624249707368435e+05
2.194432132469809148e+05
6.599909063508105278e+08
1.195643827395824194e+09
7.169408134038797021e+07
2.884970475692586508e+06
2.580817914223962277e+07
2.185864372254134156e+06
3.063203274455126375e+06
2.081946276966340244e+08
3.278686369480636902e+06
3.435464410957585555e+06
7.197145018533476562e+12
4.995354936100754887e+06
2.628204860088024661e+07
2.734316559466312174e+06
5.385400508945074864e+06
4.521835610961373448e+08
8.622922051286243368e+05
1.011512428586929920e+06
8.137714690458781843e+04
7.672916448817376513e+05
1.518707329277834157e+06
3.030939883553642314e+06
7.964539032884499989e+06
9.369827982306423364e+05
5.787389637157292366e+08
2.099453812651909143e+07
9.372598247001396492e+06
1.033074954415201396e+07
2.170958784712834284e+07
2.630631044608973898e+06
8.895454087322419509e+06
3.475414446809099317e+08
2.185778978549140692e+08
