3.696598335616929689e+05
3.991747058026549057e+05
3.932702903925972641e+05
4.054389376130661112e+05
4.005398550848183804e+05
3.895119552267720574e+05
9.531640619532871246e+08
2.211736225224540532e+08
1.030256575392451644e+09
2.433803776179423928e+07
6.500043849590623856e+09
4.046626699548668414e+07
3.870034505080851261e+06
8.890724467445480824e+07
1.888267248517562151e+08
4.938857952417646884e+05
3.028935276930577680e+07
7.004547215443643928e+07
2.539483875579766755e+04
1.184528310452016115e+09
2.621259237947787344e+08
1.566371767153275944e+07
6.186271182277254411e+04
1.562379110163725447e+06
2.982261123293068237e+11
1.803293460010650940e+11
5.228028093780674785e+07
1.421393583007449750e+06
3.374385272677204572e+06
2.516374625330769271e+07
7.163380853208740234e+10
1.628675858787732385e+07
9.888170273987063766e+07
3.047351041858912446e+06
2.120955837408864200e+08
1.763604633196349069e+07
2.099614208199153841e+07
4.714491679164057598e+06
1.454050473544667959e+08
3.959424074893957470e+06
2.418497518027066812e+07
5.995305169832792133e+06
