4.113101644106934546e+05
3.792911955136197503e+05
2.305792013434369117e+06
6.885116217275309376e+06
9.766586434399388731e+06
4.615191663910897076e+07
5.608578226470019668e+06
6.497700976258413696e+10
2.591123094580594450e+07
1.799131242539679632e+07
1.264840759740663052e+09
5.489807110051336719e+13
2.989659174345097542e+08
3.201190200153651182e+06
1.809136467951668310e+05
2.667731689306392670e+09
2.057739858437856138e+08
4.579682223412916064e+06
2.401747471287200623e+11
7.430752301540588960e+06
6.025651220681899227e+06
4.670533194561894052e+06
2.801614131057227962e+06
1.049837640726679535e+11
1.671033707504364196e+06
1.190187374296912365e+07
1.947972640983297955e+06
1.153617220801995136e+06
1.016452843928019633e+06
1.290751583085003123e+07
1.893537664555384545e+06
5.547618570509497076e+07
2.378813982925328240e+07
5.199936722545025870e+06
1.538122900911785662e+06
1.612516946891701547e+06
1.380726469258206198e+06
4.274546784489099868e+06
1.957875416199057363e+06
5.228647049363383092e+06
7.321367409886888927e+05
2.783710755475427856e+11
6.382852792477904586e+03
5.204461895410465659e+05
3.993524838243879494e+05
-2.480813827839231817e+05
3.637466587482776958e+02
-1.338086995279099210e+04
6.347674982265743893e+03
-6.581741057637520134e+05
-5.838841011737748049e+05
3.761256930439983262e+05
