6.106111284624214750e+05
4.409740712359215249e+05
1.350003243137698248e+07
6.159201227443613112e+06
7.972269180756294727e+07
6.024665223340854980e+06
2.380019916014216869e+04
2.660127431669801590e+05
-8.550276147823646897e+04
2.046154811161422404e+06
2.113402094829977751e+08
2.016269996053727716e+07
7.689676112201243639e+06
2.453874423153786659e+09
7.130077968346170150e+06
1.405515306191538833e+07
7.572741585260167718e+06
1.006198438619271666e+07
2.911825194887346774e+07
2.294873559810037911e+08
1.617884676727172732e+07
2.163558687362331152e+07
1.607475009228343666e+08
6.334668483337869868e+06
5.597204222855429398e+05
5.990475670759124914e+05
4.652528641429981799e+05
5.230817327005767147e+05
1.105911368371674558e+06
7.087230816872272408e+05
1.357811013316002907e+06
5.136646306449571857e+05
9.311215555787931662e+05
2.005900827296817908e+06
7.699767420898344135e+05
1.647978349594223779e+06
6.624041285164705478e+05
2.302072656086897012e+06
2.338542115979664959e+06
5.771955083049124107e+06
4.456363699546753429e+06
3.877163437102202148e+11
3.773122746258748230e+06
1.346022170332493633e+07
6.208768179982863367e+06
-2.010866416594499606e+05
4.796185500428329105e+05
4.424054647584032267e+06
