-1.492228200545272557e+03
-3.074251554278453114e+03
-3.010436167172563728e+03
-1.726196324448639643e+03
-2.991584890907339286e+03
-1.380519743693555938e+03
-4.832013539189210860e+02
-4.004133987647946924e+02
-5.220192546062899055e+02
-6.161543486999144079e+02
-3.206951753121102229e+02
-4.302164052049483871e+02
-4.151914297384646488e+02
-4.590702925487421453e+02
-6.961751941177499248e+02
-7.292161327969952254e+02
-4.874923664686066331e+02
-4.810128078644193010e+02
-3.433687267331406474e+02
-5.437410630024678539e+02
-5.055710602868348360e+02
