-1.991285639081397676e+02
-1.188687241972656921e+03
-2.254619165473799512e+03
-4.097157912748822127e+03
-7.808791051604035601e+03
-4.091980167564252042e+03
-4.536654032965328952e+03
-7.582190225923390244e+03
-1.080940566541987209e+04
-9.241019719353185792e+03
-8.426037116969062481e+03
-8.706352604377054377e+03
-1.237265339916665835e+04
-1.435121794112455973e+04
-1.841132989222795004e+04
-2.116522122398376814e+04
-2.104102116053202917e+04
-2.020487409635414224e+04
-1.828621671621775022e+04
-2.457124854558049992e+04
-2.400808948466071161e+04
-2.605335820324567612e+04
-2.458374019996647257e+04
-2.403105898739030818e+04
-2.652472068498225417e+04
-2.612750269540291629e+04
-2.485270842513439129e+04
-2.693965711106898380e+04
-1.585364469851570902e+03
-1.609601315663632704e+03
-1.573118774043367011e+03
-1.631311858259723522e+03
-1.648608596876554657e+03
-1.624939550417097053e+03
-1.571542486625519814e+03
-1.652144682866433868e+03
-1.596356606671295594e+03
-1.562387081087275874e+03
-1.603287998777581379e+03
-1.558604270983691094e+03
