-1.234858390496083302e+03
-2.179996668775493163e+02
-2.687823647181503475e+02
-2.639643721448206634e+03
-3.185665425415878417e+03
-2.291449270253411669e+03
-4.736249401582899736e+03
-2.124116401872750430e+03
-6.718223724065064744e+03
-5.023159917987213703e+03
-5.137359975144405325e+03
-7.944258490271233313e+03
-7.952374913008912699e+03
-9.526190678214712534e+03
-1.411642407886936417e+04
-1.094372058839862439e+04
-1.891489522002037120e+04
-1.829470073658088222e+04
-1.885255916766550945e+04
-2.115816292067109316e+04
-2.058954964489895792e+04
-2.379952198646104080e+04
-2.251410235440754332e+04
-2.199602314435501467e+04
-2.095910404014200321e+04
-2.020644424678856740e+04
-2.087725045744839008e+04
-2.250182371193796280e+04
-2.304689891182328574e+04
-1.417745646067516645e+03
-1.467066520893189590e+03
-1.510015799668821273e+03
-1.469824810221762164e+03
-1.428571735086181434e+03
