-3.077813348099298310e+02
-2.364047296604621806e+02
-6.527563065166032175e+02
-4.907821739362116205e+03
-2.414994959393203317e+03
-3.039742844438558677e+03
-9.625273429144086549e+03
-8.166162285517777491e+03
-8.992147054621251300e+03
-6.331734434672820498e+03
-8.278039164517467725e+03
-1.317133389042630006e+04
-1.452587635489683453e+04
-1.551864485167404200e+04
-1.564114735312810808e+04
-1.789782125665296917e+04
-1.756497968504630262e+04
-1.981310822466945683e+04
-1.820637571252029738e+04
-1.822940491150041635e+04
-1.551583634402368625e+04
-1.641285051351397124e+04
-2.055381843419856159e+04
-1.498493754367184010e+04
-2.017900516418917687e+04
-1.994144589883540175e+04
-1.911793809077942569e+04
-2.148156468539868365e+04
-1.723098275366416783e+04
-2.255848561731111840e+04
-1.733910478729419992e+04
-1.994693788893535384e+04
-1.725298247305673431e+04
-1.208865073725144612e+03
-1.301883331952296430e+03
-1.336230617813998833e+03
-1.368002315696125152e+03
-1.255434323669556761e+03
-1.333369273193617119e+03
-1.318887433859665180e+03
-1.212183480263396632e+03
-1.325662200830265647e+03
-1.346444238755531842e+03
