-1.681303113943315111e+03
-7.003759735629282659e+02
-1.437145047480094945e+03
-5.645927620192087488e+02
-1.245378658515153802e+03
-4.077010528047394473e+03
-5.848568918154342100e+02
-1.250496580238352180e+03
-1.115445594318938674e+03
-9.322659603968204465e+02
-3.184662524025829043e+03
-2.201617969916434959e+03
-1.675851567060104571e+03
-2.782764896687600412e+03
-3.477290577639214462e+03
-2.306719864404585678e+02
4.146028854159521870e+01
-7.935885098151629791e+00
9.829405439217225648e+00
2.353168666671263054e+01
1.738353460470971186e+02
-3.650678037493198644e+02
-1.920250487746670842e-01
