-1.314596691488470242e+03
-7.863450977494212566e+02
-3.678328243363386719e+03
-4.384182291296485346e+03
-4.816224902623784146e+03
-4.729131000804554787e+03
-3.394013501049877959e+03
-6.365781591085775290e+03
-4.045199828703713138e+03
-4.732320781570277177e+03
-9.068244960251933662e+03
-7.562035841065167915e+03
-7.596401179720152868e+03
-4.732128704618022311e+03
-7.036341365542379208e+03
-5.201815124218992423e+02
-4.105535524901060853e+02
-2.712401858632365474e+02
-3.730872192026436096e+02
-6.625880793113610707e+02
-5.784875823829497676e+02
