-3.780154730907388875e+04
-3.852271316315289005e+04
-3.976337461539162905e+04
-4.022936088782168372e+04
-4.180943049782576418e+04
3.599495484329351783e+08
9.367921046217076946e+05
1.162038466898368150e+08
6.104541545208724216e+06
1.076746593199707397e+12
6.629007618417625781e+05
5.452277878304111771e+06
8.796212939465905074e+05
3.993663536663675215e+06
4.542725768416834064e+06
2.719448181238129735e+07
1.329043643387217820e+07
-1.681532235507096630e+03
-1.665113948241720209e+03
-1.658715516427677358e+03
-1.685695610487018712e+03
