-3.291761084990297968e+04
-3.592154367729329533e+04
-3.637303552970895544e+04
-3.748710161033512850e+04
-3.912503605351012084e+04
-3.964567834632559970e+04
5.630270731864599884e+07
4.127221302363893948e+06
5.708084307920098305e+06
3.360549735812847037e+06
6.610031425682537956e+05
6.401619854756779969e+05
6.626247231464657234e+05
6.312672317743630847e+05
6.719343762874986278e+05
6.181412621274380945e+05
7.222870739237472299e+04
1.030842010418721766e+05
6.740091388790198835e+04
3.868850669790408574e+02
4.986661759048292879e+02
3.183783904689771589e+02
3.931334745761414524e+02
4.929851682247535791e+02
3.836316155122476630e+02
4.975221097727771848e+02
