-3.342465349105418136e+04
-3.769775491534491448e+04
-3.836794220551136823e+04
-3.955763540636829566e+04
1.552475121911993483e+06
1.674981924909991445e+06
1.282248527424644912e+06
1.308297304532875307e+06
1.221251761541081592e+06
1.230178029444886371e+06
1.383329329485321185e+06
1.222258267028082311e+08
3.353173962989103422e+07
1.009966668445921387e+06
5.894017630425929092e+06
4.333970520618584595e+11
8.378776557412667898e+05
1.258517213285202160e+03
1.159056073192652548e+03
1.195225045592902461e+03
1.124825310587242711e+03
1.039811452131019905e+03
