-3.241445300678579952e+04
-3.328639695595230296e+04
1.515030455089076757e+08
1.196183410812754929e+08
6.922212468651427189e+05
7.087265314209251665e+05
1.051717000856007216e+06
1.268338235887798248e+06
1.309391269512904808e+06
9.284012041193974018e+08
4.079875982537275000e+13
4.019240569429625034e+09
2.226505941879312694e+08
4.094210389114844203e+08
3.217307059461731464e+06
3.974563547243223991e+06
4.402033084273107350e+06
3.464018217698867433e+06
3.772970119047666900e+06
2.289077542483367492e+06
2.331729729526928160e+06
2.120948019291592296e+06
1.836468545535130892e+06
2.193939276459059864e+07
2.470900639976352081e+07
3.110612580802536383e+07
3.877528222036822140e+07
5.862744818199543655e+07
1.927118416175537277e+03
2.306581572134542512e+03
