-2.867888714710269414e+04
-3.294457652872398467e+04
-3.473141500211507082e+04
-3.509549318416279129e+04
-3.555003264761355240e+04
6.625682819597270966e+09
1.097634120513368164e+12
5.558877264257389844e+13
2.715286647431286983e+05
3.295611226714254379e+09
1.256269176934572458e+09
1.525658778788549375e+14
1.849806729224120826e+07
1.549571653789474443e+07
1.797495355900873566e+10
3.838239647252281196e+06
3.160787922951329127e+07
2.173121509476470351e+08
6.152044680656117201e+08
4.211411239928571582e+08
8.777203453163291514e+07
2.759916654897630692e+09
8.302614400773084641e+09
2.319117767659336096e+03
1.990356014186632819e+03
