-2.855044093068512302e+04
-2.932923456430599617e+04
-3.071569454144193878e+04
-3.092918539565411993e+04
-3.266695652474961025e+04
-3.292184323356264213e+04
-3.305037811937843799e+04
9.753117660698854923e+08
3.517675568249765784e+07
1.614543044541303396e+09
4.838385539588887095e+08
1.114682662374635926e+06
9.020440502394989599e+05
1.828536177830365254e+06
1.443269858497218462e+06
1.652929444205206586e+06
1.478729740055258619e+06
6.922252269318298204e+03
7.006751811987371184e+03
7.196039316063630395e+03
7.443283131866337499e+03
7.734437990830716444e+03
7.349301104815211147e+03
