2.451882261586023569e+08
2.480614415585226715e+08
2.687708672921917439e+08
4.829270063404717445e+08
8.017999785652999878e+08
8.022360120462105274e+08
2.262032993990178220e+06
5.724986483423084021e+08
7.055712192377190590e+08
3.809854063268701732e+07
1.055787865772167780e+07
6.517443020282137394e+08
5.340652342963199317e+07
5.678308626958310127e+09
1.696053960032077500e+14
7.138414999507443607e+07
1.432174012399089575e+09
4.909345921088961792e+10
9.653828782137666643e+07
2.068445919310086670e+11
1.710686636449901760e+08
7.629482449128670851e+03
7.368468083000014303e+03
7.342740084522491088e+03
