-2.401169191449055506e+04
3.042206246885989979e+07
4.421009290643930435e+06
6.611311942319851369e+06
1.466219842273694873e+08
3.603351996437897205e+09
4.103964710414404422e+07
3.800966159900186956e+07
5.042740555936113000e+07
1.132000275610353332e+06
8.243294928158533294e+05
7.350521951075719833e+09
5.837659237398590893e+06
1.669821718279438496e+09
-2.242220239084480272e+04
1.271011676294999488e+05
1.183961344992300146e+05
1.040388026664115302e+07
6.489674336617173627e+06
7.938999540392156923e+05
1.631752394763455261e+06
5.061993973769852892e+05
9.406663083259183913e+06
5.044527577573963441e+06
1.459508610101984232e+04
1.332147289170077420e+04
1.463869164506022935e+04
1.340301738021482015e+04
