-2.020909727026185647e+04
-2.223727239874482621e+04
-2.328552312321958016e+04
1.070584173474085052e+06
1.144001219273089198e+06
4.534969689795815386e+06
7.366494804867903137e+10
8.512397552423490524e+09
6.300829769122550264e+06
1.074812908204129152e+07
6.541993244684076562e+13
6.096204656078537598e+11
1.502441648467008173e+08
4.108109240395934880e+07
3.077415152689928532e+09
3.111007777888233662e+08
5.536678656066584587e+08
3.333248570624430776e+08
5.342890682155879140e+08
6.889770579536166787e+07
3.889564229667553902e+09
1.897677336515750587e+08
5.031327692614186555e+06
3.037753770036854781e+06
1.418864004601837402e+12
-1.067690500501448696e+05
1.380758384410594590e+04
1.326850951125094434e+04
1.469852577885708888e+04
1.322803898591842153e+04
