-9.766285516993717465e+03
-1.113115223699472335e+04
2.973086568070834037e+06
9.397003966393335342e+09
2.735813276030527428e+06
9.184644942459708080e+06
4.384154390209862962e+06
6.089365355164707638e+06
5.330251444244301878e+06
5.681525631877809018e+07
4.172467616890943027e+05
2.111980064568981156e+07
1.273770015359740355e+05
1.129413524442520703e+13
2.295260599256367423e+06
1.234659029980385443e+06
3.912416132960512768e+05
5.908764730912091909e+05
2.447020313215238275e+04
2.667475577039291966e+04
2.563484166734531755e+04
2.482256886455221684e+04
2.430080354231715319e+04
2.424472724435201962e+04
