2.761710784680263168e+04
2.236488793387772967e+04
2.771578483553099068e+04
2.691596240924295125e+04
2.024112516601770767e+04
8.212340033046438599e+10
6.863402823316806927e+06
7.730932562439857284e+05
2.078144439874502830e+06
3.229346694845965132e+07
1.009762226961447450e+05
4.143610725110206008e+08
6.392915743465337891e+12
1.308255482597695351e+09
6.423959876398672350e+06
6.100343869030592032e+04
5.985290112314716680e+04
6.097048260706401197e+04
6.085575650839332957e+04
6.034089314069025568e+04
5.668728760591102764e+04
