4.602069309454308677e+04
4.439576933609413391e+04
4.674662440012905427e+04
4.812282624810583366e+04
7.000345596031831360e+10
3.447432702688176632e+09
4.133153163633923340e+10
2.383316077683008015e+08
5.110629513521527988e+05
5.327233040629894240e+05
1.638351936028614175e+06
4.479312113359635323e+07
5.308615093640925363e+06
6.480095904038224369e+07
2.646100424839578103e+06
6.743685105936360938e+13
4.118418405433244800e+17
7.560201972630259115e+04
7.470142222951789154e+04
7.975672520032827742e+04
8.030738336619857000e+04
7.719371870872576255e+04
7.678495154845132492e+04
