1.103867290582978167e+05
1.011107123111785477e+05
5.545257358380072021e+10
1.154660035318341479e+07
1.029800519975096484e+13
1.804601261455998942e+07
5.626066184548174143e+08
5.125827251343917847e+07
2.758979369643126428e+07
1.486379282431391440e+07
1.539324564930084394e+06
4.255875890714603593e+05
5.356411678181185573e+07
2.278850545190289617e+07
9.943437701301038265e+06
1.404649324301257962e+06
1.997428564232643461e+06
7.392860648123339750e+06
4.015057675901241601e+04
4.314587398365086876e+06
8.312748674503384531e+07
-2.876844796858649235e+06
1.564815742634282447e+06
1.813949765596628562e+07
