1.101964703290979669e+05
5.258884924028876305e+09
5.515625834926747894e+10
9.155323915917690992e+08
2.329818164323969185e+08
1.254209037949903160e+08
1.777635142865285034e+11
4.458628407605721615e+06
1.284920387275880873e+08
4.357415947100158036e+07
1.272778410686922725e+06
2.318152454517407608e+10
8.618512934614409460e+04
1.642293676804963965e+06
8.136243019781976938e+06
1.306720736654831469e+07
3.483960165207013550e+11
1.225003560486971401e+05
-2.640538151060726959e+05
-1.615398640706640668e+06
