1.620130912020324031e+05
6.869308084802827798e+05
1.494305434352892935e+08
4.436025174377251416e+07
3.638388672425838560e+07
1.078762779248222150e+07
6.703474782952373475e+07
2.643087116190334037e+07
8.958380866095159436e+05
1.930539974533771398e+06
5.680950210661835670e+08
3.207026245266830921e+08
3.209282032928070545e+09
-1.447143599290029961e+05
1.004522054107266711e+06
4.443067836047253804e+05
7.761471783605593955e+05
2.648360228715276811e+06
3.805977563103841245e+07
1.528932353651950989e+11
9.495181362979245186e+07
2.472864413384078443e+07
8.294882037784465589e+06
1.307937938633230980e+06
