2.979063595617437386e+05
2.776444708889444591e+05
3.748148525572817993e+10
2.419022630715896667e+05
8.769611162806538050e+04
3.584854594312906731e+06
2.757316931844600011e+06
1.353636246526465937e+07
1.090547995014421083e+07
8.936913080764935938e+13
4.353327988400974274e+09
3.813506291298030992e+05
2.677469887808833599e+09
6.971773066415223122e+09
2.945859973354818821e+08
2.498503433505605906e+06
5.381290750607344322e+06
8.273351116686950263e+04
5.082720553049948692e+09
3.234868802569068037e+06
2.481632540739957690e+08
