3.873242696695911582e+05
3.813326468500905903e+05
1.510035991252400912e+06
1.557600389463048195e+06
6.873498066194404364e+08
2.158118427677760156e+13
8.664623748223390579e+08
1.623834233456342854e+07
1.342032110386935472e+08
1.064329774298961792e+11
1.545418393521140218e+08
1.276178943390797377e+09
-1.997652541607589228e+04
1.127661686050627148e+06
3.106228710055760667e+07
1.187796671310719252e+08
9.158600476715224981e+07
2.456194766502075791e+08
3.132760245328710414e+06
2.877971102679875493e+07
2.929732926132706925e+05
9.721599028612705879e+05
