-3.613479937126354343e+04
-3.906963138523852103e+04
4.958695365629393005e+10
2.763132437807923889e+10
7.622748644966540527e+10
2.074868122848103333e+10
3.471543356228251648e+10
9.519285011479333878e+09
1.007154686869732285e+10
4.452084677765567321e+05
4.481487586030265666e+05
4.454188558125094860e+05
8.188517425800155848e+06
8.153083634827559814e+06
1.901371248039680999e+06
1.908538289355879650e+06
7.058215211245471146e+05
7.005830896468900610e+05
6.876058136936764931e+05
6.899238626915577333e+05
6.855017034106703941e+05
7.127915758747663349e+05
7.189174828867421020e+05
6.601660262040612288e+05
8.179849288757266477e+05
8.214852479604869150e+05
8.169923084616778651e+05
8.225321705585403834e+05
8.170425269404228311e+05
8.172682734423216898e+05
1.194829147955593018e+12
4.472720494915718842e+10
1.196550761447228394e+11
2.138650050310728516e+13
3.870523704519067383e+12
4.539097178496240234e+12
-1.820875021372979973e+03
-1.827854791782185202e+03
-1.835950615969864884e+03
-1.830347883615555475e+03
-1.826814148939738516e+03
-1.821771984273509588e+03
-1.829642342654347885e+03
-1.828352477770036785e+03
-1.828730078442487866e+03
-1.820356297690275824e+03
-1.832029233645618660e+03
-1.822583425051125232e+03
