-3.529345339043493732e+04
-3.580725364343875844e+04
-3.693475610072659765e+04
2.411235065540350781e+13
2.286743433341036719e+13
2.837015916399027221e+06
3.324431179114633705e+05
1.303417566179082155e+09
1.512525600174622238e+07
1.521812299458163790e+07
1.518859984782686457e+07
1.505415252382706665e+07
1.490876742209104076e+07
8.728893623472221196e+06
8.644992269704295322e+06
8.680248310267843306e+06
5.747407458248085976e+09
5.849298967394691467e+09
3.877549005685350418e+09
4.337448571689693451e+09
6.689733652143985748e+09
3.807529859530638218e+09
1.248159853476131630e+10
1.685209701086504459e+09
1.682732221760890484e+09
1.744527996849712372e+09
1.679522905522429943e+09
1.371093032482005664e+13
1.308616682562898242e+13
1.459964379812657422e+13
2.144654584062981641e+13
1.608890120500046094e+13
2.045144546790712891e+13
8.177853939838429688e+12
5.500709609356088331e+05
4.155208643200070190e+10
-1.758064347386709414e+03
-1.757463126076472690e+03
-1.762657238227489870e+03
-1.746554949330864474e+03
-1.749876254259084817e+03
-1.754787782024766784e+03
-1.754551060605881503e+03
-1.772668471674231114e+03
-1.755456858901015949e+03
-1.765161055059637874e+03
-1.748807975487288786e+03
-1.753423250714986352e+03
