2.389258571602446493e+06
2.389001846755966544e+06
1.197277931104715541e+07
5.802241393881753320e+05
5.741211456501068315e+05
2.392975084783304855e+07
9.931937163290996104e+06
3.409614098585982132e+10
1.977925407200560093e+09
2.202720112231763363e+09
7.434682738709904253e+06
7.414354983703234233e+06
7.519700799974217080e+06
5.765077036936130524e+09
5.720187438724654198e+09
5.805871581079020500e+09
8.003383112193984032e+09
-4.375050011510116747e+04
4.622335482275763527e+06
4.498973635998543352e+06
4.758200152443794534e+06
4.480555837401925586e+06
1.969291552360240603e+05
2.075067532065682462e+05
2.046814570827808639e+05
1.989291706889411726e+05
1.896791862014681101e+05
8.000960515468530357e+06
7.319539338203556836e+06
7.780543402159624966e+05
-9.961410573274016497e+04
-1.065515951124690619e+05
-1.034339594380884664e+05
-9.073049295848427573e+04
-9.775298460736655397e+04
-1.020259635627559765e+05
-9.535808916751641664e+04
1.279538397161647034e+10
9.780564928991161346e+09
1.101492349444588470e+10
8.493301515444526672e+09
8.274900757127491951e+09
9.521049115143615723e+09
9.295511973000238419e+09
1.281861892160012627e+10
-1.658977617340628058e+03
-1.661328697250923142e+03
-1.691121861996798543e+03
-1.663554327864403604e+03
-1.665782015165925259e+03
-1.671225263096072013e+03
-1.658488273922353983e+03
