-3.597617633610621851e+04
-3.684000504115843069e+04
2.591525494623536244e+07
2.609828779356371611e+07
3.899087001350336552e+09
3.947673693747776560e+06
6.716481578641638043e+04
2.280315723979715724e+06
1.477273666199220577e+06
1.493222398326450260e+06
1.466864666300039738e+06
1.480142371648272267e+06
-5.239064412968196848e+04
2.808748904225659790e+11
9.116585889959456787e+11
9.077353399429221191e+11
1.738569133841281433e+11
7.409297701099980164e+10
3.966966513143006897e+10
1.857093663822687268e+08
1.874500884196769595e+08
2.023778501015702188e+08
1.915598027470311522e+08
1.859624800075670481e+08
1.838043817510793209e+08
5.663560685186844635e+10
2.522270158519120789e+10
9.363339859180273438e+10
1.887070667451506042e+10
2.512977466289784643e+05
2.175557346571865783e+05
2.385529549981949094e+05
2.096625707894742372e+05
2.362013516116041865e+05
2.354761150443324586e+05
2.239141143991781864e+05
2.435237020454740268e+05
1.101836664251522255e+10
1.913675459111999348e+07
2.163007588542989269e+07
3.034813905539018661e+07
1.458287649454918206e+08
1.672439861132664307e+12
7.910000836609974504e+07
2.330359812457230091e+08
1.750873442048099041e+09
-1.674965989677293692e+03
-1.669504956901189871e+03
-1.666886500281980261e+03
-1.664271728515916038e+03
-1.687396679566649254e+03
-1.687770772263000254e+03
-1.656938473347079707e+03
-1.690994881202321267e+03
