-3.788007427956918400e+04
-3.861095256158490520e+04
2.044874331280063987e+08
2.414858413437507153e+09
9.901974052478034049e+06
2.997470141388641670e+06
2.214828472702051979e+06
2.228218830139314290e+06
2.041968772402235121e+07
2.007993693282951415e+07
2.153855742507382110e+07
2.222881846903572977e+07
6.604167545574469259e+05
6.308605269662071951e+05
6.641060087398634059e+05
6.364489678322557593e+05
6.279027231753154192e+05
5.822983766203794628e+06
3.775879444098344538e+06
1.066342608139943518e+07
1.667544097027433105e+06
2.869108811455116607e+06
4.534605360160577774e+09
4.483413226348482132e+09
4.870866901440209389e+09
5.403878247918588638e+09
7.169796853667669296e+09
5.458761772944555283e+09
6.548183605260334015e+09
2.436182487088140845e+08
2.572218270343563855e+08
2.789527017370495796e+08
2.979921861529545784e+08
3.506340453680121899e+08
3.616618199037272334e+08
-2.349375896486706333e+05
-2.406576991684757231e+05
-2.361737454008455097e+05
-4.623244345097308047e+06
-2.425755990673381311e+05
-2.041926527592274651e+05
-2.270429952512537420e+05
-2.446346403362336277e+05
-2.631825404470252106e+05
-1.391219667029334232e+03
-1.401738729327393230e+03
-1.399662026759324363e+03
-1.431382563376537291e+03
-1.437754946033295710e+03
-1.379426863309781766e+03
-1.400591902237734757e+03
-1.391813494631089270e+03
-1.441249600357550662e+03
-1.410531845047837123e+03
-1.419628757358092116e+03
-1.379440311387326801e+03
-1.401716840578912525e+03
