-3.552900394012915785e+04
-3.697654414799917140e+04
-3.841234068752604071e+04
-3.886430884802104265e+04
1.744199606291097589e+05
2.045361818532953621e+05
1.536898905806570801e+12
2.148109074479816556e+08
2.313064217023125887e+08
3.241487576164051758e+12
9.116843138824783325e+10
1.425611141662466712e+07
1.586600275636495650e+07
8.352140255911062472e+06
1.093775709157084301e+07
1.530158170282131061e+07
4.921971523248017579e+07
4.589314817449904978e+07
5.017667056887157261e+07
3.586263900532473125e+14
2.789660026396964453e+13
1.710958778532790820e+13
2.756737606843488159e+11
4.365947008612376953e+12
1.038155330470722518e+06
1.018496979758532136e+06
1.031268938507878687e+06
1.029447721355455578e+06
1.045437065606818534e+06
1.010722138203779235e+06
1.011372311047010007e+06
2.538728765572468401e+05
2.201954795267070003e+05
2.594055881638053106e+05
2.625906682810251368e+05
2.240042354864671943e+05
2.426621460591991199e+05
1.892994852234125510e+07
-1.922679826641096734e+05
-8.875009217918138893e+04
-1.902320544832127634e+05
6.024533943239711225e+06
7.911761474304075819e+02
4.353010847915503383e+07
-5.675023057862570568e+04
5.094324139916106360e+05
-1.203667771561362315e+03
-1.219584509596723365e+03
-1.189936943977430928e+03
-1.179850130340841133e+03
