-3.635934200532983959e+04
9.057020813036654145e+06
8.927294129748633131e+06
8.743118769630854949e+06
9.135788375982584432e+06
3.717922485153727531e+09
1.351963592892797470e+10
6.962444737371451378e+09
1.526727877721797442e+06
1.212538444945680350e+07
1.207012674859382391e+09
1.034832331573183537e+09
9.744698317282162905e+08
9.653210293548353948e+05
9.782145447207470424e+05
9.924801388845038600e+05
9.813274864681849722e+05
7.378948591783393621e+08
7.995255861837490797e+08
8.671156458190172911e+08
-8.994187896775276749e+04
1.046968452965728380e+07
1.087885590382722616e+09
2.115879274493406773e+09
9.732950311718694866e+06
1.371431585403155386e+08
1.040219506521345139e+10
5.250604000521526905e+05
8.796454264698754996e+06
2.595353488050620556e+09
2.146190636478801727e+09
1.349631906669962502e+10
1.550260769688491127e+05
7.369256182588948438e+13
1.647832161016137123e+09
9.907796857415493578e+06
2.450449233120076656e+08
2.466071587738548815e+08
9.284336761629729271e+08
9.497730503089979887e+08
2.711150984139310718e+08
3.127897764911507368e+08
-9.324682596555503551e+02
-9.174104085923754610e+02
-9.712931279174517840e+02
-9.937395335592445917e+02
-9.262642457920010202e+02
-9.865516575832734816e+02
-9.348807743453653529e+02
-9.092742337215167936e+02
-9.062654569007863756e+02
