-3.702210471745717223e+04
-3.742179673508059932e+04
-3.821839069006095815e+04
3.932238208625634667e+06
7.139373217873495817e+07
1.038526892926053286e+09
5.807834741311857477e+06
4.048895006102025509e+06
4.134465692818695679e+06
9.369411999661348760e+07
2.798671651078264117e+08
4.944046375466605377e+10
6.130865988885727525e+07
5.210153259483345319e+05
5.665607167352319229e+05
5.000495707546605263e+05
5.452156951876437524e+05
4.647521240846152650e+05
1.575454935804961205e+09
1.109613140116021156e+09
1.798342658186568260e+09
3.077275389035351109e+06
3.920958183874488808e+06
3.818409033044586424e+06
4.317009051363363862e+06
4.008220006074528210e+06
3.843476372071818914e+06
2.260307093461247161e+06
2.223195261081949342e+06
2.294176846822801977e+06
2.218109801963904407e+06
8.032742790893536806e+08
3.951423525156934261e+09
3.095118451470881462e+09
1.995378725495950699e+10
1.060502416969975829e+09
-6.880188051562290639e+02
-6.606889784851227887e+02
-5.808972863737144507e+02
-6.039094460206106305e+02
-6.251585502074158285e+02
-6.039972655667806976e+02
-6.611849434565519914e+02
-6.480838123958674259e+02
-5.680555703181307763e+02
-6.039857323397882283e+02
