-3.819752445542958594e+04
1.195138646549069881e+09
1.885318151558560181e+10
3.236711927310873047e+12
1.226621465496036708e+08
6.301469194977434725e+07
2.276522746290187933e+05
1.400202046961512824e+05
2.083020650307142350e+05
4.686108428071989678e+06
4.458065407274764962e+06
4.861505773009316064e+06
9.217224181557264179e+06
8.959218886683808640e+06
1.002317262573889084e+07
8.875763846291620284e+06
9.548210944030992687e+06
1.378370620307149410e+09
1.334043173895236492e+09
2.745131462149753094e+09
6.257926303546328545e+09
4.073618867873278214e+05
4.150288725567292422e+05
4.157739773781961994e+05
3.998304443064372754e+05
1.504957026148752500e+14
2.564717703308658142e+11
1.359377694808571289e+12
8.456316168925062144e+18
1.355632439194182188e+14
1.277319278070851898e+11
2.109543034344508362e+11
3.780994914254708008e+12
-1.711306072782899719e+02
-2.324474054529855493e+02
-1.470535091092460789e+02
-1.785787074067629874e+02
-2.523533008981321473e+02
-2.162249872814281844e+02
-2.587827394733612891e+02
-2.709051328296482097e+02
