-2.938521647163105808e+04
-3.822678890509298071e+04
1.139048602380875111e+09
9.813357840357275009e+08
4.904400728000849724e+09
2.074751532718138769e+05
1.837656432423837541e+05
4.906331004591154866e+06
5.160998081302244216e+06
5.150320573416544124e+06
5.132602479043660685e+06
9.303990239500982687e+06
3.562492706745332107e+06
5.354127408283542172e+04
3.734588125445611477e+09
6.128181056063886642e+09
6.721131599509960413e+08
1.015521092304837465e+09
4.302858404140480995e+09
2.033798126289410400e+10
4.194963326231093379e+05
4.201637035550363944e+05
4.102943709717335296e+05
4.120474777532605804e+05
4.221018177881499869e+05
4.207093623234461993e+05
4.142656359066188452e+05
5.404405566633508301e+11
3.563890956359300995e+10
1.380017080698851204e+10
1.238075954456006927e+11
5.224559669539605469e+13
-1.500306313801556826e+02
-1.103191411980660632e+02
-2.429618016064923722e+02
-1.472469104125048034e+02
-1.607969857845746446e+02
-2.232670765109651256e+02
-1.242543779412226286e+02
-1.609446172905736603e+02
-1.611134094779845327e+02
