-3.100683672341187776e+04
-3.223448223961702024e+04
1.604941533113009669e+07
1.591827542098371871e+07
1.120835759551254474e+07
2.803692578136352897e+08
1.354894817410576902e+07
2.322160338538662791e+08
2.584034341234000400e+07
1.056791080702821761e+08
1.011327301229207611e+10
8.174974051554184407e+05
1.505378169983542562e+08
2.118313646803843975e+08
1.737253149888263345e+08
3.391752837897293568e+08
1.528608710216378868e+08
1.208570282614397070e+13
2.804997007179296613e+08
1.955566224414768512e+05
3.850811041316653136e+05
2.647020254398570396e+05
3.599953953602362890e+05
2.943049946057866910e+05
3.656774820588147268e+05
3.744383350063165417e+05
6.269243304701069742e+07
2.042505942459469438e+08
2.995002583521307707e+08
7.992877169872234762e+07
3.344864425482802466e+07
9.337936423398001492e+07
4.687475052083718777e+07
3.529653133018320054e+07
9.668389384613344446e+06
3.126888647184452415e+07
6.419846831194042228e+06
1.341301949873409420e+07
1.282412229725519940e+07
5.296154322122111917e+07
1.596798962528576255e+08
3.421753999472891539e+07
4.187721522838529348e+08
4.854099159213074017e+03
5.018935439541877713e+03
4.865523093568364857e+03
5.279468449548730860e+03
4.868200735891383374e+03
4.795241125405504135e+03
5.154701883979520062e+03
5.293667328206938691e+03
4.990301600931590656e+03
4.895064762827823870e+03
