-2.815487343676892851e+04
-2.836368479416373521e+04
-2.862725053997345822e+04
6.977017810673586130e+08
3.741622446926854253e+08
6.879395590506284498e+05
3.060696677292468958e+06
8.401363589124603271e+11
1.974592673821278811e+08
9.247572491471236944e+07
1.237030247686927207e+06
3.079856800135652542e+09
2.945000112428009044e+06
2.568436503481983244e+08
5.304719034461804479e+07
1.575776428796709049e+06
1.609274792581783840e+06
7.098415886952347755e+08
3.751449172086724043e+08
4.983242912332150340e+07
1.330427956283904552e+09
1.004910237961654663e+08
3.311050779628699645e+07
4.193215902773401141e+07
5.965371749020133913e+07
8.272582514173196256e+07
2.303953958431368713e+11
5.673498467352427542e+07
6.727519648304721117e+08
4.306439207949739099e+08
3.997827003045415133e+07
9.373995270738556981e+07
1.493834602872239891e+06
1.585235567286462756e+06
1.625060620532122208e+06
1.902217802183717024e+06
2.073387449631066760e+06
2.252020337327356916e+06
1.755946089983140118e+06
1.492310277864204487e+06
1.047501571406613453e+06
1.346473262794900918e+06
9.930437594134855317e+05
1.273061867962967604e+06
1.242676378823233070e+06
1.144180839971431531e+06
1.406668889883420896e+06
1.002880180760993739e+06
1.191127325222746935e+06
1.647895707552395295e+06
1.081601874423850328e+06
7.558578332127362955e+03
7.472431959732581163e+03
6.895722690503898775e+03
7.476381114860356320e+03
7.092264568568556570e+03
6.938289285210426897e+03
6.963557168680155883e+03
