-2.538475916550880720e+04
-2.664716690842957541e+04
-2.756719023239377566e+04
2.448913962657548487e+06
2.400616441031845752e+06
8.026403017468706369e+08
1.206650311552084284e+06
2.364083729057419300e+07
4.693652543235646561e+06
3.214197079857669771e+06
3.265297607975807507e+06
3.299497201638117898e+06
5.248919355657357723e+06
4.024952142132203095e+06
3.955779717597985175e+06
3.325260611897153780e+07
9.623197090983278275e+09
7.660456886728996277e+10
8.085240400669756889e+09
1.288109281901186332e+06
3.440593838260648847e+08
8.785568508822514559e+03
9.936685950633415222e+09
2.991722424722767639e+10
5.097750306635204688e+13
2.010101022639025152e+08
1.668056542530193555e+13
4.219411976819806732e+06
3.422423660351791233e+07
1.300881404284817539e+07
1.596792876511443257e+08
3.184251797465074539e+09
1.438375333835920393e+08
2.482020785274783615e+06
4.105379953825822473e+08
2.330860623216279969e+07
6.555498874514246359e+06
3.105100248378176093e+08
1.687987964785608230e+06
-2.168476896833734645e+04
1.691214880264812673e+05
2.073208012866921490e+06
1.363466373455006778e+08
1.169721994733867934e+06
2.797349751386703178e+07
1.818695083032246828e+08
8.322771734391140938e+08
7.263318345349223819e+03
7.643415841509471647e+03
7.632534648004395422e+03
7.064885187230189331e+03
7.364911381372774485e+03
6.990057046374859056e+03
6.881251906271412736e+03
7.249395628062338801e+03
7.318725265455315821e+03
