-1.957903099991278214e+04
-2.114940529267161037e+04
4.875945742552883923e+06
8.039327590430732816e+05
3.598957574376259465e+06
1.347670681123985723e+07
7.304146613963175565e+06
2.335142093547047079e+08
5.156249746087281704e+08
1.955421551845804749e+11
3.743816179937184334e+09
4.543472215153933764e+08
4.561152970499368310e+08
8.307616212749304771e+08
8.338449677324993536e+06
8.533936017881097272e+06
1.156830848023846745e+07
2.864593115157919005e+07
3.906091357191389799e+07
2.357582840471013635e+07
1.161962549626276493e+09
1.096727439865759373e+09
2.051746135566984253e+11
1.948418532442158321e+06
1.613544019519998459e+06
2.892611837022907257e+09
1.094222340397017151e+08
4.983317433580589294e+08
7.316705259058905067e+05
2.453220174418134149e+06
2.123203188759323675e+06
7.059754004815998487e+05
1.451185887248698063e+07
3.192039713375260588e+06
8.676214553584545851e+06
1.469827327407355187e+04
1.359940665349306073e+04
1.448335652104104520e+04
1.402893352279040846e+04
1.403478107082584756e+04
1.434122979564758134e+04
1.372699903397276648e+04
1.462104261145743658e+04
1.410647340478471597e+04
1.410138017645769287e+04
1.379527521001768764e+04
