-1.467480468643185304e+04
-1.513838865911396351e+04
-1.794933920487945215e+04
-1.897543666962111820e+04
-1.793938877864935421e+04
1.759449445533508062e+09
4.402730536420775577e+06
3.427771869330067653e+06
8.294944794045674801e+07
1.148136066730993241e+07
8.877036806737031043e+07
3.025429010398182273e+07
1.300653052924734727e+07
5.572709109636889398e+07
4.428953664653210625e+14
1.179398954972499283e+06
2.421293408174432814e+06
1.330943187120684423e+06
1.205884829079612717e+07
1.228648761710329294e+09
4.811643849425397348e+05
1.992600710733604804e+07
3.473673953282221337e+05
1.680940350111608161e+06
7.302087899969794787e+06
1.795779080896321218e+06
1.586961925893001258e+06
3.232777336749145985e+08
5.951541509359039366e+07
1.065595260067157507e+09
2.363969117244143784e+07
3.733949489976269007e+07
4.340642873325698090e+10
2.521797294882747158e+07
4.334892621290732384e+09
1.295834909608161926e+10
1.679729777569088340e+08
1.938464360268495083e+08
1.913059387622241047e+04
1.844035014138059341e+04
1.907046664043332567e+04
1.804832102737901732e+04
1.856021831376143382e+04
1.861455813377795857e+04
1.899524382643518038e+04
1.809925296035033534e+04
1.983868639440138941e+04
1.889222103229214554e+04
