-1.109583526071430242e+03
-3.357257963657029904e+02
-1.133108057226534584e+03
-1.060750216359483602e+03
6.215416417180641741e+07
3.027363965714037418e+06
8.390688910702049732e+08
9.862192168445738032e+06
3.759978475421460345e+06
1.371641333317794837e+06
5.084182423113975674e+06
8.751283076235673828e+11
1.434331039098339155e+06
5.845745172123641241e+05
5.144363064394425019e+05
5.582262001356501132e+05
5.887911059610479278e+05
4.336462236768879811e+05
1.131111847260789014e+06
4.982699557859663010e+09
3.796012449392647266e+09
2.268534478472538758e+06
6.266285585880747996e+06
1.144096007889029104e+06
5.980033988390128361e+05
3.116823508487967047e+04
1.289939660367034912e+09
8.329085904266461730e+05
1.097210203144290019e+06
1.841637052328516264e+06
8.383667983491045237e+08
-7.147593157923067338e+04
7.516803333306366112e+05
9.164221366583543701e+11
2.688679758338292595e+05
2.551651340908734594e+06
8.523096177706135559e+10
3.336259416799948812e+08
2.963495774092166126e+07
1.836469224372314811e+08
2.466751027304191142e+07
2.415249013923817128e+07
9.367704163168856874e+06
3.709891618783241138e+06
3.625903028095658869e+07
3.260257371432910440e+04
3.467807557690492831e+04
3.524908095033970312e+04
3.241972677017861861e+04
3.474371431399180437e+04
3.438741641022727708e+04
3.212026704898083699e+04
3.252422692451952025e+04
