1.467435067410826741e+04
1.146751479029755865e+04
1.287645724956556660e+04
1.849661971729985476e+08
6.165303247328582802e+04
2.906453279610984921e+08
4.410205251131569147e+08
5.389119328773498535e+08
3.478723154177957913e+05
2.094649881641124934e+07
1.441229483827299811e+07
5.311560384837208316e+06
5.690274516412646044e+05
1.135885273480820842e+07
3.872642450623344630e+07
4.840777991696929559e+06
6.411455595662571716e+10
3.151203650615725201e+06
9.444044472462830544e+08
1.142760445762646757e+07
5.875968948357362533e+05
2.086937788944026083e+07
1.055417576698226295e+07
1.323876602560838452e+06
2.509235713945163880e+06
1.595903308698494919e+06
9.870089755925760269e+08
3.303026142061315104e+07
9.827502071489528656e+09
4.095751682760789871e+09
4.536840863121666014e+06
1.524353216965084229e+11
2.079601517569227144e+06
1.786675890493051149e+06
6.978446944929105230e+05
1.682860377079432365e+06
2.045537544923261972e+06
8.779547139145620167e+05
7.505648419661406660e+05
1.691835703917114437e+07
5.712768692750927061e+07
2.123184283449506760e+07
1.902258485052008415e+06
4.237135926065707207e+07
4.949337600952427089e+07
2.306949208193304199e+12
1.541486297675651014e+08
2.741041237137447754e+12
4.632016690110397758e+04
4.391717474854033208e+04
4.670317853051389102e+04
4.464620098182206857e+04
4.406158326755420421e+04
4.609773350391318672e+04
4.383334190747333923e+04
4.496629578432146809e+04
