2.098935575746370887e+04
1.029556119887991372e+04
8.171068026374006877e+03
2.213923308839348633e+12
4.848761888320236206e+08
1.687256920796162263e+07
2.544795386117489077e+06
1.424560529367841315e+06
1.113378498525763629e+06
9.195060552688067779e+06
1.154029894407719839e+06
3.996313833228131384e+07
7.774259921275977977e+06
7.043659725264138542e+06
6.748776393978682160e+07
9.612285891087073833e+05
2.419799773724319339e+08
2.988032638367058244e+06
8.082581314218933880e+07
3.688550109654130459e+09
1.087066711617069319e+07
1.808649429114048004e+09
1.390496404606875149e+05
2.841493746267870665e+08
1.018906627527073622e+08
6.843134932031957433e+05
-3.995253736914518959e+04
3.645763925308834076e+09
8.874779842592281103e+07
6.531676221054592729e+07
2.266333426416571426e+10
4.327780213289008594e+13
2.999333476867419481e+07
7.034289240575505793e+07
6.437105686777647734e+08
1.143728938059141394e+06
8.560855609440404053e+11
1.486180298268453407e+10
2.607689137915435806e+07
1.490225456425659359e+08
4.551866035811643815e+04
4.416870279323789873e+04
4.264063910830105306e+04
4.588310479440077324e+04
4.295362059435353149e+04
4.634499581847642548e+04
4.419191599653969752e+04
4.551163463217584649e+04
