8.500403735306884348e+07
2.341470849697104000e+15
8.928017056258909404e+06
5.392928982075224631e+06
1.065747571857235627e+06
7.170802920843015611e+07
7.394702902304423042e+06
1.459319538145541573e+10
1.608002690109251738e+08
1.601943017367181368e+06
4.937060759087479711e+08
5.399406579143825195e+12
7.392415758923936635e+06
1.334406077998872042e+09
1.015208673034542203e+08
-4.393923909569553507e+04
1.368133585937579046e+05
2.300661791469843313e+07
3.402135207017427087e+08
6.629378011932717896e+10
2.649492698644856262e+10
1.111775442045773380e+05
8.751780732065181434e+07
5.682532016131474636e+06
1.633705877743058372e+06
1.830682538705248153e+06
1.999898571930344682e+06
2.832772765141256154e+06
1.399477849730561256e+09
2.564081244620423317e+08
8.493971203646342456e+07
9.487881143161553890e+06
8.177579615794989513e+05
5.764078730427555274e+04
5.947337363908698899e+04
5.755667876028062892e+04
5.849788493797086994e+04
6.119781793768281932e+04
6.175647599665168673e+04
5.802210955735726748e+04
5.689766887819895055e+04
6.235434386592073133e+04
5.945062676695454866e+04
6.155837191063293722e+04
6.045957628532571835e+04
