7.118293397051200736e+04
4.521257009880572557e+06
3.310862456891329765e+09
2.274718140766150355e+08
6.329099050275451504e+06
8.643989226761573486e+11
3.467546159145546262e+05
2.514991113747015130e+06
5.468020480372134596e+06
3.838903367396996094e+12
2.687406153081235886e+08
7.104145938317702152e+06
9.347377187538192188e+13
1.322326024161135545e+06
1.407189313408440910e+06
2.291798066996615380e+06
1.593694838758676779e+06
3.766223550047691166e+07
3.424106846360740066e+08
5.086764719505495578e+07
1.919549727308449149e+07
1.146538729480736494e+09
2.213495187317359378e+05
1.355404713964651711e+07
4.495523849138488621e+07
1.031003464903808199e+06
5.600386473157973588e+07
3.578687480203490257e+08
2.600677740780964028e+06
1.139872910964809544e+07
4.497307812037400901e+06
7.475359701592428610e+05
1.028446416295688250e+06
2.832051716479884926e+06
2.834279122939535230e+07
1.208911671648467425e+06
9.061658696028461680e+06
9.095605250436117873e+06
5.589253189105463214e+06
5.439411968413164616e+08
3.634707267584118526e+05
5.028908299165390781e+05
5.586436181009683758e+06
1.048681562218412291e+05
1.029782480479154037e+05
1.014351872652579914e+05
9.737306924790423363e+04
9.724003889295284171e+04
1.024298467905094149e+05
1.037753381945298752e+05
