7.167259635952331882e+04
7.358506405062536942e+04
7.790576497033194755e+04
7.699884503598317679e+04
7.111175980021619762e+04
7.637016318689999753e+04
6.579054892741564254e+04
9.388592675940240920e+07
1.319533947364696069e+06
8.118776334283330478e+06
1.663338554341191892e+06
1.877326527934853919e+06
9.482521014573031664e+07
1.455582628919992447e+08
-9.084080484727342264e+04
1.672844526702203751e+08
1.601367862323323789e+05
1.763723418613987276e+06
1.177444893228931539e+07
6.002407617148779333e+06
4.982817926851198822e+07
2.942341818188004568e+07
4.687026031424099922e+09
2.916597593457844108e+07
1.260012674422919727e+13
1.078875759831501171e+07
1.234027774833963364e+08
3.967798570653689560e+06
2.338774009776863270e+06
5.905702358593548648e+06
6.075626659272608813e+05
1.414576625243368559e+06
1.872002693187772110e+07
3.011768621719997004e+07
2.962903244345872197e+06
2.589953332414663434e+08
1.024313063943893090e+07
1.157520045033828169e+07
6.302892557582658483e+05
1.042791338570112921e+07
1.640625196906808913e+08
2.220120646350629628e+08
2.185235236333826929e+07
7.712128729340159893e+08
6.826494584663338028e+05
9.958929967180493986e+04
9.991337756475724746e+04
1.016314565864353208e+05
