1.614668399286503554e+05
1.499082038342185260e+05
1.565535772578021861e+05
1.432211697812708735e+05
1.513979530700193718e+05
1.315223050947007537e+07
2.275340733727266788e+09
1.414492368603336439e+07
2.217572893824716285e+07
4.156588355211311020e+06
5.154306714269111864e+06
3.753998862095924377e+10
1.566222515055284119e+11
2.544434802876496315e+07
3.267893115597066004e+06
6.410562053760799408e+10
2.852303628570158035e+05
1.154234837944173196e+05
4.609937971650104038e+06
1.174297422011263275e+10
7.174571494396136999e+08
5.407821128157342784e+06
1.741794806583514214e+08
3.537991160307862330e+06
3.067959356501878053e+07
-6.734639867810673604e+04
2.804551800397632178e+05
1.175151717371558305e+06
2.672984922725107055e+06
3.207392628631802648e+07
3.184418488321496248e+08
4.284357830058904419e+11
2.760076739354837220e+06
4.441959428911857540e+05
3.951083839353580475e+08
2.535211300878743175e+06
1.693949604257994331e+06
1.412838361089026332e+08
2.950989768244873881e+08
1.989490228536224458e+05
1.890511244425065350e+06
9.098650489714239957e+05
2.599286641084224284e+08
1.982335937250965275e+06
3.414447186719280202e+06
2.080979556279493496e+06
2.863483594768475741e+07
7.957808529498177767e+08
-1.813589127649154048e+06
1.925536632463862188e+06
