2.293241485349839495e+05
1.988892515224408708e+05
2.215744738352162240e+05
1.986892787783972453e+05
2.138361307415414776e+05
4.509039256747852080e+06
7.126839882630952835e+09
6.568907278258188069e+07
1.618642770798498578e+07
1.233307433303972706e+07
2.974384035045857076e+06
2.271425665789445117e+07
7.583363882718827248e+09
1.476516089885127172e+07
1.919113109691181406e+07
7.900900145172692835e+06
3.643514864119491726e+07
4.619966469399666041e+07
2.766522511895650253e+07
8.086955422310092486e+06
9.328214121132891625e+06
4.179256942636487633e+07
1.546711993652750015e+10
3.850123402574867010e+06
6.151768458841440268e+06
8.943217379216105910e+05
2.440871815535573289e+06
1.503455246665604413e+06
3.925962001885845326e+06
1.036596204016253003e+06
1.441144007737543201e+06
4.063518173198672011e+06
4.930152858527328353e+05
9.691775103957749605e+08
-4.817558409704897203e+05
1.350154839332809448e+08
-2.979810415010476136e+05
-4.454431527686776244e+05
4.614318545452374965e+05
-4.789953048412339995e+05
