7.088316889077661326e+05
2.975725400400178507e+06
9.278337869250802994e+08
1.431276706174704552e+09
4.965548739958102226e+09
2.197616330721443481e+11
1.049536859958504105e+10
1.711362390247205971e+06
3.770454115959784698e+10
1.719594715039836645e+09
1.357136943774501383e+08
2.360576166462876465e+12
1.401904950513274525e+05
4.724971787835774012e+05
3.820178480765888817e+05
1.347310927364706877e+05
7.136248071837926982e+05
6.258365589228676981e+03
5.188473302855337970e+05
5.456705607140561566e+06
1.731666734866954014e+07
3.504715066396084148e+06
1.590707772605556762e+06
1.118944526022294159e+11
8.244011269290798340e+11
2.874107424190643942e+05
2.487314973346686172e+10
1.906530735615606308e+09
5.786868229544457048e+06
5.093283368234633654e+07
2.997257487566947341e+08
2.744585657990537882e+08
7.652603759059329033e+08
1.566763896541837603e+07
3.480859603651607875e+06
4.711277952658459544e+06
1.080074543316569328e+08
2.115920285968958866e+06
2.112826673298399430e+06
4.922611962780534625e+08
