3.035461179182288470e+05
2.749069816342715058e+05
2.997798596449401230e+05
2.905644509906426538e+05
3.336631502952371258e+06
2.718627772975794673e+08
3.700877048118798062e+06
3.355578840757782757e+07
8.752047735646458343e+06
7.056468272722377151e+03
6.473237669948432595e+05
3.158692856706368038e+05
-9.551593839806577307e+03
1.913163071247870848e+07
1.510202899287621118e+07
4.519949720705923974e+05
4.262266863602077961e+08
9.858641261245821416e+07
2.070574365682316571e+07
7.497792548042163253e+06
9.989404958119314164e+06
2.759300226513946801e+07
4.033264702582680583e+08
4.828145285460181534e+07
1.078976984488101909e+06
1.305364408493657364e+06
4.473833907083895989e+06
4.440218349662493565e+05
2.853402232853438854e+08
7.993460187628294807e+05
5.400036061239729077e+07
4.646351687819678336e+06
4.454062329480407238e+08
3.142038097760371566e+08
1.875378591481394291e+09
5.031161890612560425e+11
1.083005573025808573e+09
1.956478322322300076e+07
3.053648438904388547e+08
1.711288411102843933e+11
3.337661041348515078e+07
1.080744420791317075e+08
