4.588980805491075665e+07
5.019968092833664268e+06
2.388274326471150294e+07
1.506736085306484461e+09
1.044347161996022612e+08
6.914877315579564869e+07
1.029338226447543800e+08
5.527193303600647487e+06
1.040539503927131653e+09
7.753881432864120007e+08
-5.845545883883249189e+04
2.924772440556092653e+06
6.871926137944847578e+05
3.041627265337820165e+06
3.062653396066306625e+06
-5.032961889310639526e+04
-5.134384657729176251e+04
-1.982420258471593843e+04
-4.002103674026781664e+04
-2.562298325497540645e+04
1.419092345711599350e+10
2.036245247739908218e+10
1.701526864336701775e+10
3.753666498852210641e+08
1.227804432815910084e+06
1.314985594329249812e+06
1.129483040663567305e+09
9.721264652430686951e+08
1.017718767109274507e+09
-1.883204250240814872e+03
-1.869491633022931637e+03
-1.874930771626619389e+03
-1.882027105947316159e+03
-1.877066198508458911e+03
-1.883911943325801985e+03
-1.881945966913044685e+03
-1.872202670580969425e+03
-1.870039965368370758e+03
