-3.269650936773692956e+04
-3.705785071717281244e+04
-3.818537526273385447e+04
-3.875049463425682188e+04
-3.924239487448597356e+04
1.814435498216898143e+08
1.861060009418619573e+08
1.589845690657667816e+08
1.474399846588202417e+08
6.437493802451957017e+05
6.388791863398852292e+05
1.994738798186196014e+07
2.691592633648639172e+07
1.581265550051672617e+05
1.583496433139449509e+05
1.582365434804887627e+05
6.456793580228582621e+08
3.000149335366018582e+06
9.911138373362304643e+06
4.887092047247617505e+06
1.958502896474033594e+08
1.925604607160018682e+08
1.924792680614322126e+08
1.930174090746891797e+08
1.981439782630276084e+08
1.968099902681747079e+08
2.015428784530117214e+08
1.015897154245567136e+07
1.018827003500364348e+07
1.010059445104848966e+07
9.635109348370783031e+06
9.957105095784144476e+06
9.340485109641209245e+06
9.981555792179528624e+06
4.963694368305105716e+07
4.794091993585796654e+07
4.580151889303416014e+07
-1.827082269931561314e+03
-1.822673836451314855e+03
-1.833529997506819200e+03
-1.821580954443634255e+03
-1.835947257546999026e+03
-1.833563200522330590e+03
-1.824580757721792907e+03
-1.821294497340801172e+03
-1.820764100714412052e+03
-1.815987826965050772e+03
