-2.166733969864415121e+04
-2.892321250817860710e+04
-3.607607876986981137e+04
-3.683068794083138346e+04
9.819037227280823572e+03
2.786165581807901617e+03
6.243734911649759859e+07
7.061597814074827731e+07
6.933437073994830251e+07
7.908589314421691932e+06
7.664220354519490153e+06
7.827233650414193049e+06
7.189892646796531677e+08
8.468894031225742102e+08
3.770999266547808074e+05
3.795652721924566431e+05
3.732673080293819658e+05
6.917520573952430859e+06
6.848184540296820924e+06
6.861401082974115387e+06
6.987375668853697367e+06
6.813512245285702869e+06
1.700382808411391918e+06
1.683954964807588141e+06
1.674289378831906943e+06
-1.304631554417976586e+05
-1.001924783119872009e+05
-3.330936579925332917e+05
-1.530127931156813866e+05
-8.641646423101898108e+04
-8.328402027175802505e+04
-1.025765264279032417e+05
8.147420226819950342e+07
7.373819302018547896e+05
7.381125798307228833e+05
7.438786937902142527e+05
7.354398786304993555e+05
3.686613213186361245e+05
3.834881717811366543e+05
3.419978675777052995e+05
2.268979806755628379e+05
3.737786001089237398e+05
2.551797807179668453e+05
-1.763909620794176590e+03
-1.762350899010227295e+03
-1.762227173860039329e+03
-1.765835981158947106e+03
-1.767897465137939434e+03
-1.751209356339124497e+03
-1.767410550992353819e+03
-1.764789930407685461e+03
-1.770591747654281789e+03
-1.766181152997945901e+03
-1.773800729865906760e+03
