-3.417471644302512141e+04
-3.723537501054596214e+04
-3.861170319097271567e+04
-3.929736395700752473e+04
4.868792357053491974e+10
5.398383333460839987e+08
4.199612568132375479e+08
3.107483491177869439e+08
4.058300799931352735e+08
1.951648307874722481e+08
2.106581892574742436e+08
1.600739110641896958e+06
2.197422097673546672e+08
2.104309783756370246e+08
9.864873837483709335e+09
1.056548389402862167e+10
1.856629436449971008e+10
1.395658649430859566e+10
4.061509239300829358e+06
7.730914173517448828e+06
1.280684211095862649e+07
5.153802441095597111e+06
1.951869742127274163e+06
1.187329574441154957e+09
1.241803535727811813e+09
1.118296099094363689e+09
1.107232108376709938e+09
1.154833722003127575e+09
-8.711249541370544466e+04
-9.877733609618693299e+04
-8.910545857798149518e+04
7.428129910668130964e+06
7.438871979366795160e+06
7.430771103172574192e+06
7.454420459587146528e+06
2.502480574037454650e+07
2.491583291597481817e+07
2.561920726067742333e+07
2.479671441671805084e+07
2.504935536580789462e+07
2.589008308207838237e+07
2.569952041983862221e+07
2.539288036787070706e+07
2.453270161311598495e+07
2.482840148570903391e+07
2.595210600959430635e+07
2.484071415573849529e+07
-1.770413146725564729e+03
-1.757164987005118746e+03
-1.757396425403654575e+03
-1.749704714557883563e+03
-1.751379864991729846e+03
-1.748883173186681233e+03
-1.761508755455142818e+03
