-3.426118506352316763e+04
-3.812886406513160182e+04
-3.858328225052550988e+04
-3.967271180471206753e+04
2.443833826300851107e+08
1.735587364172773123e+09
1.862206117768323183e+09
2.528896638198200613e+06
5.256234518021575928e+10
8.867327350767127991e+10
6.309008843534036875e+08
3.191381417960542021e+05
3.129461382371966029e+05
3.132611855662545422e+05
3.169676563567685080e+05
3.208069545496875653e+05
3.174657874222906539e+05
1.642123516894412637e+08
1.586219188876456022e+08
8.594801725896339118e+07
9.188975086044691503e+07
1.037646745068887323e+08
4.827996033680265769e+06
4.922098742232915945e+06
4.900144907211175188e+06
4.857040957347036339e+06
4.861264845946281217e+06
7.492362562783365138e+06
6.184168515495650470e+06
7.108487591384114698e+06
7.744305796116793528e+06
7.633077070988963358e+06
8.041623167090653442e+04
5.776995687325726612e+04
6.331181423054850893e+04
8.652353234628988139e+04
9.880866243629829842e+04
7.120640910017423448e+04
7.647258449728689448e+04
1.009239286360193655e+05
9.884657587313614204e+04
6.719976702063775156e+04
1.005613917844929820e+05
8.423567676859933999e+04
6.771528042452724185e+04
-1.759381383146537701e+03
-1.746861613973858766e+03
-1.758634802886605030e+03
-1.765462230813718634e+03
-1.769394675767311128e+03
-1.767236012450011913e+03
