-1.840599737527372781e+02
-1.107385235920117702e+04
2.188702895876320824e+07
3.209863192705578730e+07
2.725001182542274520e+07
5.338026447932648659e+07
4.114043375412670523e+07
3.658944674495489502e+10
9.812115855098672910e+05
7.838906321043388452e+05
2.724639293356463313e+07
3.444167844226629287e+07
3.296011329539581388e+07
3.747650855748706311e+07
3.924725374467916042e+07
5.496369684007975273e+06
6.461079771266249940e+06
4.900094825296808966e+06
4.780059668119163252e+06
7.725510904191659689e+08
2.141947362535911179e+10
1.641086818844581721e+05
1.360993698615465546e+05
1.410535212102243677e+05
1.812142752232004423e+05
1.919756174998094793e+05
1.620480893116426596e+05
3.139858123229755834e+07
3.705138566213417053e+07
3.142815532852301374e+07
3.655133472376263887e+07
3.350830879025503621e+07
2.808650771694745403e+06
3.179109723182676826e+06
2.993159319647820666e+06
2.935548355802161153e+06
2.776432858933718409e+06
2.955177709063013084e+06
-9.661418265124666505e+02
-9.789692538744420744e+02
-9.074757464187568985e+02
-9.081419323139416520e+02
-9.869558761119551491e+02
-9.592506470722437371e+02
-1.004198833973438013e+03
-9.795196491138485726e+02
-9.795282402118900791e+02
