-3.383014022289971035e+04
-3.284324593122318765e+04
-3.191733055127575790e+04
2.762248345159365237e+07
-5.394132876715157181e+03
1.271195265970644308e+06
2.917136883456551586e+05
6.886913853479750454e+07
4.310821032398690283e+07
9.925032699454994872e+06
4.751277444532841910e+05
2.329878113875871059e+06
2.493912732358771842e+06
2.421938738580693491e+06
1.964200258023512363e+08
2.009455785833577102e+05
-3.469727623398476135e+04
1.060756269610938034e+02
-6.222248989621663350e+04
-7.327899636284989538e+04
1.399944282740214607e+06
-1.155010092617621121e+05
3.261274147582365549e+05
3.691190179301559692e+05
2.300971207624584786e+05
6.157549028653065907e+05
4.126450557399986428e+05
2.246363474549689563e+05
9.013232424666285515e+05
1.606208819104974391e+05
1.798948505447089556e+05
1.518921007108725898e+05
1.514615381456633913e+05
1.675890915966765606e+05
1.191759727513047110e+05
1.600603715824294777e+05
2.224876087941331498e+05
1.742729523736592091e+05
1.825273265910994378e+05
1.871727136770423967e+05
1.787812506255532207e+05
-5.591726559959352016e+02
-6.403331774662074167e+02
-5.895453801554394886e+02
-6.032150210034160409e+02
-6.450429309919127263e+02
-5.633059612391516566e+02
-5.758015247047005687e+02
-5.633200376165332273e+02
-6.889503631913976278e+02
-5.554778305312502198e+02
