6.319944517681776546e+06
7.109737983170357533e+06
-1.059666977669877451e+04
3.355989445168232545e+06
4.605428339411414228e+06
3.499706893571814299e+08
3.051442862837372813e+06
4.718917192284998484e+06
3.287101697923465166e+06
4.791227028757176595e+05
4.946596388964596554e+05
1.556842937285040319e+07
1.351389563650821522e+07
6.471558581332679605e+05
1.052974360042374581e+07
1.405809259343040176e+07
1.125108793829421699e+07
1.089249590573080629e+07
1.333303975552662462e+07
2.226323277679033112e+06
2.215065158446993679e+06
2.102373578932755627e+06
2.105597690903139301e+06
2.152246480693202931e+06
6.349738110937115271e+05
6.707077913178857416e+05
1.030041596547501977e+06
1.347518717035750858e+06
6.596613602426404832e+05
9.696623119744973956e+05
6.353613042760281824e+05
8.096553866716140183e+05
7.439286263604399282e+05
8.571042442961971974e+05
8.401908242217932129e+05
8.132286476149412338e+05
7.440373041310484987e+05
7.934180757318210090e+05
9.756196390645521879e+07
3.019200762085533738e+08
5.621187530106096268e+08
3.346873018789731264e+08
2.146421421726219058e+08
2.121661549951008558e+09
5.833222351079528332e+08
2.442601211917596817e+09
2.692409192866180092e+02
4.629670786645729095e+02
4.572220896619837731e+02
4.980554237583419308e+02
2.955232712359866127e+02
3.830740993917861488e+02
4.658124845592828933e+02
3.291062461148540024e+02
5.002170464352529962e+02
4.243672128580219578e+02
3.397459678580344189e+02
4.770888747637800407e+02
