4.442289761454958352e+02
-6.560470755364138313e+03
-1.195058945803761890e+04
-1.416329901088558472e+04
-1.799586422116261019e+04
-2.440403630299215729e+04
-2.213620516804899307e+04
-2.720767444328221973e+04
-4.273226662274281989e+04
4.804346937617998919e+05
1.389862440937477862e+06
7.881116252573425882e+05
4.852168082867868042e+10
5.528941976482888311e+07
8.510434062554850243e+05
6.721045957843627548e+05
1.713308578045095062e+10
7.018100929817225456e+09
8.076575538841571045e+11
1.983025676861982727e+11
4.964211115446170807e+10
9.245899953840320813e+04
1.054934060687835445e+05
2.042169636684902362e+05
1.052369716532837629e+05
9.299988171324452560e+04
1.502435980523942709e+08
1.050614334289839258e+06
5.319699546929802856e+11
9.098246726985031273e+04
1.076197948183656186e+08
3.716807610797432065e+07
1.389693587583504319e+08
5.948822089398798347e+07
3.306057325639799703e+06
3.782412503211820032e+06
3.229816247303484473e+06
3.518752318569071591e+06
3.775457400382718071e+06
3.742497928271012381e+06
4.588464915975759923e+07
1.899984920522151887e+08
8.874848646493025124e+07
1.011976843688237965e+08
6.952635872984389961e+07
8.240805987091305852e+07
2.498151103362075612e+07
3.479787089270248543e+02
3.764988594684691634e+02
3.711295504716690630e+02
4.893828413907613140e+02
4.579012329184624832e+02
