8.832467778586287750e+02
-5.706766065645235358e+03
-9.869854815199167206e+03
-2.386011846383982993e+04
-2.322032464932314178e+04
4.542999403493096179e+04
1.511897872361411573e+05
6.057753898633255959e+09
1.472733828066466153e+08
1.155028712593891285e+07
8.845359315085303038e+06
8.756709095487598330e+06
6.876014576932621421e+05
-7.941974563983568805e+04
-3.279060359321732540e+04
1.681567632137159705e+08
6.230625437160907745e+10
8.251369113355283737e+08
6.827657662543548644e+07
8.336432337230785191e+07
1.967611508604217321e+07
1.461784030149840117e+09
4.160448543505579376e+10
6.674929747691822797e+07
6.465078686684782715e+11
3.008150428632948399e+08
4.943796000555346906e+07
5.126532572409965098e+07
2.872508242943397909e+07
6.170703166691736877e+07
4.747258876795807481e+07
3.011666154654611647e+07
6.098336602381047793e+06
4.742778563573950902e+06
9.875524274248527363e+06
8.967095743803549558e+06
2.988324221575386822e+06
5.963290255956518464e+06
4.030458459703196585e+07
2.961993619095768780e+07
2.015074352166200057e+07
2.888520799166191369e+07
3.396482374905145168e+07
2.225887971625382826e+07
4.390415994285892695e+07
3.852833412615441531e+07
3.358939095361814648e+07
2.558328926217268780e+07
2.780612737036717590e+02
4.513915001311979722e+02
3.755669486736005638e+02
2.877496933706861455e+02
4.759643432286393363e+02
3.044729601967264898e+02
4.940622190594440326e+02
4.646472138837561943e+02
2.942956108832440805e+02
2.926179567279759794e+02
4.488107988188858144e+02
2.881259407843463123e+02
2.804462667731568217e+02
4.809013869351765607e+02
