2.828948027156657190e+03
-2.967629678119767050e+03
-6.455835457701556152e+03
-8.802432978685290436e+03
-1.335605601966089307e+04
-1.465330650498865725e+04
-2.288194906293942404e+04
-2.594117915899591389e+04
-2.591731654188777611e+04
2.197041965871173423e+06
2.282533918405670207e+06
2.462131778202569403e+05
2.023730372965462273e+06
6.828832589252872858e+05
1.005477087702369783e+06
5.708748514631787548e+05
4.370405904550625128e+05
1.075723770452017663e+06
2.292946102513229474e+06
1.330617826578814304e+06
1.064013346215262078e+06
1.512848441401867894e+06
4.436747363503711531e+05
7.015728203732104739e+05
1.264784067707971437e+06
9.277785927590341307e+05
3.974293535121954978e+06
3.873379704279839527e+06
2.209950311711895280e+06
3.440091438332513440e+06
5.142657263227423653e+06
3.026883490819140803e+06
4.228774740989878774e+06
2.765661210503250360e+06
4.090472277049115393e+06
2.385878606989676598e+06
3.445636129408707377e+06
1.018243205697890185e+07
1.069344345998782665e+07
3.544041400511001050e+07
1.090075143491851911e+07
2.045554966449172422e+07
2.563123191415177658e+07
1.488162191604611278e+07
1.242694538800216839e+07
2.029926038370054215e+07
1.572017031325683929e+07
1.011257446745235939e+03
1.254010320391127607e+03
1.007143471660208888e+03
9.923917148652835749e+02
1.172807789611484623e+03
1.057407369758555433e+03
1.278270605138881365e+03
