-2.482786789714918996e+03
-1.327206991545408164e+04
-3.017214366373742450e+04
-3.204612704809257411e+04
-3.678745564232552715e+04
-3.769787251329769788e+04
4.219218677814374924e+09
8.622566952054927126e+06
1.557578482051731274e+07
1.055068306553298421e+07
8.984095816619534045e+06
2.385860074502253056e+09
1.195034039675348759e+09
1.012711357202410817e+09
1.422173370334514618e+09
2.328152519865052891e+05
2.790081477031345712e+05
2.128150352084358456e+05
1.722723188142885920e+05
1.071103323341554962e+07
1.033502830750824809e+08
2.827645555411479950e+09
2.078362173654110193e+09
2.171482785604607165e+08
1.329719510704296350e+09
7.961611723203919828e+07
2.176689772668934893e+03
1.968111893729335861e+03
2.308858632233139360e+03
2.109898694195668213e+03
2.106406636558152968e+03
2.067498935605020961e+03
2.031739428632281488e+03
2.308691083688259823e+03
