8.595785099671953503e+03
-1.663070413703935992e+04
3.986871276184349554e+05
5.489385341291542863e+04
5.971467167628657771e+05
1.630701259473427199e+07
1.342877489423346706e+06
1.338688019359866856e+06
1.301441720380755607e+06
5.576717631505169906e+06
2.382911331194706634e+07
4.989497941749756224e+06
3.866205471436976921e+06
8.151551411151424050e+06
8.422589789397167042e+06
8.177517989904494956e+06
3.118649356063734274e+06
9.732926914990195632e+07
4.948468404502150603e+06
1.311483936200772285e+09
2.532213267259845734e+09
9.779869641128278732e+09
8.186200193981524557e+06
1.630137992987398207e+08
3.332795894534370899e+08
6.313404292833600193e+07
6.645708388526096344e+09
5.090495442710001945e+09
7.415287563854575157e+07
2.046264489967987686e+07
2.006298243736176193e+07
1.431642356027934887e+07
2.614963410661044121e+08
1.108376737162354775e+07
1.848468450455929711e+07
1.601447627563069947e+07
6.113702700498549268e+06
8.694129979929288626e+08
3.453180531800094247e+07
3.123025815238843560e+08
9.372945737948339432e+06
1.115925067539234906e+08
3.664597749867627144e+09
8.609084837402388453e+06
3.492102078551544189e+10
7.416672763602371560e+03
7.745840386271738680e+03
6.917984132508834591e+03
7.333464042396750301e+03
7.235714937379438197e+03
7.274206116936431499e+03
7.699430700279917801e+03
