2.410045831805661146e+04
-3.352437158075830666e+03
2.403619937860960636e+04
3.760581701327332848e+04
2.366216560884849459e+05
-4.889659229749703081e+04
2.266831826333166973e+05
3.914730507398408372e+06
3.111640269589848816e+06
1.257374529107526779e+09
6.590978161029252224e+06
2.005301793781069294e+07
2.912274346246737957e+09
3.721260824840331334e+05
3.675911056039926480e+05
-1.250318308443814167e+05
7.010532302823194303e+06
5.298826404873884283e+06
8.287015583198256791e+06
7.123703757874283008e+06
3.097614750676496699e+07
5.207986041251387447e+06
1.292262137905150466e+07
5.978769939615103416e+06
2.838456670220239554e+06
4.884274112351310439e+06
2.297488512570502702e+06
3.826653984560864512e+06
3.148346937623005826e+06
1.032455893987117521e+07
2.498776273862815928e+06
2.438394703303329879e+04
2.678414020817918936e+04
2.423238532491168007e+04
2.660081711534026545e+04
2.626168498220204492e+04
