7.819518715186082409e+04
6.584871912318005343e+04
5.778527181325520360e+04
3.508254144942038110e+05
3.259887189379954943e+05
3.083353800379479304e+06
2.834127872148680035e+06
1.754940071119456261e+05
-6.034283767651059316e+04
8.440353003722455353e+06
3.840740214222218990e+08
5.007415047725811005e+08
4.545036072990152054e+06
9.936882676633789062e+09
1.398439753558681726e+09
3.484508939037061157e+11
5.608533902569686890e+09
3.427698834063434601e+07
3.072764958300903067e+07
2.441461834116803948e+06
8.221601117643445730e+06
1.138612145197653584e+07
9.041898982224650681e+05
1.097076164716891013e+06
1.650232034428680316e+07
1.052721308548193574e+08
9.519832499048737809e+06
1.993944438669791445e+07
1.072039248789648819e+10
7.291110374028342776e+06
2.124772979008151684e+06
6.677935890041193925e+06
9.738144245046349242e+06
7.318842155136230402e+06
3.451712487013619393e+07
8.163292180645299377e+05
1.289499986632255465e+08
1.801795900864890814e+08
1.289386741452986747e+08
2.840342944483282790e+07
9.479911197675626026e+05
1.642620725810879841e+07
8.043166872662189417e+04
7.883340407163259806e+04
7.822400456474139355e+04
7.535932143628632184e+04
7.946509254557493841e+04
7.590192923536006128e+04
7.705622106336179422e+04
7.464375363163952716e+04
