9.108215286307860515e+04
9.281565695309161674e+04
8.934485622502125625e+04
1.010493391312281601e+05
8.994723927807318978e+04
7.771980305503218551e+04
5.744956374384163064e+04
3.569177068944060011e+03
-3.295310161101187987e+03
-6.564131834220598103e+04
6.008994591416242765e+05
3.254672025802144781e+05
4.605630476449226961e+06
1.629166918578327750e+05
1.187679551045611006e+05
1.964018521219540015e+07
2.463271547063028440e+07
4.977499508868467808e+07
1.531478190092494013e+06
1.064387653044219594e+06
3.532100207660815213e+06
3.116709085638057441e+07
6.189274810472012032e+05
3.030993526036909781e+06
1.960248009249601280e+06
1.843989511381267384e+07
6.101420109140137210e+06
6.432959687080225945e+08
2.082735794328520820e+07
6.671114868249305524e+06
1.478444458768206649e+06
1.221904159399311291e+06
6.702895492928118164e+12
8.326973291133651137e+07
3.433649935636310577e+09
7.471501365114820480e+09
2.434834012943832576e+08
4.232062102399668656e+06
3.536764902908344567e+07
9.846356448798615020e+04
9.802292698329768609e+04
1.037501549724149518e+05
1.014928761923008715e+05
9.808140505153709091e+04
1.015666601182873710e+05
1.053098090836287010e+05
9.945083631075400626e+04
1.002237196916847024e+05
1.021699022322626552e+05
1.012253494366307859e+05
1.036485451810990926e+05
1.033010621244502254e+05
1.008601076547687408e+05
9.772437335126812104e+04
