1.100434651227284339e+05
9.647136894955561729e+04
9.516288964613710414e+04
9.884636448563859449e+04
9.849241484961906099e+04
9.600417285911281942e+04
9.666914860075342585e+04
8.967225457200119854e+04
9.379432812375438516e+04
9.072348477051859663e+04
9.728646443068969529e+04
8.819841032223572256e+04
8.852998672807771072e+04
9.509325113964526099e+04
8.794299143157768412e+04
8.521671387019203394e+04
8.054131292098489939e+04
7.995120601282204734e+04
8.300290744313421601e+04
8.450501048153695592e+04
1.292304309149947512e+05
7.735589984547678614e+04
9.144324455742425926e+04
6.192649005659974500e+04
1.098202948818996665e+05
1.825450615173927508e+05
1.785415631516761787e+05
2.095486699235582200e+05
4.538043180901358137e+05
5.545474717694875784e+06
-1.957684290453983995e+05
-2.021892844602699915e+05
-1.555181427848316089e+05
1.571074694622099050e+05
4.072250852842723019e+06
4.457847228317796253e+06
1.071327712386397761e+05
1.033908197733763373e+05
1.060423666367930127e+05
9.760995803793665254e+04
9.942977845049882308e+04
9.885937366871500853e+04
1.011192535164483124e+05
1.061063146544403862e+05
