1.809814750019432395e+05
1.899579542755798029e+05
1.780751072678485070e+05
1.812832569621486764e+05
1.707064862069945666e+05
1.798246333616820048e+05
1.860423616062836081e+05
1.680254429151902441e+05
1.675750929254858056e+05
1.759718843922230008e+05
1.712340976265812933e+05
1.672866547992725391e+05
1.626879348133525928e+05
1.637507375648310408e+05
1.765321703459592536e+05
1.607101169318819884e+05
1.685896316945770814e+05
1.785592523361553322e+05
1.696542976320679008e+05
1.665929031332184095e+05
1.717194629503245524e+05
1.619550744215880986e+05
1.757393353148519527e+05
1.675838408164012944e+05
1.590859930458032177e+05
1.570971450108729186e+05
1.524118173393372563e+05
1.471256755381498369e+05
1.445809275136392680e+05
3.921975253659442533e+05
1.620847868638408545e+05
2.027288152703603846e+05
1.482557679574094946e+05
1.543902901768840966e+05
1.964678927299560746e+05
1.254135124975284329e+06
2.643190196582752978e+05
3.887160748926587985e+05
2.315471102488035103e+05
4.768138950365680503e+05
4.091886389964647824e+05
2.873460864866531920e+05
1.814332869128741324e+06
-1.220358744654033799e+05
-1.440432936280360445e+05
4.724638699148503365e+05
4.253849866073838202e+05
2.849822217652022839e+06
4.259703264857984148e+06
-1.761328830291074701e+04
8.366000276284097927e+05
1.622772251951755490e+06
1.983541964344108710e+05
9.201282973885943647e+04
1.080553875721302116e+06
