1.756900971298763179e+05
1.833859865529647504e+05
1.770224729930360336e+05
1.704955799187066732e+05
1.673113804747047543e+05
1.557677599844324286e+05
1.631265101094212732e+05
4.038001035171763506e+05
7.401984632761788089e+05
1.825911654446166940e+05
-2.731586533525812047e+04
2.391386005092551466e+06
7.349720292840595357e+05
2.167188289680553135e+06
3.972541758520545554e+05
1.293843246036312485e+05
2.359924716054314922e+05
8.465737178175473586e+06
8.357589323707141448e+05
-4.256258534387494001e+04
4.147033251994401682e+06
2.079951094056278467e+06
6.630651150859773043e+04
2.469393065800430719e+06
2.314754612177140545e+06
8.290324207856728695e+06
2.445341967552667949e+06
4.084484398915670812e+06
3.615531337284041103e+06
3.380335516763404477e+06
4.811707653541984968e+06
2.587326504760707263e+06
2.218310372387454845e+06
1.827993956100715324e+06
3.295141691556038335e+06
1.518650501969588101e+08
1.083119124361981153e+09
1.443139342979304790e+08
1.182946241919028014e+07
1.414767667852739431e+07
5.978272890633587958e+05
1.215176913479470015e+08
8.254066101190565825e+08
1.776148908282628981e+06
9.638736896434361115e+06
8.848246970243893862e+08
1.450253382606828818e+05
2.915824725296099663e+09
1.060184547659770548e+08
1.883266103172624707e+08
5.770140105155428872e+06
4.844595942230623960e+08
8.621153434242950752e+06
1.693289304202712327e+07
1.785788635649660826e+09
1.381368243175448105e+07
