2.337433734724913083e+05
2.488474030062802194e+05
2.477958761331628775e+05
2.483566609427053481e+05
2.478789260796332674e+05
2.447632474564154982e+05
2.409833406614314881e+05
2.404549927874994173e+05
2.468753509779153392e+05
2.401843034214828513e+05
2.256200709308526421e+05
2.410705398892427911e+05
2.296321611201770138e+05
2.425647361750107957e+05
2.423538991067218885e+05
2.396559425766911882e+05
2.203975072909637820e+05
2.304750964444080018e+05
2.213139472699290200e+05
2.382894883277389163e+05
2.384162907057428383e+05
2.244836409659774217e+05
2.175302045444530668e+05
2.369731644113740476e+05
2.172314504970008857e+05
2.342697475250889547e+05
2.215345487451012013e+05
2.176075587018347869e+05
2.175759643965583527e+05
2.278967096852901741e+05
2.291135722504712758e+05
2.368687659041822772e+05
2.350391112118914607e+05
2.167446435288334906e+05
2.364226510824871657e+05
2.370936943171861349e+05
2.307402502644193592e+05
2.257681696357527981e+05
2.310665240527468559e+05
2.167668944978107465e+05
2.360562291173458216e+05
2.192875491754455725e+05
2.283053053389302804e+05
2.668054086729158298e+05
