-3.593945517359560472e+04
2.999586178606295143e+05
2.976133565529236221e+05
1.155346713518961668e+08
2.335813561227641476e+05
7.747739464453876019e+06
7.870484849239858799e+06
7.706737400806649588e+06
2.447723523088498332e+05
2.121049599078416228e+08
2.238095859917914569e+08
2.226102667021710575e+08
8.400506610998801887e+06
8.281202470273547806e+06
8.282510984709082171e+06
1.167894338492852636e+06
1.167591831620057812e+06
1.171055875460878015e+06
1.260315369394863701e+10
1.206790065102989960e+10
1.056837935809279633e+10
3.782644999429228973e+10
5.253545293156629181e+10
4.917487598052199554e+10
2.860120099862892914e+10
2.796057151392249298e+10
4.136765295836460876e+10
3.784717350210351562e+10
3.191395806785768509e+09
2.500466294889636517e+09
2.852346692855687618e+09
3.246424259669455051e+09
7.091165844756794162e+06
7.456826915896614082e+06
6.863013656786498614e+06
8.006768614018600434e+06
6.635955718263540417e+06
6.532331618723752908e+06
6.130760800649130717e+06
-1.878764251898624934e+03
-1.885213217025302583e+03
-1.879208958939212607e+03
-1.876260666441463400e+03
-1.882495750543632312e+03
-1.885276182874949882e+03
-1.872818099022581009e+03
-1.880742136594519252e+03
