-3.948510647769465140e+04
-3.991009296056027233e+04
8.139247856104260254e+11
1.182723557386646881e+11
4.954782507605239004e+07
3.423795775480702054e+06
5.361871934959552437e+07
2.849788907097422518e+06
2.281940911139672156e+06
2.369716681805347092e+06
2.433227203618023079e+06
2.301062230685770977e+06
1.013846539518104051e+06
1.010288656727017951e+06
1.009743695829247008e+06
1.014689739743386279e+06
1.006258521171027096e+06
2.020417841685898047e+13
1.298447459408205273e+13
3.327306933227975952e+23
1.922068563124358594e+13
2.693257146959065795e+08
2.769726276139127612e+08
2.964414955872075558e+08
2.595216408873991668e+08
8.960686312448409200e+07
9.596728865313525498e+07
8.432837468660999835e+07
3.205933902955963835e+07
3.091086738860934228e+07
2.969433095842101425e+07
-1.822694997978891479e+03
-1.823838660038134549e+03
-1.817751622048381250e+03
-1.821335649167100200e+03
-1.824105113829980837e+03
-1.830112056348880287e+03
-1.819919156320567708e+03
-1.820603002632647986e+03
-1.826235675725125475e+03
-1.829892772122257156e+03
