-3.663847721758516855e+04
-3.692138192096037528e+04
-3.755695486713205173e+04
-3.787837067375065089e+04
8.831960978061679751e+06
9.965946987243112177e+06
9.552071332708646059e+08
8.494826310643807519e+05
1.076515833440142684e+06
2.793799892181774601e+06
2.761338809272247832e+06
2.779587556115813088e+06
3.196546558150744629e+12
1.051002387859707489e+11
7.219695612808643840e+06
7.279062702670640312e+06
1.978670919182314829e+05
1.840782890764663171e+05
1.950317543591192225e+05
2.334816142986069247e+07
2.308267758311498910e+07
2.442660454080212861e+07
2.340630659123190120e+07
2.413591189691104740e+07
2.521787771140868589e+07
2.692074779795911536e+07
2.704218411018402129e+07
2.538456109998087212e+07
2.560054519105217606e+07
2.483789809932745248e+07
3.792362492898588628e+07
3.754126742211923003e+07
3.762937672745535523e+07
3.770753887986515462e+07
3.972626324261029065e+07
3.779433313573275506e+07
3.853327371533060819e+07
3.751668809763973951e+07
3.850285815646408498e+07
3.786462541268359870e+07
8.104948792319061756e+08
8.183532146448497772e+08
5.210818279547035694e+08
2.785067813727071285e+09
1.036860560559849358e+10
5.242027394820969105e+08
6.584318104606992722e+09
5.106525656527241707e+09
4.428761189600309134e+08
8.229810076396647692e+08
6.891633767327980697e+07
4.739018657185424864e+07
4.645649996916384995e+07
7.050051016606785357e+07
5.273215389035355300e+07
6.797063153451180458e+07
4.552730798101741076e+07
5.476775942844545841e+07
5.623816408541768789e+07
-1.761247297978174174e+03
-1.748142466154706199e+03
-1.768052948156633647e+03
-1.746600215029000537e+03
-1.762654897690925281e+03
-1.766250420495402068e+03
-1.761087709468149114e+03
