-3.588376542508941202e+04
-3.673199451637839957e+04
-3.733333235073181277e+04
-3.767207127367448993e+04
1.755022368771227542e+06
1.766559625324274879e+06
8.909772674525337061e+04
1.446964754454622269e+08
1.500518133725454211e+08
1.354793593124774992e+08
1.485759914077804089e+08
1.792944441649936250e+15
1.555168498604724500e+15
1.881282451379758000e+16
3.201387848313189983e+09
3.590696029327947181e+05
7.606763366063956637e+05
8.390000834934158484e+05
3.048230389380082954e+06
4.258487390600793064e+06
4.291762910688436590e+06
4.248192874603829347e+06
4.260249094051497057e+06
2.587875475750259124e+06
2.642724498520014808e+06
2.557738417457660194e+06
2.630004043081516400e+06
2.570350549421012402e+06
2.651177852758046240e+06
1.748039960142067447e+07
1.616428039811950922e+07
1.669578064111054316e+07
1.632022316135483980e+07
1.613682921778974310e+07
1.633156779081258550e+07
1.786052694654877856e+07
1.850842012239945307e+07
1.754096811348471045e+07
1.764587850093342736e+07
1.710086484860433638e+07
8.071954636229864554e+05
8.245442880916765425e+05
8.036018325835703872e+05
8.242305396085490938e+05
8.097593093163014855e+05
8.065233623915882781e+05
-1.546258508344995789e+03
-1.578122020256327232e+03
-1.561669030221673893e+03
-1.544075039163493784e+03
-1.579762971449759789e+03
-1.571128759715822525e+03
-1.571134246558998711e+03
-1.550587058568373322e+03
-1.554809880523884203e+03
-1.561266411396965850e+03
