-3.610587580493521818e+04
-3.880594980801190104e+04
4.696703740796140289e+10
1.429534010942621094e+12
6.414854338626764715e+06
7.391371254622064531e+06
7.372687204546683468e+06
7.546761885796503164e+06
2.656254208562835678e+07
2.603878757975734025e+07
2.724154493001104891e+07
2.699594000220710784e+07
7.205781380726985633e+07
7.116986805421371758e+07
6.601983273233556002e+07
6.773199312381522357e+07
1.169331308840352297e+07
1.477411010641719913e+06
1.065889595965255052e+07
1.073240413382219896e+07
9.643954052126150578e+06
9.328589569541070610e+06
9.789486589191565290e+06
1.046198129302560352e+07
1.020435649769891240e+07
3.596502832433972042e+06
4.065768991789711639e+06
3.942543061552203260e+06
4.136142786380257457e+06
4.038979973331633490e+06
4.085511124188149348e+06
3.924881748506519012e+06
4.265110461808942258e+06
4.158244894813338760e+06
4.256689541785311885e+06
4.262444210802608170e+06
4.264442341800248250e+06
-1.580198279718199046e+03
-1.576743572717037750e+03
-1.564454517320467858e+03
-1.545856525731505826e+03
-1.580615362656797515e+03
-1.559537421172775794e+03
-1.553522629034152487e+03
-1.573634187791554723e+03
