-3.802347166351410851e+04
8.817556541670669103e+05
8.748199563532090979e+05
4.734401481962439604e+06
4.713460006541524827e+07
6.451214756248112023e+07
6.465458025182687491e+07
7.161362795246909559e+07
5.754239404566602781e+06
6.071047113236477599e+06
5.815330520751731470e+06
6.181129709342448041e+06
2.449597709201483536e+10
1.280600204780002785e+10
5.159392894197441864e+10
9.189001667192335129e+09
1.434927383834139824e+10
6.429903886651066780e+09
5.429333107859484851e+06
2.797270626652811050e+09
1.095894047705403137e+10
5.210166124552891403e+07
2.811025094097390398e+07
3.855855802266462892e+07
5.892066165807205439e+07
5.957721864890173823e+07
2.889739981279369816e+07
6.358006202066660672e+07
5.105595247038769722e+07
1.107242097140469253e+08
1.269298261625255048e+08
1.310749332393787056e+08
9.159148878729128838e+07
9.906488170470802486e+07
1.054424602303348780e+08
-1.549270709223055746e+03
-1.541474766406579874e+03
-1.535909047643159283e+03
-1.565201839609711897e+03
-1.538649485986476066e+03
-1.567664680427551502e+03
-1.562965285227401182e+03
-1.582083041592646623e+03
