-3.559386463704721973e+04
-3.769959680817688059e+04
-3.962214194786104781e+04
4.491179361395915151e+08
4.541658844601626587e+10
4.328194978288670540e+09
1.760763474901104689e+09
2.417598250431876164e+06
2.403225450803797692e+06
2.407440061080020852e+06
2.401346801326419227e+06
2.040376676556006165e+11
7.499793508412766457e+07
8.806196311504064500e+07
1.960619594240008155e+04
2.885942110470909392e+04
1.481621706089314830e+04
1.168874616867234930e+07
1.407305309694755636e+07
9.292634560388037935e+06
1.394744499288014695e+07
2.609265651007948909e+06
2.646347448483973742e+06
2.620190575985019561e+06
2.668197823796270881e+06
5.924369772394876800e+16
2.073604542103176960e+17
3.125192122151726000e+15
1.073452201732566211e+13
1.003840923463513086e+13
6.871266513266964844e+13
3.059730121272342188e+13
3.837456944106163923e+06
3.870850451868868433e+06
3.794702122469559312e+06
3.768981417889219709e+06
3.745436615221415646e+06
3.727386443058661185e+06
3.767817748704670928e+06
3.703844291823865380e+06
3.869276404075222090e+06
3.737190750648670364e+06
3.738042313465710729e+06
3.706176554836648982e+06
-1.550557646501954878e+03
-1.577952372838597512e+03
-1.545547942820005119e+03
-1.546233571685006609e+03
-1.558508380979299545e+03
-1.551171611462108558e+03
-1.544846659201924922e+03
-1.553690368391165975e+03
-1.537355731552757788e+03
-1.538186400598962791e+03
-1.559563544775970513e+03
-1.564716092592891073e+03
-1.540510588622157229e+03
-1.545441763369279215e+03
