1.410494755931682587e+08
1.450278403721512258e+08
1.381404367695658840e+07
8.968899693169519901e+08
9.677659044423285723e+08
1.067075185579402804e+09
1.121951371031253487e+08
1.091927548672991246e+08
1.191395412875345947e+12
1.836489695960979980e+12
1.246443437030719376e+10
5.521117144167224615e+04
4.753447893988222815e+06
4.829619562734016217e+06
4.699604658684406430e+06
4.853838695051437244e+06
4.306253364213634632e+05
4.436784248717953451e+05
4.368395986941618030e+05
3.615978884939041734e+07
4.857604183554337360e+06
5.030191566505648196e+06
1.078837966466542929e+08
2.688785921188066900e+07
2.617482611991133168e+07
1.711734210388132487e+04
2.026029605167938280e+04
2.333473639095656108e+04
1.029950691920454847e+04
2.089321518216663389e+04
3.625751608417181706e+04
1.463435651192616206e+04
3.918687911956192188e+13
4.658415918917916250e+14
3.342824391756526172e+13
5.465062298870592000e+17
1.401822877091672400e+16
1.004055893045587656e+14
-1.400981092873931630e+03
-1.386771780099574244e+03
-1.379860284014692297e+03
-1.425822066169988830e+03
-1.440531893600826152e+03
-1.381962229813623708e+03
-1.389480547680577729e+03
-1.387756296619016211e+03
-1.429592586279584793e+03
-1.409763852088071872e+03
-1.381972755672992207e+03
