-3.864459684982697217e+04
4.468705947877427388e+04
4.269212406810100219e+04
2.503389279669918120e+06
3.291061079531580675e+06
3.238080310549870599e+06
1.987902835868851980e+06
9.988539392653374001e+06
9.025877173768116236e+08
1.350513736902863264e+09
8.898832933269329071e+08
1.044438653220532276e+07
1.086236834405314550e+07
1.021833260319023952e+07
1.006341378707707301e+07
8.384875996997349896e+06
7.968397226407950744e+06
7.666185241708118469e+06
8.130175678213466890e+06
8.069144211801648140e+06
8.280208621406400576e+06
2.899184092094523832e+07
2.980719873336396739e+07
2.925869739994962141e+07
3.502601975468538236e+06
4.748756373467001319e+07
1.046000583349997699e+08
9.311284700679469109e+07
8.361875263910287619e+07
1.007341134063188285e+08
-1.401890029866481200e+03
-1.397950453269295394e+03
-1.420553232810663758e+03
-1.410750571794429561e+03
