8.307910195338405371e+08
8.610232648344415426e+08
1.058457496093517691e+08
3.834451723575408012e+07
1.863729074830105305e+08
7.197098900218683295e+06
8.081516823804035187e+09
6.475665726584754944e+09
6.250477511455739295e+04
4.579689251355631131e+04
5.046044970353060489e+04
4.453756294003702351e+04
4.803817350910893641e+06
4.918997462718953378e+06
4.941673360223918222e+06
4.776173060502950102e+06
5.038279142999798991e+06
4.754754003868069500e+06
4.937545580272357911e+06
4.302525960894408636e+05
4.238071922601194237e+05
4.108440852917740704e+05
4.660539630317582749e+06
4.318079794589430094e+06
5.678856914423674345e+06
4.976058562537586316e+06
4.307172072970290668e+06
3.289308245039076428e+04
3.147982029673352372e+04
2.881554105161115876e+04
1.908405761650717969e+13
2.154487210174211250e+14
3.888780064235799219e+13
2.927818602364874219e+13
6.892368246794417188e+13
5.318143436459389062e+13
4.212389983369423125e+14
2.577201418012711562e+14
3.442265292534705600e+16
2.082124219395626240e+17
7.249503700475625000e+15
-1.410068636320385849e+03
-1.431245726711524185e+03
-1.379975518239167286e+03
-1.433960986733727623e+03
-1.392082292519509792e+03
-1.418324872870609397e+03
-1.419759068106912309e+03
-1.437399479176005116e+03
-1.384567664660135051e+03
-1.421637443820072804e+03
-1.409886747640994145e+03
-1.383441181556059746e+03
