-3.655334814820899919e+04
-3.688329170305793377e+04
8.360034584772912785e+06
8.386841228856617585e+06
4.235513546906874329e+07
5.439105285354878753e+06
3.617603273223960306e+06
4.195976798473628238e+06
2.621096728559098672e+06
4.409501312973173141e+09
1.197876620463915443e+10
9.390056144649861380e+00
-7.377835941732795618e+03
-2.374834023913478450e+04
3.172581246011228359e+03
-4.862889326222684758e+03
-1.002271004373074902e+04
8.116731790261486312e+05
8.270323729581991211e+05
8.205526806900803931e+05
8.235677469983570045e+05
8.446550024263651576e+05
5.990038940937508392e+10
1.982100493576942139e+11
1.298577523735720825e+11
5.485783100666096191e+11
5.341109080194525421e+06
8.043497335493661230e+05
2.113972651363450103e+06
3.137879489137879107e+06
2.014404735440022545e+06
5.656327990655358881e+06
5.775843949461520649e+06
5.712133687116721645e+06
5.881548120239658281e+06
5.622524163755203597e+06
5.738407448585817590e+06
4.634881521406444721e+06
4.484906235820522532e+06
4.431813127458875068e+06
4.485141257455604151e+06
4.512401895246852189e+06
4.361843321573123336e+06
4.408408711128706113e+06
4.420909425236869603e+06
4.406248452455901541e+06
9.802709498605549335e+06
4.113547494404358417e+07
3.284938395938749425e+06
4.718978711768827634e+05
-1.438570885199034819e+03
-1.413408681120985420e+03
-1.389131069918774301e+03
-1.391923452548100613e+03
-1.429740295447583776e+03
-1.430728812823945191e+03
-1.413827195997699164e+03
-1.398742586778360419e+03
-1.435428217415377731e+03
-1.431429831017507240e+03
-1.415621635511226486e+03
