-3.573572406132058677e+04
3.884999877653657313e+04
6.219976206508422911e+04
5.705937679937572102e+04
2.671452142716348469e+08
2.330354808035175323e+09
1.818413055188083172e+09
1.824298713229986429e+09
1.736467489693945169e+09
1.708141406749033034e+08
9.420528154919876158e+07
1.998440202040545344e+08
1.033914907001522332e+08
2.761882580761249065e+08
2.459101631259633636e+10
3.865673766935921460e+07
1.623507710455985740e+06
2.142630392338764572e+10
2.069372702407610938e+13
5.598450747144543566e+05
5.158008228724706650e+09
5.698204310637966264e+05
1.663329065006196685e+07
1.521871107660225034e+07
1.623426592423847690e+07
1.598207361864908598e+07
1.620992204553882219e+07
1.534918246005587652e+07
8.207324363418674469e+08
4.934487242400244474e+08
5.043379262104235888e+08
5.187312553835186958e+08
4.454018644218841791e+08
7.153675901985843182e+08
6.947801574642961025e+08
-1.185066332310263533e+03
-1.199709669536270667e+03
-1.224055972171307076e+03
-1.214172904488863423e+03
-1.236871789000113495e+03
-1.236172957974369638e+03
-1.177770599115610821e+03
-1.190369571007788181e+03
-1.186255340581585187e+03
-1.182333074121183017e+03
-1.237878231000097003e+03
-1.185416472647892078e+03
-1.198380867604981177e+03
-1.176185635712114163e+03
-1.226568363784637768e+03
-1.211687233117205324e+03
