-3.638603367702887044e+04
-3.702516127537258581e+04
-3.800141116301324655e+04
1.532964910356267169e+07
1.559215214684023149e+07
1.461832342574305274e+07
3.565727759359096643e+06
3.373193586624803138e+05
2.225053146899574661e+10
2.177688810329236603e+10
7.649540355557825089e+09
7.837300517347321846e+06
8.103208524721833877e+06
8.164919573632596061e+06
2.010721735858979810e+05
2.232961305373597133e+05
2.124024525779989362e+07
2.086310774262970313e+07
2.059770075480189919e+07
2.079449710692179203e+07
1.479358420788160525e+07
1.358748344793664850e+07
2.455440494327064976e+07
2.517558823952984437e+07
2.227417697343661264e+07
2.272378145847828314e+07
9.194629657127746582e+10
4.962335375219148636e+09
3.630044010943754673e+09
3.954100182429987335e+10
4.466763925005952454e+10
1.355533608296730423e+10
3.542126128970013125e+14
2.459553310464602344e+13
1.494540931272712646e+12
1.371418193622994219e+14
5.158988207902616250e+14
1.186751087396035645e+12
3.337583102531674219e+13
1.112439612783108640e+17
2.948001090396740723e+12
7.253075529988372070e+12
1.677986743078105859e+13
-1.206912048730358947e+03
-1.246866086634603562e+03
-1.188297825162997469e+03
