-3.638379401757883170e+04
1.176901131536081076e+09
1.329898019994817972e+09
3.958846673372374382e+06
3.983731685947324615e+06
3.916254809386012144e+06
2.124335341415052712e+08
1.820510431065038312e+06
8.082581962243404388e+08
7.902665183407282829e+08
2.927095817595518827e+08
2.262804877472154617e+09
4.087339612075420022e+08
2.426273601967275441e+08
4.862440548677909970e+08
6.140853345837718248e+08
6.003975589757126570e+08
6.989258126408227682e+08
6.444111733020598888e+08
3.304007239692780375e+07
3.367740953058847785e+07
3.176522739576857165e+07
6.626924043979480118e+07
6.388633037361154556e+09
5.734262676292620897e+08
9.088786963151706755e+07
1.220401746265979707e+08
8.854644229169374704e+07
6.520975812690589577e+07
6.032747717860093713e+07
1.154767829424544871e+08
6.453136440740943700e+07
8.135081273075550795e+07
4.621626692269288003e+06
5.717596772749215364e+06
7.103503689105002880e+08
6.616219011707751751e+08
5.672010076879792213e+08
7.144686872072083950e+08
7.853755680323988199e+08
5.454549792507892847e+08
5.689805738490871191e+08
4.548533344686375260e+08
-1.192163810928061139e+03
-1.238375599527556915e+03
-1.211713602522038855e+03
-1.226660364743089303e+03
-1.247510213489294983e+03
-1.176309022975154221e+03
-1.227698320994299138e+03
-1.252892046947788913e+03
-1.201616846023913240e+03
