-3.577952841844053182e+04
-3.607425386098441959e+04
-3.635624596236634534e+04
4.550158128419566154e+07
4.815800454190555215e+07
6.516088726882158779e+06
6.318218054706056137e+05
4.382676752298165229e+05
5.534238654620243469e+05
4.892673270690124482e+05
6.091088530791135418e+04
-7.672879090558493044e+04
6.027536634355927818e+06
5.989797083572581410e+06
6.152843180653818883e+06
3.972774756002982259e+08
1.828628414452520370e+09
4.574722088905091286e+08
7.260950146595977247e+07
6.423953084413348138e+07
9.661649361326789483e+06
1.173243770157312229e+07
8.305065558455733117e+05
9.940484119984678924e+06
1.011317455757745914e+07
1.260056836870356230e+06
1.452930774226325797e+06
1.311615952087412123e+06
1.396098518845257349e+06
1.595909091931878123e+06
1.425932468929419760e+06
1.159009861769018024e+08
4.385643828734841943e+07
-6.102870743496459909e+02
-6.033462550017284229e+02
-6.482595959393656813e+02
-6.156163014885096345e+02
-6.346544396659592167e+02
-6.097560676045250148e+02
-5.998955724420666229e+02
-6.696427515872055665e+02
-5.642233620345068630e+02
