2.536299913467244339e+10
2.672931936589953613e+10
1.142196937912781738e+12
1.906878936604608154e+10
2.352286422472857952e+09
9.466378830052803040e+09
1.230705151576229668e+10
1.189835188323846273e+07
1.244914479188732430e+07
1.248517794406889379e+07
1.215469247106906213e+07
1.105501472296276331e+09
1.004830582694940090e+09
4.806867344452082179e+05
5.315447812066305196e+05
5.059878439946655417e+05
5.208174454442676506e+05
6.997424683644203469e+06
7.547227087655398995e+06
6.930684932683227584e+06
1.523844500358864898e+06
1.504773873842405388e+06
1.973734954147395492e+07
5.407321983833112754e+05
3.452678852935428731e+05
5.751903346536058234e+05
5.204264877580055036e+05
5.696245544002755778e+05
2.758175949733353853e+08
-3.670925015083815902e+06
-2.109289579412291059e+05
2.231048468592150894e+05
7.155771717015773174e+04
-2.325247174513933714e+02
-2.564510404654720332e+02
-1.879293422944028862e+02
-2.686604520922410302e+02
