-3.585052671817105875e+04
-3.622496644654603006e+04
1.366961048102870351e+06
1.433040656035404652e+06
1.964512572964518098e+06
1.173193873171087122e+06
8.929323376414911821e+06
7.673030699309537187e+06
-6.561826008548396931e+04
-6.958747716173122171e+04
2.979133813816594426e+06
3.364649091093782801e+06
3.038538223941398621e+09
1.560384644998526275e+08
5.907843397318993509e+07
8.776839858723018318e+06
9.515018615898100659e+06
4.704450933141198009e+06
5.566614875144184567e+06
5.488300890931102447e+06
1.759035174356511980e+07
1.058737886809399009e+09
2.846054534368892666e+06
1.091493944202560782e+08
5.563471015361598730e+08
1.739867863470594864e+06
2.012396979862919310e+06
6.800451647954067588e+07
5.934810569373448938e+07
5.619140520864540339e+07
7.116127714682488143e+07
1.142500506127371639e+08
5.742375324354793131e+07
1.262320456980203837e+08
5.560479904971112311e+07
6.711723469616717100e+07
1.274894868657614142e+08
3.957232062956318259e+02
3.956138771722617093e+02
3.325553079126111697e+02
4.493783099695865531e+02
3.947624423120287247e+02
4.641464502922317479e+02
4.320231236966210417e+02
