-3.400858084562567092e+04
-3.395775930138310650e+04
-3.458518908439683582e+04
-3.534947743676775281e+04
5.383474473307769299e+08
2.252403341560350358e+08
6.532732953708677553e+06
5.328029826408304274e+06
1.070281452273757756e+07
2.035706738510141731e+05
1.954171385449624504e+05
1.964197416136836691e+05
1.385812420453813393e+05
1.967723831717040448e+05
1.028935652678260766e+07
9.570672918858097866e+06
7.515181785346996912e+04
3.247964922043066472e+06
4.368075854550279473e+04
2.914547481968540549e+08
1.641663735187699463e+12
3.044980151037059307e+09
5.128829372202787476e+11
2.192067069929253906e+13
8.724329882753452148e+11
1.538278442686814062e+13
3.549765941632808208e+09
5.709076415361505859e+12
5.050783083705098152e+09
2.100621209046077449e+06
2.354950930352536961e+06
2.132797642917094752e+06
2.308428461037987377e+06
2.124468053114737850e+06
1.990474141191868344e+06
1.890566328834376298e+06
1.490555328598137014e+06
1.277065850891943090e+06
1.110370153259651735e+06
1.149281195464951452e+06
1.060373164228096837e+06
1.358166576111730654e+06
1.062796293617198942e+06
1.106933232543994207e+06
1.060977626629097154e+06
2.172806059741094941e+03
2.144734160908177728e+03
2.252880924098542891e+03
2.068261576871213038e+03
2.146973424104333390e+03
2.264637029846111545e+03
