-3.089783434898316773e+04
-3.158662520415739709e+04
-3.243246994879412523e+04
-3.260299537280410368e+04
-3.372459223580190155e+04
-3.368091760325789801e+04
-3.448614357370332436e+04
7.263214929193748534e+07
8.208957028669086285e+06
3.865090984704258293e+07
4.762416052808050066e+06
1.090046404524676323e+10
2.134046057518481102e+05
2.848472377563419868e+05
1.555068630063981109e+05
2.825386487875667517e+05
2.468820016836896830e+05
1.202902372981661186e+07
1.487011727218070813e+07
1.423332349807414040e+07
1.587622876183547080e+07
1.522993760601492785e+07
5.017295277153540403e+06
3.524233945352562238e+06
3.846984371513281018e+06
3.807840894441588782e+06
3.689335116271046922e+06
3.814102782446776982e+06
6.029651017574475845e+05
1.938989851218540283e+12
1.545127344457454681e+08
9.499267187710542977e+07
1.162148660106864258e+12
2.763958105966336653e+07
1.914528736731401825e+10
3.715948486025649548e+09
1.372385257765025902e+10
2.274658900585528463e+06
2.776753616786399391e+06
3.263320229240705259e+06
2.447536787525230087e+06
2.500643195213461760e+06
2.197956888124101795e+06
3.372269683560865466e+06
2.799044770620165858e+06
2.874678854651298374e+06
2.368743074451616500e+06
3.531030724236858077e+03
3.148376268008054467e+03
3.388729527997260448e+03
3.422451262468093773e+03
3.302369759575231001e+03
3.574012309367681155e+03
3.558656656880659284e+03
3.635288931095798034e+03
3.606332817657006672e+03
3.162655471924837912e+03
3.461921396805584664e+03
