-1.765218553140398944e+04
-3.004012093003762857e+04
-3.077308960420703079e+04
-3.165447315566651378e+04
6.184225836386430740e+09
7.120620230349366553e+06
1.005737452760928683e+07
1.108548633839835785e+07
2.769252187035767565e+04
1.146770053695802391e+08
3.063085547455807924e+08
2.037423065980823594e+05
7.906477897435117188e+11
2.260251062889162917e+06
1.531509521201004375e+14
2.389779294448909163e+08
1.689901928708659708e+08
1.724364623600827157e+08
6.872628932134775817e+07
6.489098787693031132e+07
1.095557506460756995e+06
1.567250166571204424e+09
2.840065389542376518e+09
1.622768606567908096e+10
1.007368991865725489e+06
2.439792635025663376e+09
6.162067705927973633e+11
2.748649994907994289e+06
1.930729398100783117e+06
1.968275169700128725e+06
2.507109947685083840e+06
1.909741489114136435e+06
2.056356736205196474e+06
1.575370188655870734e+06
5.216559291613608366e+03
5.343094499994302168e+03
5.270177629641228123e+03
5.093962936878757318e+03
4.864370124125242000e+03
4.880903794306563213e+03
5.353738948174141115e+03
5.341352071374072693e+03
5.286695558099250775e+03
5.096654359926731559e+03
4.801810995496693067e+03
5.001828209961822722e+03
