-2.870864598745520198e+04
-3.010976277956317790e+04
-3.049542964165848389e+04
-3.192884312205789684e+04
-3.274257329571485752e+04
4.156175405509048939e+09
1.999298622436866397e+06
1.846061375843872083e+06
2.391208883306966163e+06
2.195763038337507751e+06
1.685799156665333081e+06
1.993433806701290188e+06
3.965906085845031310e+06
3.685532929965796415e+06
4.786211064710238017e+06
3.758401213673347980e+07
4.365513222203354836e+09
4.596976663928800821e+08
1.330230714345749531e+14
5.152860257257602692e+09
1.556794282062435988e+06
8.718485128183063507e+09
2.243337872255747020e+07
1.108016712524628825e+07
7.002081151523860171e+03
4.784980403544148430e+06
3.801936624055721331e+06
4.943378748641055077e+06
4.254261158764578402e+06
3.913570781253442168e+06
3.630342522862789221e+06
2.916585515408037696e+06
5.411403569434431076e+09
1.285274268829444647e+09
8.003871718860745239e+10
1.422550105434180878e+05
9.205868601846483350e+07
8.902169297953626513e+07
1.468904005669172049e+09
1.612589539815432765e+07
2.795856865153171062e+09
1.149748634224091768e+08
4.837479917400778504e+03
5.195239449820393929e+03
4.998757971523329616e+03
4.927259213851502864e+03
5.023082339276588755e+03
5.036162987548130332e+03
4.847249432342359796e+03
4.802554095119121484e+03
4.880263175017578760e+03
5.260704846571548842e+03
5.236886511211050674e+03
4.812304323927324731e+03
5.063022073486761656e+03
