-2.780384268906306170e+04
-2.784620408948286422e+04
-2.872387075568912405e+04
-2.928631251034432353e+04
-3.026522232257171709e+04
-3.088291093762408855e+04
1.195969954061601311e+07
1.054024565543212183e+07
9.434602144013561308e+07
2.353959384077443779e+08
1.034276493253986686e+08
3.878821307218162715e+07
1.097710257526984066e+08
1.387296970887542469e+06
3.099237776940439224e+09
1.251761291789941597e+10
6.064337846925055236e+07
6.412808967846419662e+07
5.520544746679486036e+08
5.817115117461540699e+08
1.310390109743457437e+08
1.360586558344301701e+09
1.143862457494740725e+09
2.981505525865729153e+07
4.889227110049160004e+09
2.148771937879595160e+07
1.540993923821666837e+08
4.415523317098163605e+09
3.898635035275923252e+09
1.806626777350158691e+08
6.442962585118807107e+07
6.406847237886660099e+08
5.269295143704291344e+09
9.529870483812166214e+09
3.227199553473005295e+09
3.860477619792460799e+08
1.503780019071322680e+08
2.649801017267099917e+08
7.532710894540126901e+03
6.951419216833717655e+03
6.896052955105522415e+03
6.889644732455606572e+03
7.699928208765748423e+03
7.366537236789852614e+03
7.675729292764794081e+03
7.526345483156968839e+03
