-2.673893526686874975e+04
-2.791093841030059411e+04
-2.934194350539263542e+04
-2.936334721216159232e+04
-3.019562041988472629e+04
3.466115769260793924e+06
7.401117823846065439e+06
3.304464409114231169e+07
2.777472374266659021e+08
4.453524594612782449e+07
9.034058081300664693e+06
4.989406518106520176e+06
7.348678782417695969e+06
2.175634307473582402e+07
4.815942934478102684e+09
3.032062540902819214e+11
2.872806480270698667e+06
2.046586746030503464e+10
3.926961374537288211e+05
2.552840866977426223e+06
2.852319572243406437e+06
-4.620025441548650269e+04
4.826794259268985130e+06
1.843959187709986866e+08
-7.422672726992220851e+04
-4.168333005530828814e+04
7.833727596304730512e+06
1.767253409974963963e+07
8.364439388974578120e+06
8.452037622462585568e+06
6.525796481323641725e+06
8.800487412590274587e+06
9.452823726737244055e+06
6.092865886513418518e+05
3.905423021145696044e+08
5.820109924252731323e+09
1.267070099176135063e+09
7.406751781115104677e+03
7.773087140926450957e+03
7.027960756918764673e+03
7.203169971500406973e+03
6.941886461652495200e+03
7.384301145878212992e+03
7.655011470677214675e+03
7.559085914496099576e+03
6.978977732338535134e+03
