-2.358084063761529615e+04
-2.404727652107947506e+04
1.822475811748361290e+08
2.478443763174801320e+07
4.794214031467602539e+10
7.646180031278669834e+08
5.559791012690244293e+10
1.166263100989511982e+07
1.744645676077694818e+07
3.041364393552851863e+06
5.351050814330794215e+08
1.417385498221189249e+06
2.669221349177157134e+07
8.237758997568937950e+06
2.191033047488659620e+06
4.615054448738159180e+11
4.660765245137258433e+06
4.428226878556515090e+06
4.556393789258268662e+06
4.826125124023354612e+06
6.304210490622804500e+06
1.799443632951278612e+07
6.823563448965212330e+06
1.105800031922869384e+08
1.321281241921372795e+10
3.884170341163525730e+07
4.472483421417522244e+06
3.713359701554924250e+06
2.671197332024125099e+09
5.581367431295092218e+06
5.315142182551144622e+06
3.425193007164484356e+06
3.919867366860422306e+06
1.346456351947883610e+06
3.476568718586133793e+06
1.713735644137517316e+06
5.632726683436906897e+06
4.427770162137451582e+06
5.055292001278148964e+06
3.552828872826939914e+06
3.022659243413385469e+06
9.932217070086655440e+03
9.627476638473803177e+03
1.062076271594219725e+04
9.722625842469569761e+03
1.033653297246384318e+04
1.005442241999038379e+04
1.067899511009754497e+04
1.013886322357266909e+04
1.013979746064354549e+04
9.857085222928842995e+03
9.789280601890437538e+03
