-7.332314891775655269e+03
-1.746638867573771859e+04
-2.027523459649387223e+04
-2.150950568674119131e+04
-2.252342073385191543e+04
-2.308620634761064866e+04
7.643020335944734979e+05
2.562617802103338018e+07
1.821578967737963423e+07
1.079333109293821640e+07
3.442153660372394323e+08
2.027471345264199674e+08
2.762660644687297940e+07
2.563327630401144791e+10
1.310369198697110638e+06
1.360540732649095356e+06
2.043691644046881935e+06
1.422462966730205808e+06
1.427160320428892039e+06
5.506332096911652014e+06
3.718755800703016110e+06
3.921969072401692718e+07
6.253093874730134849e+05
3.002621915177846095e+05
4.224325849657867802e+05
2.634270655012301868e+05
4.237598243695142822e+11
1.253491093221731949e+10
4.545682518307875842e+06
5.138200442491332442e+07
1.927638243531119823e+08
1.207322035372659564e+06
6.419029817065486684e+06
4.777975065387601964e+06
4.954602168065020815e+06
7.388088568502072012e+05
1.435259671373595484e+04
1.398794244787356001e+04
1.460254993183541228e+04
1.448574442377686501e+04
1.443675909962668084e+04
1.386672663996371557e+04
1.449292244194261730e+04
1.360171129551500781e+04
1.391806892838637577e+04
1.392135371524287621e+04
1.469663756951128016e+04
