-1.585581965853611473e+04
-1.878531967137071479e+04
1.098816686095042853e+06
1.303989967549652793e+06
9.189498650003662109e+08
-5.633660394707660453e+04
1.207685376355356164e+07
9.839435551197179593e+05
3.143510371196259279e+06
-8.857575165974802803e+04
1.182517190399123589e+06
3.004733542653324548e+05
8.186248623683915939e+05
2.152292866008802084e+05
1.257739495228800058e+09
4.562543770827781409e+06
3.900497441813099431e+04
4.093361933529705857e+04
4.143547394500394148e+04
-3.167503065431168579e+04
4.681872211901108027e+08
2.709188022233523428e+07
1.923236530068957520e+10
1.945825129958111644e+08
2.275154389235435486e+10
4.391721502924008789e+11
1.437132481314973719e+07
2.868740826531549450e+06
1.209341601113223471e+07
3.775881866829377599e+06
8.286269446885762736e+05
2.901415880294594169e+07
1.781774201297867112e+06
7.640539184276774526e+07
1.572548668017024174e+06
9.405172837246892452e+08
6.235777923686384410e+07
1.328652224128536182e+04
1.474275461264702608e+04
1.409597244905860862e+04
1.472752685895891045e+04
1.368888914818997728e+04
1.359669299894649885e+04
1.387900983867386822e+04
