-1.465917698052583728e+04
-1.806271880748874173e+04
-1.848683454599140532e+04
-1.860179449052943164e+04
1.848955374305294275e+09
7.426402949248193204e+07
3.391241743238211144e+06
-5.924015725226123322e+04
3.182105254966418266e+09
3.783635779070861340e+08
1.228154796048047180e+11
5.696240399486945868e+08
2.728357239474610891e+06
4.532697014316895977e+06
4.176156505920571089e+07
9.360717598943483353e+09
1.681667269238582230e+05
1.656692764808369102e+05
1.532545503269765615e+09
5.712365477477651200e+16
3.431691522627365500e+15
3.612845630366614088e+06
1.126077387452284747e+05
7.004693506085580444e+10
3.881375448419787288e+08
4.338805685976790846e+04
2.543955399261972308e+07
9.293357358319830382e+05
-3.099645187455185805e+04
9.386809247083945957e+04
1.175671335885773897e+09
4.976718677167399406e+09
7.697268362156243529e+05
1.965442627533237101e+04
1.790850412518036319e+04
1.838642297917575343e+04
1.883897535082258401e+04
1.831622468011706951e+04
1.817994315572787309e+04
