2.196080399502681494e+08
1.903139126112801135e+08
5.145150556369892508e+07
1.688471070541004650e+06
1.227885674909290695e+10
3.425968975343810022e+07
4.014702808739316463e+07
4.350922996378033125e+14
1.132652423819701821e+08
9.172570449498370290e+05
3.561470643944934011e+08
3.086746320452829241e+05
8.461088125708405674e+07
1.455268648338517845e+08
6.176009353249901533e+07
5.453770138453113288e+07
6.545131245726111811e+05
1.521441299980994128e+07
6.339029641950693130e+08
5.908616487493554596e+05
5.913540847422636580e+05
1.752571914404292766e+05
6.041757872080423737e+10
6.267729579882937431e+09
1.632429802937579155e+08
1.966626992830938846e+07
2.413570315773030221e+08
7.149911911979413126e+05
1.576717556193615543e+06
8.921556410072462168e+05
5.956167313849424245e+05
4.693986381614921615e+06
5.554331769364733249e+06
4.583036427907333709e+06
3.948774284117483534e+06
3.491443036955915857e+06
4.467177046889754944e+06
4.579692148837625049e+06
5.696571594226198271e+06
4.548627700402147137e+06
7.783874876799523830e+06
3.483361625302647706e+06
1.939373849422438070e+04
1.996667654287259211e+04
1.842617017244099407e+04
1.837501342966241646e+04
1.918524158915184671e+04
1.833629855509594199e+04
1.983044632538297446e+04
1.790550682417114149e+04
1.853255222758854507e+04
1.963976355345142656e+04
1.971980663044497487e+04
