1.151003257364827732e+03
-7.266028499606883997e+03
-7.569886983082458755e+03
-9.575641697454881069e+03
-1.017376165012595084e+04
-7.706121767536309198e+04
-1.227876175362620270e+05
2.553244110561342910e+06
3.433477182798921596e+06
2.089333866009373218e+06
2.161528883270694409e+06
6.064240583712456375e+07
1.575490066778732300e+11
1.480894076357830316e+07
4.943519196204030886e+05
1.979906067022239044e+07
4.283387719167575240e+06
2.059134618096817983e+06
3.084130767896321602e+06
2.992820384435822722e+06
4.450474501955623738e+06
1.994365918999339687e+06
1.340333894243631172e+10
3.044129737405966282e+09
6.256398299207581207e+06
7.799956100596515462e+05
-1.587722436023750051e+05
1.024054929530980764e+06
2.293562580074237194e+06
7.071422475360722747e+05
3.064193919605578296e+06
1.917263476043347269e+06
1.133767701894822065e+06
7.796765214016996324e+07
2.977122877764488384e+07
6.262672160486171953e+06
6.857909012387664795e+11
6.330994428990149498e+08
1.744240655276402283e+11
2.011548839546206250e+13
9.800955605063340068e+07
3.237944086459950447e+09
2.755568601133771515e+10
1.033451946625834375e+13
5.805058340033431244e+10
9.661212072632076263e+09
2.548547867835880606e+04
2.474734118643691181e+04
2.617009889540524455e+04
2.589426378292666050e+04
2.457454202867485583e+04
2.449492563301071641e+04
2.606851193385449005e+04
2.407280353772480157e+04
2.602791934203580604e+04
2.527574717714256258e+04
2.552894716809125384e+04
2.593447428118827520e+04
2.602801640297000995e+04
