3.938346514033462881e+03
8.244480635557119967e+02
2.110510303921968443e+03
-1.579064555357923382e+03
4.934764917401917046e+02
-1.263172219902779034e+03
4.872499547664692625e+06
1.184053331121649034e+07
9.688970505771996975e+08
1.655546251781990286e+06
1.223420509406252997e+06
2.098391411967506167e+06
3.704790552691634744e+07
1.544373360518898582e+06
2.284070127068184782e+06
1.488971708700401476e+06
1.364756529096553335e+06
1.190065531203691711e+11
1.529757919690477252e+08
1.571811627290496521e+11
2.956620805571843125e+14
4.261260999476969238e+12
2.366123627288751886e+05
2.309763554786961377e+08
1.150471174243240662e+11
1.347563435958191939e+07
5.172707747262458317e+06
3.361193401467128296e+11
2.852225141630360031e+10
3.902030362367950147e+05
1.058978096267129527e+06
5.851792484726046094e+13
5.153058912731721252e+07
1.334085767539473309e+05
3.127596724404554814e+07
9.388295815878049135e+08
2.756888328995569423e+07
3.844791676012479663e+08
-5.779609117979003349e+04
1.565889727822713554e+07
2.734209896655742645e+09
1.181639169723743340e+06
2.105584350262809515e+09
4.322538881796003319e+06
6.611876817304602051e+11
7.552561157881646729e+11
9.640631491814258043e+05
1.392468715041097403e+08
7.306160794749784470e+07
3.400477657698915573e+04
3.308240351177103003e+04
3.213698525470387540e+04
3.462052774245195906e+04
3.462344579776062164e+04
3.332938383466430241e+04
3.337958360769905266e+04
3.505463802497068536e+04
3.357752237471487024e+04
3.473366374278819421e+04
3.553370706145639997e+04
3.387463533737967373e+04
3.560361350593881798e+04
