5.356711182471703069e+03
1.777266555205336772e+03
1.172914633634268539e+06
1.285168546622361946e+10
1.153625759211748606e+06
1.035034605948407575e+07
1.036234495002115145e+07
5.099602362234159559e+07
2.739242535262320042e+08
8.795276640378198354e+05
9.430583281131034018e+05
4.220891931385775679e+05
1.145565309522219276e+10
1.578781297561691895e+11
3.208822270360056427e+04
1.213576406516154530e+06
5.651794387168106623e+06
3.741985916891257465e+07
9.584396574865275994e+06
9.497359724693596363e+06
9.679353996623944258e+05
2.926073988838994876e+06
4.346171860411454923e+06
7.743494519577020407e+07
5.608856417535945028e+07
4.181248213931262493e+07
2.136452629346931577e+08
5.899140878880740702e+07
3.206919646802492440e+07
7.004414274295970201e+08
1.598703496277299710e+07
8.154763483983046375e+06
1.015390090593383980e+10
8.408879997412977740e+06
1.582043627686604625e+06
1.675853840425317176e+06
1.615903303931413684e+06
2.529285357411593199e+06
2.761931600595354103e+06
1.453048914356128080e+06
1.943368867121946067e+06
1.589241454885665094e+06
2.657291742303151637e+06
5.403069048693642020e+06
3.289432851941793342e+04
3.321463906103515183e+04
3.443640887412187294e+04
3.473719422713640961e+04
3.413616248254827224e+04
3.469611307785761892e+04
3.522202621422626544e+04
