-1.179872669338525156e+03
5.508173292643704414e+08
1.267023994888322353e+08
9.723054128570013046e+09
2.587617274691914320e+08
8.829236276667687297e+07
1.100249422888415813e+09
6.643946393363630295e+09
6.051297442469172668e+10
1.791236947249276564e+05
4.693137256356733851e+05
8.908090837149051949e+06
2.931847605529848486e+06
5.889926793397302739e+06
5.422502476056258380e+07
1.737764991257517785e+07
2.926299064831616879e+08
5.903354690872828960e+08
4.242873138482033391e+05
4.822652099772141874e+07
4.233146783096318054e+10
1.769168342134294212e+08
8.540391631837478027e+11
6.838889241774714552e+06
1.175808565341234906e+06
5.008572655464598793e+05
2.299524941566421767e+05
2.393185845921692962e+05
3.453310853925121948e+06
3.697037142980881967e+06
3.654412505448722839e+07
1.554731568182076095e+06
1.999577983083144948e+07
6.930162090445558541e+06
7.645798946580191040e+10
2.983176182057103142e+05
3.028243459820150137e+08
1.415867549878313439e+06
3.221754261713953614e+08
-7.290773387581341376e+04
2.349355987378843129e+06
2.481780528964796364e+08
2.083089641989751020e+06
5.397089829630782127e+09
2.396453609103339724e+06
4.222899834540687501e+06
7.092690966334722005e+06
3.382561118898916175e+04
3.557446547248333809e+04
3.486999618874723092e+04
3.439257711557036964e+04
3.218053727706894279e+04
3.423357398676726734e+04
3.330312109394307481e+04
3.354463258317051805e+04
3.430829268754413351e+04
