9.860205948859795171e+03
9.547871771199497744e+03
9.510624949916251353e+03
3.803588069836367130e+09
3.757109575186241418e+07
4.359552042998287943e+05
8.678700059217896778e+05
1.377168069734128891e+06
1.846252350004584715e+07
1.410714992056707153e+06
4.334394644705874962e+05
1.199414652485147351e+06
5.247694893628309481e+06
2.243480091925452352e+08
2.114212026287635963e+05
1.613405444146004971e+06
1.631368431207449874e+06
1.798314366999733960e+06
8.018059943051179871e+06
2.539428338833105750e+06
3.815619919042793103e+06
2.145070200169291973e+09
3.162397737824763870e+10
5.036201843793925643e+07
5.560724552438066155e+07
7.727007282431817055e+08
4.566234321807374358e+08
-1.473131931720098073e+05
1.610762744602298828e+12
3.852499617191142868e+06
1.152999331496833414e+08
6.245732158569592285e+10
4.427404899305101717e+05
4.920102411458071321e+07
1.357569635562775433e+08
1.379768809448824823e+07
4.838309087747951038e+06
2.333149932593501580e+04
-9.504420112349002738e+04
7.527707651868626475e+06
-9.396650249156668724e+04
4.678522362681285858e+09
4.588000986855748110e+06
1.707584729069479555e+07
4.721521021178366616e+06
3.586418227101347446e+08
4.496390933498626691e+04
4.332881641373079037e+04
4.542969549715961330e+04
4.575969929922814481e+04
4.332509871019452112e+04
4.402499225725859287e+04
