9.599622169943595509e+03
1.135697270563490747e+04
1.061993084620254376e+04
1.100490929093101295e+04
6.052791414298563264e+06
2.507837648417758569e+07
1.424475520046277046e+10
1.341824476178254001e+06
5.520626429535124302e+08
1.130019566792698111e+06
3.409760104483422358e+06
3.071660868621523492e+06
3.768744229990752880e+06
5.524527728426033631e+06
4.143253797694525757e+11
6.194210426220311970e+07
6.445740667474191189e+08
4.582640213225080566e+11
1.052448811397884041e+08
9.735741572645535469e+08
5.678063675980192423e+07
2.294261000606929418e+06
-1.561252292825754266e+05
2.529207851970837917e+06
3.383402909026058578e+10
4.880958522380921640e+05
3.633534602397116089e+11
8.529287316027307883e+06
4.040768698394185305e+07
1.387996940363574743e+09
8.296302763707683563e+09
1.183896796620877385e+08
3.816334154046498239e+07
8.690384111219942570e+08
2.991543570535147190e+07
3.060216312142272592e+08
4.569873638937092619e+04
4.393246920469275210e+04
4.506181912727607414e+04
4.493490782661180128e+04
4.396721783211446018e+04
4.446895710662601050e+04
