4.236119027902111702e+04
4.598321610688362853e+04
4.016673607989713287e+10
2.090786339349770784e+09
4.006362074978031963e+07
2.973382844865338504e+07
1.292783670183909655e+09
1.082637582690350533e+10
2.397716566702124774e+08
6.173544270801831968e+06
2.705788375755404234e+08
4.024632187796734273e+06
1.056529398835390573e+06
5.366014376384263858e+06
5.086246211013397202e+06
1.393526921410439536e+07
4.317956504069649382e+05
1.679885667918911934e+09
7.010238916320027784e+06
3.002820988558314368e+07
3.719088760018612957e+05
1.412002192635083199e+07
6.008715632956021000e+05
1.987805458396361209e+05
1.270238302736111451e+06
9.667311034868925344e+05
7.190832879859171808e+06
3.856373961423953064e+06
9.353279745035208762e+05
3.150154356802535248e+10
1.707898705015377045e+09
7.755251935027663596e+06
2.402213435344470199e+06
5.012069051732839085e+06
5.366665620728723006e+05
-5.627154243499564473e+03
2.673210449957880192e+06
3.306532157299079373e+07
7.545732318745425437e+04
7.653492559652111959e+04
7.777057326917420141e+04
7.722178227341716411e+04
8.160296496990148444e+04
7.759515943572274409e+04
