5.103161223474168219e+04
4.832322361112176441e+04
4.980965927111259953e+04
4.320326086833614349e+09
1.471193993676699996e+08
4.874246383195637912e+07
1.436683524078428512e+06
1.291581883121101884e+06
9.771204125337400474e+05
4.243877802418814182e+09
4.984830785979827493e+07
7.935868761062332429e+06
8.252344413523285766e+04
1.295653026111617088e+08
1.733415257904001698e+07
1.180871589587496780e+07
1.170413055443258435e+08
3.728508237455930710e+09
1.867745549972007982e+06
6.454430722663270682e+07
1.498869801614223421e+07
2.241070334098084643e+07
3.477288835422912234e+04
1.929077893837665394e+07
2.636323855280028656e+06
3.675319150997453332e+08
2.359003250013643410e+06
1.333772998678699369e+05
1.941329292539155185e+08
8.332240068443664350e+05
2.954901058553668484e+07
1.136329457212751865e+09
6.423012793645729544e+05
8.412532246075194562e+05
8.163634254146216437e+06
4.788965494363807375e+05
4.279816889352090359e+09
9.763469251215218101e+05
-9.708012491793339723e+04
5.218139725374088157e+05
3.471209067458648933e+05
7.721515245142470598e+08
1.347751762474672124e+07
1.905520179049307480e+06
6.469913464082812071e+08
1.123240103155270964e+07
3.445949054001206998e+06
4.185494817214489746e+10
1.023056100853696838e+07
1.156963699793763012e+08
4.510914053414814919e+07
6.400044695566039062e+12
7.696092720932728844e+04
8.020627115820045583e+04
8.048294706745172152e+04
7.991839800614590058e+04
7.678412852594518336e+04
7.711406489542999770e+04
7.835898449455708032e+04
