6.178322749411126279e+04
4.651403498538284475e+04
5.607664764777700184e+05
7.472900080546928570e+06
1.708202044896688461e+08
2.822740847672809601e+09
1.746150894824182615e+06
1.954121436153011164e+06
8.915531919977612561e+05
5.817092045721983910e+07
9.692676476856842637e+05
6.861187654285330325e+06
1.350677968793616816e+07
1.393686278323486261e+07
1.886101402357375622e+08
2.667503071397305466e+05
1.038896997464464046e+06
9.198891484023744240e+06
5.772460466557453613e+11
4.981045221626988612e+06
2.594628369627031311e+07
5.133864441745383292e+07
1.395862417557102442e+08
1.679611202218088379e+12
9.530995560468565673e+05
1.271345843653449267e+08
5.716446253661169857e+07
1.885589093613145407e+06
2.021682423140157318e+10
6.505576731943104267e+08
3.131072162588664651e+04
2.369969964787699219e+12
-1.555809716377970763e+05
1.778001463040040433e+07
5.597170282241867483e+07
5.734237573640687391e+06
3.235660385372701567e+06
4.839817730861332268e+06
1.931168405190736428e+07
4.076289399252364878e+06
6.155008075621449389e+06
1.620896628121677600e+07
1.882774408803505898e+09
4.296511822527904063e+06
2.355545557036947459e+07
7.834678125786501914e+04
7.496901890975196147e+04
7.942884042652777862e+04
7.840393633029836928e+04
7.688402713146561291e+04
7.709143444489320973e+04
7.572531247142778011e+04
7.474004756864818046e+04
