7.406206492571772833e+04
7.237235864446745836e+04
7.832256128718136461e+04
7.204450246241704735e+04
6.544682283912487328e+06
3.920939299242402427e+06
3.310129609978154297e+11
8.883614163270816207e+06
2.415458013805752620e+06
1.128479629111684393e+06
1.215907173765493184e+07
9.661018354783270508e+06
1.337402187330405273e+11
5.411491102090386674e+06
3.807572083697525263e+08
1.354085962888439298e+08
6.745548095516960137e+06
1.912268511719423532e+07
1.043389790088655544e+06
5.320598318465170451e+06
1.403639836377053056e+06
5.426330787877931446e+07
8.535158328608332872e+08
1.242122975371836871e+07
1.301285618710777998e+09
6.248216688310346603e+08
1.021846601748119295e+08
6.828845840021656799e+10
4.290240129512082785e+06
6.412459910678319931e+08
2.604439316052122414e+07
1.288665444900064707e+09
2.245065259788904688e+13
3.155746496961873025e+06
1.302011601832520450e+06
2.060677472180054709e+07
2.788475739055886399e+06
6.456057549797846079e+08
1.269205918284182437e+06
2.017837260173745453e+06
3.189432634980618022e+05
1.294392684606053634e+06
2.213006159653820097e+08
7.782255513117139926e+05
1.726155918324931758e+06
5.914167174017159268e+05
3.353190558607854415e+06
3.427161693524207920e+06
4.513857952476477949e+05
4.509222991509146523e+05
2.593914655793438666e+06
1.050679884437015280e+05
9.845358351560664596e+04
1.059976237135609845e+05
1.057925123299984261e+05
