9.615074083169284859e+04
7.797211889792137663e+04
7.276660620727823698e+04
6.633537123606933164e+04
6.675449095421988750e+04
3.818892721992390696e+06
2.518261570933472831e+06
1.515543596000968711e+06
1.459346226888824254e+07
2.021024513694288675e+06
1.124232114287439585e+09
3.837432142977061462e+10
4.543904642959089577e+07
7.535343415702025592e+07
4.147623641450188309e+07
5.923531816625418141e+06
-1.268520900216289738e+05
6.214973831624783343e+05
2.374346120138140395e+06
2.593953822672759648e+06
1.068087668398113456e+05
9.203466984359940290e+08
5.924570732176674530e+06
6.494013626257688999e+08
2.204398246470797434e+07
2.990886290140940918e+12
4.602771125469980469e+12
1.005689367583551258e+07
2.060728971583345439e+06
8.929565170574290678e+06
4.483580444268816151e+06
4.674313632289611101e+08
4.897017767684289844e+13
6.219663482492052019e+06
4.169822732691878453e+06
1.677074409172305139e+06
1.447022190660293214e+07
5.246686544393036747e+05
8.183078998398613930e+07
4.799793554022564739e+07
4.471653243349889526e+05
6.625209378782641143e+05
1.028023578691894072e+05
1.029847386823927518e+05
1.017645656578144990e+05
1.041471863712345948e+05
9.880449980129534379e+04
1.030394339438050520e+05
9.714129343311756384e+04
1.019843831124184071e+05
1.029297418411852559e+05
