1.014045920087313280e+05
1.121030041153518541e+05
2.615786181935173925e+06
3.186638687381055206e+07
1.420229660803284962e+06
1.431882012162942998e+07
9.406833039438754786e+05
3.268587286595044285e+07
4.205576736140968651e+07
5.136851930333834141e+06
4.034989559617846273e+06
4.288212473496708088e+06
3.245325837271450553e+06
6.138564030340920202e+06
9.504778500119028613e+05
7.260433629722574260e+05
6.618158469854953699e+06
2.900863644166725222e+06
-1.018580214464009769e+05
1.571256234346414566e+10
1.232007254222430661e+07
1.208983240168211182e+12
3.566385151833051350e+06
1.102644991386114154e+06
6.070515343934898823e+07
2.934518494747230783e+06
3.462659190083272755e+07
2.280138839954620600e+07
8.224320497343594208e+06
1.371591002715113573e+05
5.285520410716908574e+08
-8.339086613819944614e+04
6.540580336293737637e+05
1.005136898510184838e+06
3.656392075252105715e+05
1.559308589930879772e+08
1.112393783108488284e+07
2.511160413879856467e+08
4.238505356843186021e+08
1.370159616050581075e+07
3.040034924238486290e+08
3.192706005942781568e+08
1.129309824328603782e+07
4.932509708346500993e+07
1.522634743170483093e+11
2.631562720343615055e+09
-3.507183341394038871e+05
-9.192308520757709630e+04
-1.723204291749394266e+06
-3.773583924855015241e+06
-4.749025539794142824e+05
-3.242080979307419620e+05
-7.682641894769086502e+04
-4.817075961090313271e+06
