1.570828239606656134e+05
1.561231993259722076e+05
1.567000911461882934e+05
1.507032419418517966e+05
3.222028479969346663e+05
1.779029462965053390e+05
3.810428890479136944e+09
1.034242297111614823e+09
2.221853349630357698e+07
8.386790846419014931e+08
2.640149982325056839e+10
6.211833949605701491e+05
1.118874109329842264e+06
3.428932219320631027e+09
1.327977440625056252e+07
1.241572577876270749e+06
1.540288285024757264e+06
2.144936190537936054e+06
6.622001387979183346e+05
1.863684871311075054e+06
3.163032407573109150e+09
5.325834650349726528e+07
5.555067139869419861e+10
6.203143925241251373e+10
4.708058688592174530e+10
5.324424849434512109e+07
1.779713946874428558e+10
8.042682335598146915e+08
1.094712281931835449e+12
5.602850369625763036e+06
2.131799429833247513e+07
2.238413167995905876e+08
4.973704279917276464e+06
1.613092555931013077e+06
6.845822119426604360e+06
4.541518570465782657e+06
9.512364619498208631e+05
9.491477284734921530e+06
1.135665633543153809e+12
3.236468152151712403e+07
2.331544845416006073e+07
4.299997229163063765e+08
1.108424242970201559e+07
-2.355213139540441800e+06
1.917441066005548537e+08
-2.045677585193302948e+06
1.546911480110963993e+07
4.124438279458002448e+08
1.186983059855145589e+07
6.817984066319555044e+07
7.530387154217872769e+06
1.708625779668108821e+08
1.904039428681913614e+08
1.396344150714612193e+07
1.039583820910525741e+06
6.975947584683725238e+07
