2.130010700148911856e+05
2.208498642927253677e+05
2.203984250231756887e+05
1.986954476171326824e+05
2.191302305638765683e+05
1.201406944568867330e+06
1.838107976649572141e+06
3.254884876696871943e+05
1.574647465305435359e+08
2.336940053621013067e+05
4.508961705596389365e+05
3.783296421487400532e+09
1.063789944264022559e+08
2.619521547101002932e+08
1.173687113899963908e+07
3.604942840874898434e+09
1.780183195426100574e+05
4.200560300150620751e+06
7.594177750214707106e+06
1.767365869035183860e+05
1.781573945986464387e+05
9.515222285098684952e+06
2.502255975434358232e+06
2.709187874995688722e+07
3.944607126134207845e+07
6.261396619568394497e+06
1.375403166398649570e+06
6.874131856984569092e+11
8.820652751949969679e+06
1.089747025820201784e+08
5.700720711948536634e+08
2.868015355957840085e+08
4.037598233701443300e+06
3.215578726772915363e+09
9.772356031476840144e+04
2.038441248292560875e+07
3.241810793580557778e+07
1.103844274731759541e+07
1.051757735132652451e+05
2.114042948688117065e+11
6.079807430812481642e+08
2.313197430129822754e+12
-9.126912825313216308e+04
6.212305865872719765e+09
6.012919697813434526e+06
3.650650795805248432e+06
