2.763144850347000756e+05
6.524152210215941072e+06
7.086705620183432102e+07
4.729843022336637229e+07
4.551023122565002739e+07
1.570736851217802381e+06
2.984376124424000154e+05
1.875396857707065064e+05
5.307988987842485221e+04
4.975962193127093315e+09
2.419101333921388723e+06
1.448918586878919275e+06
1.624185422903212253e+06
7.786205025751516223e+06
5.167005114456775665e+09
-9.387060064249570132e+04
8.133652376849853992e+08
3.494358844329076172e+13
7.550866995307645202e+07
3.200230215189311421e+05
6.233555242529063253e+05
3.443046047014598735e+05
4.270884652754223789e+05
8.654177368666903349e+05
1.678628690159749473e+06
1.755382117861798763e+09
2.261073142127508670e+07
1.892224259683667496e+07
1.803853497265544254e+06
6.805217922692933655e+10
1.742526461194612793e+12
3.856804269861963112e+05
2.517565102786365051e+11
7.542736538987265825e+08
4.349734053429509513e+06
1.777827324015063095e+10
2.288432678785302937e+08
6.179099583895134735e+10
9.510591406584328040e+06
9.010617212469030619e+08
2.112191210726190358e+06
7.289352760847523808e+06
4.884321811245753288e+09
1.388337719159002881e+05
3.926268005289441440e+06
5.658576292389449477e+07
