2.864545671445017797e+05
2.961237942877255846e+05
3.272066836909364443e+06
3.581736338477468234e+05
6.482318376822224855e+08
2.449785711988629532e+10
1.541558631419756114e+08
3.000786251177012920e+08
1.465007937960630283e+07
1.846284942276738358e+10
1.300271564079765417e+07
7.214796130532746902e+05
1.544052557337646605e+06
7.266480767396645388e+05
2.255164877137536823e+05
5.868865982158984989e+05
1.358782420145458775e+06
8.091689175253943540e+06
2.777389275870160758e+07
7.812978165312210098e+06
1.893194888672812283e+07
1.153975363808720016e+10
2.783925360111495014e+06
5.346792419811212458e+06
2.298187062621585131e+08
2.854765876123666167e+08
5.213519521662788466e+06
9.056165464159421623e+07
5.517443916387022972e+09
2.496192078085916582e+06
3.190479041371147537e+10
7.916916109238704666e+05
7.164997948203785345e+06
5.062663391683364171e+05
2.473231357171656799e+11
5.444816715089173988e+06
2.284615581745510864e+10
-1.019681428046637680e+06
1.793490860679420233e+08
2.677992730357315979e+11
