3.894819442569706589e+05
3.709810357705646311e+05
3.876873906524851918e+05
1.537096789315389702e+06
2.603539342881594319e+06
5.634848831345172599e+06
4.203027515209506266e+06
8.543630314921854734e+08
1.982406308998197690e+07
2.312781306773236990e+08
1.329468232769852318e+07
6.817899501450312091e+05
3.753099538542440860e+05
5.569448072842890397e+05
1.889441815587313147e+06
1.202497578634561971e+06
2.077133401019679150e+06
4.343835266998117790e+06
2.314975369016006589e+06
1.277636634551423602e+06
2.188865674516865518e+06
8.471845805080918595e+06
5.827372653416217072e+05
1.859997424037432997e+06
2.655415953623874113e+07
4.051177179381603491e+04
3.820817080272566223e+10
5.098733268157076836e+09
5.602469277448805515e+05
3.692889348702560663e+08
1.043803377518003750e+15
5.074121005682672374e+06
2.025119855695345998e+07
4.985252366107408889e+06
3.594246309005206916e+06
1.028521280725806253e+06
6.588147816122387303e+05
4.258635791520568542e+06
6.858305217089961516e+05
1.189640041346394923e+06
1.802114928523206618e+06
3.189872714828672819e+06
-6.585520181113877334e+04
7.014018443103028461e+06
-1.283612221017387201e+05
2.301015583807163930e+05
1.779824112194776535e+04
1.158309987453298818e+05
1.490141459530665888e+05
-3.626614283623709925e+05
