4.154803464396544150e+05
3.872290234853571746e+05
2.265361307196177077e+05
2.362457731476245821e+07
9.862877265085598920e+05
8.723995046700161765e+04
1.199752772359647934e+05
7.077219153489042073e+05
5.401721571311146766e+07
9.583392186833831947e+05
2.216221359124651489e+11
7.976876797679331055e+11
2.759613985431297302e+10
3.674296371775897569e+05
1.130376556265008636e+07
2.270379267705937386e+09
1.636329375355986413e+05
9.835289796829104889e+05
1.744769957955374569e+07
2.633326754366181374e+09
1.621689822133105481e+06
3.948932550848131650e+05
5.105915927423095331e+06
4.043016536890288442e+07
8.478995455935291946e+07
1.238430146889594793e+09
3.958987473479208420e+05
5.877944143124534935e+07
2.392650336272608547e+05
3.969813699144446373e+09
3.962170320972260088e+05
1.388061127460760530e+06
5.986138424264828209e+05
5.296819232620456815e+08
5.083342841341106687e+05
2.533093249424336106e+07
-7.172994523501029471e+04
6.201333350736175198e+05
6.229955531775562558e+05
1.045478723771396466e+07
1.131238362842901144e+06
1.144841022452055011e+06
1.428564253979115980e+06
1.108759947077128803e+06
1.205707625347203389e+07
4.387638480126526356e+08
-7.432193268594515976e+05
2.567130688144228607e+07
8.845705830141130090e+07
-3.099698973618601449e+05
5.695767481309418567e+06
