4.037210282793397200e+05
3.785008253088322817e+05
4.077993837343744235e+05
3.899855980523806647e+05
3.232808133218394220e+07
5.979951820087954402e+06
8.738468382040974498e+07
8.031011739841103554e+08
7.771335633352235891e+05
4.875086606171785970e+05
4.288204368900369108e+07
1.302728323015218414e+07
2.084264151980372965e+08
6.290931018198176473e+07
7.140470588776786625e+07
9.936157037184873596e+06
3.749651581307599321e+06
1.031875520955277374e+06
1.849575171301504131e+06
9.045689957365954760e+05
1.049562081734848442e+06
8.339016403794307262e+05
2.029920505325804232e+06
1.143653667696180986e+06
1.031744269087747438e+06
1.045191147358208080e+06
5.685955365842389874e+05
1.247775454878524644e+06
1.115859433930672094e+04
-1.111964966475799010e+05
5.221776606520351022e+07
6.501307511210141238e+05
2.547941307687055692e+07
1.910125240992665100e+11
1.266387053081489950e+08
1.839255416172017455e+08
1.416517018842243254e+08
2.049135410999433899e+10
5.235997667105988599e+06
5.071393604883700609e+06
3.739884328497720947e+11
5.685452941513900645e+06
1.692788568815859556e+08
2.161952141017838940e+07
5.957319496673579561e+05
2.821970254616475850e+07
1.358284917740924954e+08
4.105682964354467113e+05
2.951800849455625867e+05
4.666812697068319470e+07
4.679936043573379517e+11
1.228465030413438797e+09
8.983241713380437851e+09
7.058452326038304716e+06
