4.078482656081028981e+05
3.874496165852139820e+05
3.913800437162732123e+05
4.067788681829564739e+05
9.583575609733340098e+05
3.014033328953151125e+06
2.697629606850798726e+08
4.885477579420894617e+05
8.320297799744815566e+05
1.394010953163609840e+07
5.274954972316618077e+06
8.482239481531996280e+06
1.725865598382490873e+07
5.586668588305597305e+08
8.502738866757805226e+04
3.304784664728789940e+05
2.027314395126858260e+06
3.727744814873217838e+05
2.943124062610670924e+06
3.060562535348693840e+06
1.953038421111920616e+06
8.100774595235146990e+04
1.636132716276147217e+12
4.383597715226670727e+06
4.656782607134476712e+04
2.759207324106445909e+07
1.568277563535689831e+09
5.292419394241804257e+06
1.776807321392607410e+06
2.417028094791067764e+06
4.717632092806636356e+06
4.592300222544015385e+06
5.934149705537590198e+05
7.685217619889756441e+08
8.340861244248400908e+05
9.131958798236633884e+05
8.966787405587225221e+05
6.571653765861788997e+05
6.647087448237452190e+05
1.413792676305848639e+06
3.535025423410661751e+05
9.147758383735892130e+04
4.888688181225049775e+05
1.317910869370148983e+06
1.526232923618564010e+08
