4.005546169671228854e+05
4.085467986482167034e+05
3.804133352661232348e+05
4.086412883903278271e+05
7.466284318376620300e+06
1.850589659549971111e+06
8.141541662430934608e+07
8.512921134670703125e+10
4.781561505773292854e+06
6.139206173724401742e+06
7.061599505927703343e+06
2.364944423263175040e+07
4.364908678031384014e+06
3.434539427475176752e+06
3.927593126352070272e+07
5.691579513378275558e+06
7.435433011632702313e+06
5.095291125961796381e+06
6.242129193346503258e+09
3.098113466200149432e+07
1.668272687779869884e+07
2.205874514566936414e+05
1.353781996809936166e+08
8.670221385199680924e+07
1.081575292623043060e+07
4.020644640967707965e+05
9.805270335682350560e+04
4.199742678861745633e+06
4.938512907181398012e+06
1.941070929476617835e+06
2.757260625216491986e+06
8.350817520661395974e+05
1.095433619252165779e+06
1.444408447895491496e+06
1.158893978262923658e+06
1.545572406955266837e+06
9.459296871505557792e+05
5.421729852033974603e+05
2.510138045835079974e+05
-2.056231358893488068e+05
3.942228096744279610e+05
5.720000687220552936e+05
