-3.244902329125281176e+04
-3.536536138965992723e+04
-3.739615393241151469e+04
-3.867799112764198071e+04
-3.973571552200102451e+04
-4.027727632792052464e+04
1.393769163333424759e+10
8.884303489941276610e+07
7.121850559701317549e+07
3.415182446437819004e+08
8.936879557509628906e+12
2.433837641328948047e+13
1.186192614496873828e+13
1.539107035414491211e+13
4.933994730216368164e+12
6.065010273213615625e+13
1.821947566581965387e+08
1.837681364466314614e+08
1.813580074594849944e+08
1.806661120344442725e+08
1.808168923197525442e+08
1.836171711622444689e+08
1.834759167257001698e+08
1.803437797072222531e+08
1.793138915283269584e+08
5.153238480803766251e+08
2.905276393222929001e+09
3.038552002863063335e+09
2.663964602591334820e+09
1.625677994556950580e+05
1.695270174633875722e+05
1.616562755520832434e+05
1.766847960890147078e+05
1.696950063912468322e+05
1.661318987022042857e+05
1.846236253142297210e+05
1.615198580136718811e+05
1.266136201464147866e+07
1.143241050546712615e+07
1.250810441348064132e+07
1.154517793516805582e+07
1.162783158587942272e+07
1.260241683780842833e+07
1.237675749861210026e+07
1.243187235621969774e+07
-1.831506261033064220e+03
-1.833109749215160264e+03
-1.827141970719676465e+03
-1.820615844202402513e+03
-1.827465452381176874e+03
-1.829138358180440264e+03
-1.829176471389946528e+03
-1.817603194946394069e+03
-1.818199425611877814e+03
-1.820393084918730892e+03
-1.829446413395286072e+03
-1.827820064816245576e+03
-1.828560573249444133e+03
