-1.152428154599547270e+04
-2.349450268057957146e+04
9.092500729374969378e+05
5.259278828704529442e+05
9.841082928755822359e+05
1.220548070637072325e+09
3.072440279335937977e+09
1.750022362283528805e+09
1.283237143747828752e+08
2.939865736473887041e+07
1.958143952233759314e+07
3.574016019215577841e+07
5.102463156279435158e+09
5.482806455458702892e+07
1.836463949411285296e+07
2.165021766104217991e+07
1.548358197366358757e+09
1.480441831056196451e+09
9.061482709022672176e+08
1.084979754154825449e+09
1.941040605402286291e+09
4.636177267000873573e+06
7.345301701048961841e+06
4.601193845240778476e+07
5.968396781833207235e+06
2.697610364011962414e+08
-1.189525220272949082e+05
1.288613413800414186e+06
2.720199469581080135e+06
2.653604018063864708e+09
2.999517967658510208e+09
4.057936504385873318e+09
3.643162001855485439e+09
4.502314526154138565e+09
2.991789020201462746e+09
4.059805833644304752e+09
2.358175898588061810e+09
2.835666084009413242e+09
3.336177822317241192e+09
3.478543994265285879e+07
3.991284553116109222e+07
4.129995688641861826e+07
3.594177648106791824e+07
3.836751957743573934e+07
3.156532815485823154e+07
4.061208805813447386e+07
4.441013006614130735e+07
4.481865339986770600e+07
-1.683710376798524521e+03
-1.668854794470127672e+03
-1.686109924875170691e+03
-1.663683379388181493e+03
-1.665356851183285471e+03
-1.683532917259843089e+03
-1.660200244300096529e+03
