-2.686838790691300892e+04
-3.171164427402219371e+04
-3.875330664278689073e+04
1.751860179098918736e+08
1.809619211341311634e+08
2.005054574987486005e+08
1.774214227992726862e+08
9.564276702326905727e+07
3.279563186187574640e+07
2.844997146733234450e+07
2.873994546575896442e+07
3.676223693153908849e+08
3.768665834082837701e+08
3.797435528566272259e+08
3.877294348607978821e+08
3.960477432715839744e+08
1.109397971814749688e+08
1.131507934155470729e+08
1.242593575804737955e+08
9.354182392339348793e+07
1.064502346832386404e+08
2.364284014098425396e+06
2.374455517141032964e+06
2.302648412404375616e+06
2.310792301403250080e+06
2.333927209945778362e+06
5.184482697880160995e+05
5.143574820394671406e+05
5.141272312363724923e+05
5.157501216605141526e+05
5.165698622207905282e+05
5.178942382611345383e+05
5.170929874650441343e+05
5.134535962173233274e+05
2.730707984384717047e+07
2.862475711017167941e+07
2.685783094439235330e+07
2.967718905911028385e+07
2.821508344375226274e+07
2.661274057320493832e+07
2.785210518274263665e+07
2.958347440317961201e+07
-1.655692468493944034e+03
-1.684068838068749756e+03
-1.678118901561771054e+03
-1.657011777458246797e+03
-1.655089420985139441e+03
-1.674676089120242978e+03
-1.685936870598437963e+03
