-3.584135570278416708e+04
-3.904051274218587059e+04
-3.951487266313609143e+04
9.228057201633818448e+07
1.427565146503838301e+09
1.671832474526658773e+09
3.430991653030648232e+09
4.201067896045352519e+07
3.274802686966114119e+07
8.071088791287651658e+07
3.109458547056903690e+07
7.144018381667859852e+07
6.082165624942842126e+07
1.133703829906727420e+06
1.136796950979155255e+06
1.126295544216321083e+06
3.833617954512301087e+08
3.976872102269405127e+08
2.744515121244998932e+10
2.232904832478368759e+10
1.514660546101362991e+10
1.200998090213515282e+10
1.267178642614397049e+10
2.941152698347329712e+10
2.046318448173955828e+07
1.847553046496555209e+07
2.078389015651307255e+07
2.050030928544042259e+07
1.341272442276929468e+08
1.400505950848402977e+08
1.179341409118621796e+08
1.438909028224971890e+08
1.412545898236107528e+08
1.325536833080604523e+08
1.192524442032212466e+08
1.363565932297271192e+08
-1.679958165642427048e+03
-1.685447658065706491e+03
-1.657582671841606498e+03
-1.671981494422478136e+03
-1.670340900262526702e+03
