-8.701381100084705395e+03
-1.111996423476182099e+04
-2.250884979050869151e+04
1.074726696097255684e+06
3.686937227807101794e+06
8.202612471330780536e+06
3.076088390728484988e+08
3.149816123691394329e+08
1.307384695367337950e+07
1.002775366313868202e+07
8.244074757652162574e+06
1.344251014678560197e+08
1.827281327906388938e+08
1.237232724713250846e+08
2.049814314252946898e+07
4.018830325757893920e+07
4.868588387802340090e+07
4.337305550917414948e+06
4.547138386799761094e+06
4.294091502368419431e+06
4.478023410967053846e+06
4.356234421766511165e+06
4.225213766951627098e+06
5.551909199998728000e+05
5.494981877444294514e+05
5.556063428262488451e+05
5.497250299461312825e+05
5.559353777252651053e+05
-4.976525228153849457e+04
-4.395770455364637019e+04
-4.628046366006181051e+04
-4.702066370094568265e+04
-4.647377846724019037e+04
-4.597699768702986330e+04
-4.485584366419380240e+04
1.541527483453655988e+07
5.149961373487735167e+06
1.002218412522546574e+07
7.156502784347102046e+06
7.395716219709333032e+06
1.122589899215010554e+07
7.658178068312402815e+06
1.307248046160701662e+07
-1.560555431213258998e+03
-1.564218818038119934e+03
-1.568336546614795225e+03
-1.566683794637821848e+03
-1.572210998173832195e+03
-1.555651958668720908e+03
-1.541536911122966558e+03
-1.544793693008832633e+03
-1.576850909013912315e+03
-1.540673598376306472e+03
-1.545762591170117958e+03
-1.564125982446246780e+03
