-2.617020483052767304e+04
-3.942474340459149971e+04
2.970186331592116505e+07
2.109628209697959945e+07
2.261394136981026083e+07
1.091011241139889956e+08
9.000186803284381330e+07
1.373311244332173467e+07
3.483844429802063107e+07
3.495431170169842243e+07
9.755622347804593155e+05
9.844463452732901787e+05
9.801859474953990430e+05
9.808102124557658099e+05
9.002664690692033768e+08
9.905925100266349316e+08
7.818594790990031958e+08
6.004758954380831681e+06
5.988030949246439151e+06
5.882398348667265177e+08
2.522162353543471079e+06
2.534852635680445470e+06
2.549048076130197849e+06
2.577523394908998627e+06
2.542269044323815033e+06
6.784568947133080959e+08
5.916425264491305351e+08
5.626250948164336681e+08
6.297519250133602619e+08
5.371545791193966866e+08
-1.575559914435259998e+03
-1.557258213528024498e+03
-1.553232769384834683e+03
-1.566531340776360594e+03
-1.546432300068758195e+03
-1.564922560166334733e+03
-1.575863383798685391e+03
-1.550476520080497721e+03
-1.555880807103909319e+03
-1.563989599484833889e+03
-1.535857762238592841e+03
-1.542907846699730726e+03
-1.578050822185236029e+03
-1.552629173719091341e+03
-1.575717757816251833e+03
