-2.387883679209764523e+03
-2.102070086762032224e+04
-2.614640632420593465e+04
-3.472191761076694820e+04
-3.602786308079098671e+04
1.074738293204225600e+07
4.329572049895665608e+06
5.027725831269898452e+06
1.275509758026702309e+10
1.672332348486649990e+08
1.986474468957149684e+08
1.307791991304781586e+08
5.335050175886509009e+06
6.187190774517741054e+06
6.717964379412448034e+06
5.498111293006042242e+08
2.186879162179594859e+07
2.179521110356706753e+07
2.644676628677621856e+07
2.202216080238666013e+07
2.216771542313652113e+07
7.599281438414095342e+07
6.125205976680324227e+07
8.199787365097737312e+07
8.812323933314356208e+07
5.516136471191091090e+07
5.355511975279796124e+07
5.910779093705789745e+07
5.386812646156667918e+07
5.686930333839954436e+07
2.310569079852961004e+07
1.084507756708231755e+07
2.153115743404846266e+07
8.254563831135307439e+06
3.284983219108901173e+07
2.350628585277759656e+07
2.901586208147446439e+07
1.769010460009713843e+07
2.998398296369149908e+07
3.892353290245327633e+06
3.732421222236052621e+06
3.685726850831472315e+06
3.621235359222473111e+06
4.011418992047795560e+06
3.793468603223138489e+06
3.612384741203695536e+06
3.641016699874903075e+06
3.867431703445472755e+06
3.679665535275903530e+06
3.846686172041853890e+06
3.944820185780444182e+06
-1.545622517774492735e+03
-1.549925832510110922e+03
-1.560135900912049692e+03
-1.577066115492110839e+03
-1.582800601347204065e+03
-1.582662512919865549e+03
-1.575532452907500556e+03
-1.561841579693951644e+03
-1.551861515969416359e+03
