-9.753022369455880835e+03
-1.782642099863788098e+04
-2.183440629980697850e+04
3.132076248140222742e+05
1.602570290633983095e+05
7.260347285832470516e+05
1.596846469732913673e+08
1.930911407426939392e+10
1.299852827960556559e+07
3.404577267037019879e+07
4.061877637906440650e+05
6.252793090593823232e+06
3.730088625273169484e+06
3.137272407123640645e+06
2.951164784109055530e+06
1.619727889412833028e+05
1.624011302014651883e+05
1.709502380233697295e+08
1.894459401610742807e+08
1.996407153631611466e+08
2.011227599086358845e+08
1.877469283970798552e+08
4.619941078285826743e+07
5.160217736782890558e+07
4.617601453726299107e+07
5.728248660030315816e+07
4.677968899466814101e+07
1.989614143346657157e+08
2.158725193267375231e+08
2.054024737622359991e+08
2.149955514257227778e+08
4.229402301375298761e+06
5.524793987985704094e+06
5.161437801247097552e+06
4.476769478650686331e+06
5.111131579832834192e+06
5.374872381187960505e+06
2.217119386460533366e+07
2.138767399253622070e+07
1.993372153174891323e+07
2.280918577758397162e+07
2.135712208902658150e+07
-1.551150857040891424e+03
-1.566819931756152073e+03
-1.573382744373317109e+03
-1.535594700213172473e+03
-1.572065089223760879e+03
-1.564767607316403883e+03
-1.570175974518293515e+03
-1.543419864112336654e+03
-1.565048512443230720e+03
-1.559976799817843130e+03
-1.555666544681647792e+03
