-1.580046810822199768e+04
-3.619496254803249758e+04
-3.700029557732219109e+04
2.086925438053377867e+08
1.656507712890754640e+08
1.131152275998476297e+08
1.346719283876799047e+07
9.218166340173680335e+06
2.264592441671520006e+06
2.327742901952606160e+06
2.308992277370454278e+06
8.308316206891897134e+06
1.908438545227666385e+06
1.629257713984011440e+06
1.638205279924965231e+06
6.996638780146596953e+06
7.015403540179478005e+06
7.038887527787353843e+06
7.284413588927617073e+09
1.748741075333593786e+07
5.438227032722065598e+07
1.866163647441171855e+07
7.062391073790040612e+07
4.164308776655250695e+06
9.893484707644750178e+07
1.050062740949132442e+08
1.143439385015944391e+08
1.010673914074423462e+08
2.362689097438402846e+07
1.472489470103433356e+07
1.315594776444821991e+07
2.713554550750116631e+07
1.574791157070865296e+07
1.569266231828647293e+07
1.226667415779949493e+11
5.219314155032970428e+10
7.348884789890605211e+08
3.649482876202374935e+09
-1.414187357892311411e+03
-1.429499141632026294e+03
-1.408312325122271432e+03
-1.379085332120856037e+03
-1.398705457684962312e+03
