-8.854030438023368333e+03
-3.158588320849284355e+04
5.910469997447282367e+03
-1.892448232405315503e+04
1.867057012117031263e+06
3.475496053880192921e+05
4.744273136159980204e+05
6.702732153267760295e+05
1.023570827311186306e+07
7.391459807373775542e+07
6.332321507980947196e+07
3.457025134810795425e+05
3.463743035186464549e+05
-1.931513957739295802e+04
-1.671672348797256564e+04
1.037597145066755079e+07
1.023199899705473334e+07
9.953557709326248616e+06
1.051645269848376513e+07
4.995754798465915024e+06
4.832477041611545719e+06
4.829727101909959689e+06
4.730530475773482583e+06
4.711052535264812469e+09
1.208529110264038086e+10
1.541566580489503384e+09
7.066846493785582542e+09
1.514710493300674716e+06
1.510876547010249924e+06
1.516407124503306579e+06
1.512361870491684182e+06
1.495553193715471774e+06
1.503715992569211172e+06
1.521665771708396496e+06
1.542675970759286545e+06
1.538162068958639400e+06
1.535045397017837269e+06
1.511320229324056068e+06
-1.228039319939038251e+03
-1.211670720631373115e+03
-1.177600836443220032e+03
-1.254956566076230956e+03
-1.250480022387666395e+03
-1.183747642196918605e+03
-1.219073145868460415e+03
-1.225805430587322917e+03
