-3.588110101917725115e+04
-3.808629124145609967e+04
-3.865920804245268664e+04
3.532224855179499835e+07
1.588870190245859337e+10
8.903095781866512299e+09
4.359606990075085196e+05
3.969005263227240741e+07
1.667693413885626984e+10
2.022532009525638733e+11
4.504107600720242500e+09
1.019527881755473938e+11
1.528460149477976799e+10
2.399514911618184280e+10
1.390429065001804614e+06
1.382698925663429778e+06
1.305238875254349969e+07
1.337870027580213919e+07
1.904167612261149287e+07
1.023398126304099150e+07
2.131108830761212483e+07
2.159434964701252803e+07
2.098760248446750268e+07
1.300586610648891926e+08
4.650707604866774636e+05
6.692586822338520736e+07
4.522535021835461259e+07
1.583907608632333565e+10
5.545655758683828637e+06
5.223035468929755501e+06
5.241414342412384227e+06
5.327104546340902336e+06
5.392474775062095374e+06
5.052721820886320435e+06
5.215124391765931621e+06
5.542449110151598230e+06
8.095383132198693275e+09
8.294314302292296886e+08
3.307418914134630585e+10
3.450730591695784569e+09
9.580236172236957550e+08
-9.917333882831444498e+02
-9.099274417611304671e+02
-9.956113315957773011e+02
-1.013011938167852350e+03
-9.579534975814458448e+02
-9.239540423784346785e+02
-9.055673046968586277e+02
-9.309309588405012619e+02
-9.245239126258529723e+02
-9.158236905767698772e+02
