-2.078861223107872866e+04
-2.662641630341030395e+04
-3.056487507913386798e+04
4.423538426444546320e+06
5.193678786480151117e+06
3.371463681198451668e+06
-5.326787919089764182e+04
2.268423908791083377e+05
8.873040535727865063e+05
1.164786265505727008e+07
1.874400469987068092e+06
8.149319180817513552e+04
7.175157927331189858e+05
7.325435850887174020e+05
7.511654723844055552e+05
1.906587684617157221e+09
1.006295465059188008e+08
7.374565768455260992e+08
6.808536245462770760e+07
5.772093808448933065e+07
5.602626501454626024e+07
5.504177021387705952e+07
7.865900570921899378e+07
8.112575309664402902e+07
8.162752486823375523e+07
2.643649478739287332e+07
2.588079170423797518e+07
3.228062204971155524e+07
2.887436828767055646e+07
2.543300832755839452e+07
3.245523845717411861e+07
2.788739904971468821e+07
3.348907940118369088e+07
2.375897188568402082e+07
2.628955372247250378e+07
2.620979911404482648e+07
3.039933546493909135e+07
-9.599538618143124040e+02
-9.936085362909943797e+02
-9.149900554356281646e+02
-9.998609946714714170e+02
-1.007595869201119058e+03
-9.851320864152512513e+02
-9.617450384504918475e+02
-1.002733009962918004e+03
-9.905598269819747657e+02
-9.195443890234164428e+02
