-1.924461914667901146e+04
-3.575471429689814977e+04
-3.792305750619688479e+04
7.522938317796067894e+07
6.745600199798584747e+10
9.160560570527153125e+13
2.549544988472587402e+12
1.028263194222772656e+13
7.332144228838004172e+06
7.097692684236529283e+06
7.515063059284870513e+06
3.112621176390277147e+08
5.096021299760557595e+05
5.133548934155087336e+05
5.119469024261595914e+05
9.091048183693358675e+06
9.010151449438391253e+06
9.262495024443306029e+06
9.556172397692142054e+06
2.094527032289269147e+06
2.021449752581967739e+06
2.160868102422109805e+06
2.068448082853187341e+06
7.522929534955245908e+05
9.887846614180199103e+05
1.006758045411990606e+06
9.384041106773433276e+05
8.736208924134087283e+05
8.489551105098739499e+05
8.317641640714947134e+05
8.336499755024805199e+05
8.456126557499769842e+05
8.372098311491352506e+05
8.756566115932454122e+05
8.499619454309260473e+05
8.743024745089466451e+05
8.730023046335377730e+05
8.330660692023128504e+05
4.336924470873049647e+07
6.670660489723086357e+06
6.097919946375554055e+07
1.684396412359514274e+06
1.134845193700159341e+08
8.227251876643608510e+07
3.872647636743145064e+06
8.536498241657862067e+07
2.877961504576163739e+07
1.780162510323107475e+06
2.467851328906505369e+06
1.804472548881269991e+07
-9.317676411891006865e+02
-9.508536649203451816e+02
-9.397639234766538721e+02
-9.265306804142892361e+02
-9.551057343033899087e+02
-9.490305115313385613e+02
-1.004895667378266808e+03
-9.703477066128398292e+02
