-9.721208150565471442e+03
1.886034692180548518e+04
-1.729131917664919820e+04
8.156246658666932490e+02
5.788922199413356138e+05
2.158618264120205119e+07
1.206784094523027420e+09
5.871962137675527334e+08
3.301880316119666677e+06
4.129717293398725986e+07
1.933326180468894243e+09
2.393867060477567196e+09
3.428209475919635296e+08
2.032598620468423069e+08
9.110643177867089212e+07
8.881103078342036903e+07
1.460461906467223016e+05
2.030098890573550889e+05
2.827178099689379707e+07
2.261911707366799191e+07
2.530486530674109235e+07
2.816047942128239572e+07
2.594315141045599431e+07
5.175498838677257299e+07
3.548794356264134496e+07
2.221232859762585536e+07
4.227489570021622628e+07
2.621271799719830602e+07
1.509810347675840370e+07
2.499755725464848429e+07
2.787182401238762960e+07
2.194397048563197255e+07
2.753322455412579328e+07
1.669599084300850518e+07
5.096708450681260228e+07
5.019732053704608977e+07
-6.864056328331935219e+02
-5.675625366583408322e+02
-6.313298032063466962e+02
-5.735041752691031434e+02
-6.660531500912911724e+02
-6.294354075474839192e+02
-6.179687888770713471e+02
-5.556458729533478618e+02
-6.212824724403035361e+02
-5.735645083572599106e+02
-5.823155531865486410e+02
-6.118990587932639755e+02
-6.154708850900351536e+02
-5.664749831754888874e+02
-5.779890674742346164e+02
-6.575177676023740787e+02
-6.365262356057646684e+02
-5.553372040458489209e+02
-5.902982904915697873e+02
-5.800199376156961080e+02
