-2.551457022504456836e+04
-3.299767203649620933e+04
6.803720030237470865e+08
7.509707214805019088e+06
1.877195314810923004e+10
7.902834393938076019e+09
5.027850892223556340e+07
9.039296718777179718e+07
6.141923513041310944e+06
5.639411274977770634e+06
7.321257176170031540e+06
2.404614171230284497e+06
1.893077757294818293e+05
1.395952817715717538e+05
4.833794935686264187e+06
5.067705325221711770e+06
4.290500994613106251e+08
4.438842618015801907e+08
3.965233834353172183e+08
5.398084432308086157e+08
4.152752175650283694e+08
4.590102510057492256e+08
5.012540836227970719e+08
3.946601375709696859e+07
5.333458209438621253e+07
1.297243530884428136e+07
2.838636378494599834e+07
3.644878621599577367e+07
4.434560714721332490e+07
1.164048291027131304e+07
1.103525779781705327e+07
1.131154759970082436e+06
1.418689580090378411e+06
1.138085503546196269e+06
1.280883707541166339e+06
1.061329646075016353e+06
1.180622185376857175e+06
9.972089257632214576e+05
1.159202683677330380e+06
1.544026044893944170e+06
-6.639738639111164957e+02
-5.849884968275728170e+02
-6.309775562556169461e+02
-6.034926797666412313e+02
-6.340429147888498846e+02
-5.684721681240771431e+02
-6.419202158213010989e+02
-5.816419680717808660e+02
-6.282143903147662058e+02
-6.236561887323914561e+02
-5.635849574936728459e+02
-6.733283846967678983e+02
