-1.901564769603161039e+04
-2.260765076061630680e+04
-2.767949133638399871e+04
-3.596653736434305756e+04
3.330125445217873529e+07
5.673379947817841172e+07
6.881812061093375087e+06
5.002798314789645374e+06
4.635124711053939536e+06
4.546506285378796048e+06
4.732242052535155788e+06
4.250804108438443393e+06
4.127446607053067535e+06
5.711504634045656770e+06
5.992722577985641547e+06
4.610477888332369737e+06
4.089619109899554169e+05
3.226911250122085330e+05
2.757935071218729136e+05
1.925057647655660403e+05
2.832687159878467210e+05
4.097401962578091305e+06
1.267459961343542786e+11
7.085128120703462601e+09
2.922777151121707153e+11
1.852535784205348492e+09
5.408349863793319702e+09
6.875880854480812073e+10
6.741078702337085724e+09
4.828345435356229782e+09
1.351121888608389664e+10
3.782466818518010139e+09
5.352114643328436650e+05
4.199368766546419356e+05
-2.302861505615292117e+02
-1.053254097017634194e+02
-1.815965963490016293e+02
-2.003514646089752205e+02
-1.137456180078443140e+02
-2.564472971139184665e+02
-1.739605627069540787e+02
-2.598469912470027339e+02
