6.033833049918109551e+06
9.261325331965694204e+06
1.175195746070699999e+06
6.425051421764558554e+07
1.564670985185064673e+08
6.533311833922237158e+06
5.503423875245882571e+07
7.705656310365074873e+07
5.747527506262403727e+07
5.767827509015686810e+07
5.518808461511918157e+07
4.854336767207857221e+07
6.451111823455875367e+07
3.236441665195804671e+05
3.340553451014700695e+05
2.853338923783055507e+05
5.317430613376009278e+06
5.293698195960966870e+06
5.556604391241495498e+06
1.228508346210343763e+06
1.234513068031013943e+06
1.291797739381711930e+06
1.248765784768895013e+06
1.251458506060724147e+06
1.243392196329351049e+06
1.165715574905135203e+06
1.253093617467702599e+06
1.929113485286536859e+06
1.736901827926177531e+07
2.665418767177454662e+06
5.312067083151694387e+05
5.259998771463497542e+05
5.114236646290909848e+05
4.951343762600245536e+05
4.606451503991833329e+08
4.974279349422715902e+08
5.121506621019380093e+08
5.449479149314301014e+08
-2.540841200303402729e+02
-2.515662659559457097e+02
-2.203894867407216225e+02
-1.601231783166585956e+02
-1.161198975056468043e+02
-1.676176057918055449e+02
-2.272068232726305723e+02
-1.924326481548196170e+02
-1.623636904990999028e+02
-1.613696399763284717e+02
