-9.040528330591609119e+03
-2.114784727781179390e+04
-3.051352402081979017e+04
6.590349095210093074e+05
2.828989165361418854e+05
2.844478836019326700e+05
5.241708498319979858e+10
8.253125023932892829e+06
6.446404974775807932e+06
7.804184691716938280e+06
7.271517538160002790e+06
9.068054314647881314e+06
9.074951052679371089e+06
9.408428713594606146e+06
8.267670607248409651e+06
6.756837540308764204e+06
6.831120134643313475e+06
8.197823094390116632e+06
2.363129137792715430e+07
2.655804898392196745e+07
2.132116529831134155e+07
2.132508746977693588e+07
2.338954746904740110e+07
2.583868862792346999e+07
2.426860136785290018e+07
2.414156428798838332e+07
3.476510912936557531e+08
3.784323844545884728e+08
4.096412400933680534e+08
3.791347643039937615e+08
3.819129911620866507e+07
3.457826719672319293e+07
9.033575349114501476e+07
6.436934820261855423e+07
3.253680265050273016e+07
3.992682605055763572e+07
3.323999017585072294e+07
4.201811672870796174e+07
5.098591287330200430e+02
4.219279255277069751e+02
4.278359676543914247e+02
3.078312540505721699e+02
5.004078253087354824e+02
2.940406870458391495e+02
4.660144340082770213e+02
2.697742671308224089e+02
3.880870861332223285e+02
2.790348693665000610e+02
3.754692809930420481e+02
4.188833575230673887e+02
3.864001434555684682e+02
3.380801170132472180e+02
4.103749867241713218e+02
