2.101658634953761473e+06
2.920900811603931244e+06
7.766093660793111660e+06
7.296740956443089060e+06
8.821633707771146297e+07
4.523507677880098820e+08
1.934345985958454758e+07
1.482427150261709280e+07
1.641620147002432123e+07
8.888190805130464723e+05
8.402511642473918619e+05
9.060902309907380259e+05
8.488033509062555386e+05
8.098321706327225547e+05
2.981305904362699017e+07
3.663732400369443744e+07
2.747343444355220720e+07
3.208143947468746081e+07
4.410843501412896439e+06
4.262899029739211313e+06
3.454888846341411583e+06
7.907804239186368883e+06
4.914274488609599881e+06
6.400015056757895276e+06
6.050609975599774159e+06
5.025778555425397120e+06
1.219600860090262489e+06
1.195814453597057611e+06
1.198712047914955998e+06
1.104929956023175735e+06
1.108654397996974876e+06
3.435594928160670213e+06
4.042893502853698283e+07
1.987620632514868975e+08
3.654568143490627874e+06
1.208974349448438883e+08
2.976206226577290893e+07
3.804849199803243876e+08
1.069702277628384763e+03
1.064766871174244443e+03
1.008396104163955897e+03
1.215542300947883632e+03
1.194376580190932145e+03
1.064129631525807781e+03
1.289704519246442942e+03
1.041382189169904450e+03
1.124340506445296342e+03
1.161326915195502806e+03
