3.007610637606929231e+03
-6.849303901236264210e+03
-1.339697094539660247e+04
-1.573554295583782005e+04
-1.926423952843199368e+04
1.089607514936740336e+05
1.087305009568560490e+05
1.989410645583301084e+06
3.359204475031785667e+06
6.629242090843982296e+05
3.398311842703022957e+08
1.592080508612944279e+06
2.929069537633365020e+07
-7.588461720837251050e+03
3.791712002351156235e+09
6.575226578439245605e+10
2.245085545946750045e+08
1.733588087888358906e+07
1.633618518332164176e+07
5.626876765259135514e+06
8.835218408542383462e+06
8.737985924898630008e+06
1.786727533643560112e+07
1.624098181224755011e+07
1.404967360688698292e+07
9.565149630528451502e+07
2.562088877081436664e+07
2.870910007613783702e+06
2.140141784660660923e+08
1.820337583751806244e+07
1.653217471420539357e+07
2.116275957254011929e+07
1.178094010474975780e+07
2.124871636421361472e+03
2.309623860474413959e+03
2.005866355335456319e+03
2.324306738031271379e+03
2.134476553170505213e+03
2.008694072765560122e+03
2.053426428993203444e+03
1.942063816537352977e+03
