-6.697653161192647531e+02
-9.858880974238079943e+03
-1.802080889332492734e+04
-1.894847825517716410e+04
-6.482803687748677476e+03
9.320188266029076185e+05
2.415678086163080588e+05
2.782541187164093852e+08
5.611816444079332054e+06
1.053894639663505793e+09
3.242642313232194424e+09
5.991377608712477684e+09
6.370150128765941598e+06
7.141761447553938255e+06
7.851257501573868096e+06
5.128774875615280122e+06
4.497775749985127151e+07
3.102885403876806051e+07
3.994628907341284305e+07
5.480717174335402250e+08
6.799221115282796090e+05
8.778454062836700678e+07
-1.168342066416083253e+05
2.238262465574980259e+09
8.070682265666827559e+07
1.876777600509805838e+06
1.738271715258511016e+06
2.979433784389168024e+06
1.291902228093922371e+06
5.114768960888866335e+06
1.219508938756171381e+06
6.541865649621696211e+06
3.476307444731365442e+08
4.009815723515199870e+07
3.381653919060729146e+08
1.158012610563049465e+07
8.498779718032918870e+07
1.250901861448705604e+05
1.432493224328131182e+05
1.202115271132571070e+05
-2.144121207423839951e+04
-3.841265011259070889e+04
1.032587732117885316e+05
7.899333006862622070e+11
2.355583241384124146e+11
7.361562526021029949e+08
4.664765916839548945e+08
4.666168806851952553e+09
1.434264011997246444e+08
7.353280187425230713e+11
9.191730878975740967e+11
2.826904639560881138e+09
3.473010820886731381e+03
3.165134125236014370e+03
3.591213503893639427e+03
3.447195366297790315e+03
3.673386701715469826e+03
3.262724166365165729e+03
3.449198311004351126e+03
3.392180827621719800e+03
3.600987224895216059e+03
3.246473949014733080e+03
3.185786316713056294e+03
3.668929442961059976e+03
3.378209425005305093e+03
