1.907839917848206824e+03
-2.467046492844152817e+04
3.603432579800553620e+06
2.255868199625028297e+06
4.134873373605680536e+05
4.638591609096998000e+05
1.582260309165315703e+07
6.611964917704591528e+06
7.178987461342047900e+06
3.658898458591394871e+07
5.919365849049444497e+07
5.225163307070384920e+07
4.318736632689135522e+07
5.551381577089314908e+07
5.477486001136712730e+07
4.474967072922014445e+07
4.256990903031696379e+07
9.361065563740700483e+07
4.854706048930713534e+07
2.223537252774287015e+06
5.238944032182238996e+06
2.710428163248189166e+07
2.717049841775646806e+07
1.077752024349931255e+07
5.600786881511579268e+06
2.464405576703910250e+06
1.690080122516859556e+06
3.853782195603956934e+05
2.166755161372800940e+05
-4.249724492003697378e+04
-5.269291874617522990e+04
4.275454647592432052e+07
4.768983606887830049e+07
1.215048807102098703e+09
2.705206993249294348e+06
3.637235166690719780e+03
3.587278554123622598e+03
3.578623970493179513e+03
3.342270417552179424e+03
3.217378389484510990e+03
3.416166050764208194e+03
3.500852952905755956e+03
3.365547841826075455e+03
3.215659352346381638e+03
3.342687032227142481e+03
3.526330723798077088e+03
