7.286419244575165067e+03
9.490804178911955096e+05
1.215342122015525587e+06
-8.620223872647091048e+04
4.806715651016204618e+06
4.491812145087783574e+05
4.986028066145119956e+05
4.097641790962750092e+05
6.037723761537311971e+07
4.493143160715557098e+09
3.395110787776315212e+07
8.633700164169534302e+10
4.424510326313005447e+09
7.372103661785019934e+07
1.066476331887412071e+07
6.850773996602150612e+06
1.167645216269505583e+07
7.666087514260662720e+06
1.006735097037372738e+07
5.096471455506327562e+06
6.399186768027156591e+06
9.371698415169686079e+06
1.032945676142387651e+07
1.305570910902853869e+07
1.868882380746144429e+07
7.225736303023629189e+09
1.455875771538667679e+08
2.015541603422790468e+08
1.458958879582104087e+08
1.890534274832411110e+08
2.037689311778647900e+08
9.376291302429397583e+10
4.302377683976736665e+08
1.595877062290993214e+09
4.110904861522328854e+09
4.447382434032380104e+09
5.588721619912464619e+08
4.263603689030792713e+08
7.383076723821376264e+07
1.063160149856565475e+09
1.088841722410371246e+11
2.020834590934449807e+06
1.350382010963997571e+06
1.701270556899297051e+06
7.321129595932604570e+04
6.531181502351146936e+08
1.719675368047893047e+07
7.426968632000993239e+03
7.335827337366907159e+03
7.315009777539205970e+03
6.862278813505719882e+03
7.430616024219198152e+03
6.857304391692479840e+03
7.500658625643438427e+03
7.498816806000453653e+03
