-5.811181044127446512e+03
1.160622092298271507e+07
4.641726059999237955e+07
8.975969297234321013e+06
3.426958966934012249e+06
9.010055713480630657e+05
5.869613996801594039e+05
5.155735118109794566e+05
5.905166821655309945e+07
1.171690157642092928e+07
5.460881486367821693e+07
8.268897954887803644e+06
3.863749535388422757e+07
8.443600063350936770e+07
3.541545416773907840e+07
7.322181041904376447e+07
8.262708974720783532e+07
5.652028410483002663e+07
2.636352891082295682e+06
2.505348467766247690e+06
3.401082140662862454e+06
4.996233495747159421e+07
1.559031992267801523e+09
1.252529858053676784e+08
4.934113024285710603e+07
6.144688949548223056e+06
7.760596939282569289e+07
1.013467566268070415e+07
1.063009728249527067e+08
1.678881470605767099e+06
1.152639725372781279e+06
3.606942439592526436e+09
4.341445515929154053e+11
2.426284040733031616e+11
6.556467826426544189e+09
9.274356999339426402e+05
7.312252480855328031e+03
7.646012375975085888e+03
7.474468622272805078e+03
7.008243317864282290e+03
7.416423143697349587e+03
7.169671405425848207e+03
7.087122927704273025e+03
7.319858112940099090e+03
