1.238194005434460996e+04
6.185260584756033495e+03
-4.339138218038449850e+03
-9.099257791501502652e+03
-1.122891778761443129e+04
-1.018997155175563967e+04
-1.113175011127732796e+04
-5.847964807050934178e+04
-5.977801911319060309e+04
6.944046166788199916e+05
-9.888150342891400214e+03
-7.259187632159054920e+04
-1.435177731255659091e+04
5.392126702331785113e+06
3.921060354144817684e+06
4.556194556974267587e+06
1.280912698056208901e+07
2.394294286530753598e+07
1.574844987769057974e+07
1.489732473550087016e+05
3.612078217276911600e+05
4.240017899489007890e+07
-2.976197065882249444e+04
1.019696651866706787e+06
1.019286214375220984e+08
3.892636658582706004e+07
3.830778666657345891e+08
1.673296079161656797e+08
1.232162314572497159e+08
5.231511946505106354e+10
2.914820341806949377e+08
6.244963872146524489e+07
2.008388585924674990e+05
1.078877933661832503e+05
1.636924594725058705e+05
1.814219968404711981e+05
1.729163658153916185e+05
9.761914938249901752e+04
1.365542296316480206e+05
1.080205122292891610e+04
1.024845216722250916e+04
1.071614666344010038e+04
1.081213986427284544e+04
1.065760647667697049e+04
9.715376177274039946e+03
1.031897192761092447e+04
