-6.469017940799894859e+02
-3.143146633876363921e+03
-8.104549578645877773e+03
-1.069207821034898734e+04
-4.382404917534389824e+04
-5.228066408136637619e+04
4.606886928669465124e+05
4.400570507665451150e+05
5.293015570488284575e+05
3.447064201555890613e+05
4.391252899580853060e+06
1.531869276672593784e+06
7.504643238884807564e+06
2.842370124221050180e+06
1.071243279232832789e+08
1.155425431461506151e+07
2.188780024820335582e+07
3.770428160566084087e+07
7.807216323903504610e+08
9.807835693491920471e+09
9.969770859310548007e+07
8.588164795881666243e+07
1.267747799651394653e+10
5.293857444045826793e+07
1.262870551396034844e+07
1.529092655322767049e+07
1.017962987092291005e+07
1.337865186652431637e+07
1.227308212339749187e+07
1.418865011994764768e+07
1.159552821512355283e+07
7.499322518678454217e+05
2.688108017150827800e+04
7.751498379009837518e+05
1.156465794913925929e+05
-2.280148353210818605e+05
2.164589719826497603e+06
6.797008120776298456e+05
1.068035995701036882e+04
1.012244213867711369e+04
1.062772461152775213e+04
1.024799660552036949e+04
1.041637821491275099e+04
9.968204064401506912e+03
1.076645059437237796e+04
9.684107987030758522e+03
9.688742955914582126e+03
9.610972426685941173e+03
