1.501105467295939161e+04
1.647562408575354129e+04
1.259977527197219388e+04
4.362634723661401949e+03
-5.101483534572187637e+03
1.687927791022603196e+04
2.119824210530571872e+04
2.766505444896824338e+04
-1.003564905144732620e+03
-5.682709444397385960e+04
-4.657858009973978187e+04
-6.862185679779917700e+04
2.194064009976326488e+05
6.930890453568134690e+05
2.729653130124653690e+05
1.182881999018651899e+06
6.650665541519259568e+05
3.900889212971277535e+06
1.114708237850729609e+06
2.130980327310274821e+06
5.791242159001487307e+06
2.055633713773545751e+05
5.108893084742406383e+06
8.405770001073299209e+05
1.637167526554559823e+06
3.080047068991725333e+06
6.426944935605105711e+05
7.693221446777589153e+05
5.377231048479255987e+05
6.840615792044808622e+05
5.345074845409076661e+05
1.518340359030922991e+04
1.334291169208780047e+03
5.927789492765102477e+04
1.783716940794511756e+05
1.459747318801278016e+05
1.289148910369416990e+05
1.404488191363547230e+04
1.408785853175295051e+04
1.475096487934081233e+04
1.457634568055428099e+04
1.367955093110431335e+04
1.339695263855124358e+04
1.416288749058925896e+04
1.351008424601401202e+04
1.446606381756349583e+04
1.465071132760393084e+04
1.451932961995498044e+04
