1.537181102920001649e+04
1.536212287196222314e+04
1.576641466258272339e+04
9.394898702215359663e+03
3.399736322283817572e+03
3.545177044101059437e+03
-4.366628150027107040e+03
-4.282691006144195853e+03
-3.664203151666501071e+03
-7.919540979393670568e+03
-9.532556061081886583e+03
-1.292253220820887145e+04
-1.379847020831317059e+04
-5.554582199099643185e+04
-2.378642326881524059e+04
-5.365990679411950259e+04
-5.019792578300052992e+04
-5.981828858303456218e+04
-5.859613089839543682e+04
2.447584733924877946e+04
-4.705063518461141939e+04
-4.146585609951426159e+04
5.216425458971002372e+05
4.352555739751915098e+03
1.234103248883582273e+04
1.172228102899010410e+05
5.117558244652599387e+04
-4.097230020371197315e+04
1.023804805128988577e+06
2.346090625218484201e+05
3.781051565570062958e+06
3.727651750368969515e+05
1.527224359288757842e+05
3.662929777919317130e+05
5.460117823938236106e+05
1.037635217488594353e+06
3.115181509589267080e+05
1.411980770726176351e+07
1.269909705063308030e+07
1.483498508136822842e+06
4.907671169430707814e+05
3.302271480484211934e+05
-2.073800129302981950e+05
4.732573640580444771e+04
-1.969388913987381966e+05
7.644643286950397305e+04
-1.090286459454398282e+05
3.136051584716347861e+04
6.028142413002889953e+04
-9.346671917644649511e+03
-1.813137921760520258e+05
3.797834235781148891e+03
1.442176542212493951e+04
1.441813979470162303e+04
1.397256350588129135e+04
1.376661342389008496e+04
1.423831057371333009e+04
1.400637538801284973e+04
1.470000126849269145e+04
1.405371418542266474e+04
