7.386574430537148146e+03
5.423576567675714614e+03
-8.128652711559756426e+03
-1.013776997406206647e+04
-8.435382281792804861e+03
3.225932604058181096e+04
4.512855000355223310e+05
3.698998939795638919e+08
1.065382214266221523e+08
6.306503980680160969e+07
3.479943509163719177e+10
7.141726179180725012e+05
1.718486387835058570e+07
1.457814289842815837e+06
7.174762726297652721e+08
-1.255604904041418049e+05
1.472601357060985267e+07
1.590271347516326001e+06
2.149225804726530612e+07
8.059326088080198970e+05
3.032838776533285901e+07
2.031064182307497133e+06
3.905764252347026020e+06
5.433592423703596927e+06
2.485400558078399394e+06
2.691626536007816903e+06
4.753265642524098977e+06
5.106169506494409405e+06
4.614084070945838466e+06
4.528734782571910881e+06
2.463971118045255076e+06
4.161137700126823504e+06
2.870670744930963963e+06
2.061595258299142821e+06
2.372314608293556143e+06
1.347030437521165004e+04
1.354732169331522891e+04
1.408271168530089199e+04
1.427724906586389989e+04
1.443103921103457105e+04
1.349278766148659633e+04
1.439661272673646454e+04
1.388337430926182424e+04
1.389112263425014680e+04
1.447011131294479128e+04
1.422251116614660714e+04
