1.395374355088769880e+04
6.582655840029910905e+03
-2.653260047001022031e+02
-6.093082852402822027e+03
-3.811141788826389529e+03
-5.478756830662538414e+04
-5.481309353385818395e+04
-5.689864589307909773e+04
2.530536921141740866e+06
4.850497585243941867e+05
3.572491000955436612e+05
-1.251663481179817609e+05
4.133095579475386068e+06
2.819707807860583533e+06
1.835170482030387968e+07
3.516842565932719503e+06
7.554182542071166448e+06
5.110195448155068792e+06
1.284026761330099031e+07
1.004681595088081621e+07
7.505758149259584956e+06
9.929240598008589819e+06
4.082880714487270452e+06
1.121682221090270281e+08
2.305600472144688110e+11
3.809673458047396853e+05
1.984467643024582214e+11
-9.704414280487767246e+04
2.105201679985358845e+06
1.553635954095702410e+09
2.915468651045699371e+05
1.370397586507470906e+07
2.544826119126376510e+07
1.874780450266348571e+07
2.733092387554280460e+07
2.215781861980282888e+07
8.921834706067151856e+05
5.430885837857504375e+06
-3.215701221172627993e+04
7.667929027683377499e+05
-1.003894310392195184e+05
3.461258883152600378e+06
1.999581917882250855e+04
1.817526433153537801e+04
1.853711847014861996e+04
1.953236840539629338e+04
1.844365350824571215e+04
1.935483426482707728e+04
1.998457005475138430e+04
1.892196643064261298e+04
1.796247660997044295e+04
1.915339795559539925e+04
