1.996741255009019005e+04
1.799334074970758229e+04
-6.695564233673067065e+02
-1.029652382922409015e+04
1.730329903437230736e+06
2.480665963518952020e+06
8.606456243115367889e+08
2.414219810571238995e+08
9.496427047044318169e+05
2.835109218055977835e+05
7.914424496129914187e+05
3.440848991620550514e+05
7.847363805958855664e+05
7.157932414296744391e+06
1.309782277266614838e+06
7.119461527998445556e+06
6.798316345646995306e+07
4.119351857866775244e+07
2.646493867545413086e+05
7.854687990804110467e+07
2.410263695313262724e+04
5.327720162268262357e+05
1.255983081101570977e+06
5.808996566615464166e+06
1.001598265095200622e+06
4.670566119096787879e+05
6.292240248098990414e+05
3.129470756090293871e+05
4.422464619849865558e+05
3.778379384522191831e+05
3.145506336260418757e+05
4.871620927252341644e+05
3.589988134554275312e+05
2.893055680823020521e+05
3.192974984218651662e+05
4.757690277584132273e+05
6.783763745926382253e+05
3.550674714119414566e+05
4.152964367262920830e+06
4.517987810897752762e+09
1.319922025378431892e+06
1.529497149141546106e+06
4.023689366722175598e+09
2.110056903672199696e+07
2.002082709446754074e+06
9.353754553245252464e+04
2.283332286288756877e+07
4.189792677614812274e+05
1.341065045213548280e+07
5.297206584186266176e+06
1.225741881584249204e+06
1.804081487524180557e+04
1.891719270128509379e+04
1.972517667101306142e+04
1.871694061995923403e+04
1.797510011694615241e+04
1.802035790262391674e+04
1.839280178680099198e+04
1.798096315685828449e+04
1.854214853420705185e+04
1.833624424874916440e+04
1.833478548846303602e+04
1.887662068529453245e+04
1.850012038363207830e+04
