1.781496435760454551e+04
1.047004168797768943e+04
3.311874420224026835e+03
4.421106045841610467e+03
3.337846969499632251e+05
1.206522347516209353e+06
2.187285557765499573e+11
1.274702307016941452e+10
9.331937485499571264e+07
1.761535619866833789e+06
7.300275060046201706e+09
2.024673487534239248e+05
1.253101931423877001e+09
1.495895802639136463e+07
4.888209988616833836e+07
4.353586516629653424e+07
6.051321332795360088e+08
3.593178432570129037e+08
5.662395018598015606e+07
6.309207911892718822e+07
4.808756833186870813e+07
6.516476487299190462e+07
5.270659967568650842e+07
1.033647114436384989e+06
4.883027070455275476e+06
2.227573285388790071e+07
2.873598540957101062e+07
7.740612663575159311e+08
7.678789675377737731e+06
2.640909973388222978e+07
3.846161076029654127e+06
9.720960730479283957e+05
7.192973604122104123e+06
1.073598296341087520e+08
1.420015765715388767e+07
1.223110864412495941e+08
1.530801987090016529e+07
2.467358337051287526e+04
2.481019316420776886e+04
2.484923161273708683e+04
2.619815267358906567e+04
2.662223180549076642e+04
2.600013658456315170e+04
2.414188281204132363e+04
2.665458289441277157e+04
2.563470418777535087e+04
2.523753832281913492e+04
2.542886736605255282e+04
2.532446082509431290e+04
