3.785659165258126450e+04
2.725016448271814079e+04
1.236158866137764562e+04
-5.788366256861182774e+04
2.181144361360968649e+08
-6.219907156123320601e+04
3.595224888438242488e+02
3.651822275303862523e+06
1.731338225769266952e+06
9.702429721476084087e+05
8.748686508118541678e+05
8.100876671359156026e+05
1.181180463199221343e+07
1.046838397008920610e+08
1.009618049189403653e+07
6.919691315581065416e+08
3.484797384055266529e+07
1.573495670093765296e+07
3.270274936325439252e+06
1.005399857141408920e+10
4.399059283832425624e+07
5.176968240684007294e+06
4.954282652926016599e+06
1.105008398840923619e+05
3.248672294668338448e+07
6.681034630713688135e+08
5.059849072534245253e+08
7.733129585159066319e+07
6.125339383632178605e+07
1.660194455995368063e+08
3.524350560408585072e+08
2.203710051577519178e+08
4.412449110921851546e+07
9.562382163747233152e+07
3.141070160760071874e+08
2.305106134269233327e+06
1.536824729855654947e+07
2.076994148087427486e+06
7.239604076491964981e+06
4.809855068698669202e+05
1.365054339871500619e+07
4.323289051577898208e+05
1.590573188824281795e+06
3.440439682016137522e+04
3.375763978916170890e+04
3.489468302740249783e+04
3.305045010436722077e+04
3.567287121985599515e+04
3.269745811339904321e+04
3.424943775981676299e+04
3.289599030488409335e+04
