3.093873941049657515e+04
1.960687678658928780e+04
1.820372876180682943e+04
1.699860679624036857e+04
1.804449998097624484e+04
4.913066530901713122e+03
9.530530031687791052e+03
6.730167952347699611e+03
2.198560267799430992e+06
1.751800486859744182e+06
9.998039737891848199e+04
-9.178511124623447540e+04
-1.146743224996217905e+05
1.320675238253846765e+07
9.265319521078215912e+06
3.348853440045313835e+08
1.123574700703644427e+06
6.180430271353764692e+05
7.721730412659752183e+05
7.310638498007452581e+05
5.156238340491245617e+05
2.155858843621898559e+05
1.628112909132153145e+05
2.079425806900915146e+09
3.536234765790050983e+09
8.227850481733960100e+06
2.219066466125657082e+09
2.941469931826078333e+06
3.400771530421666102e+04
3.471210169101136853e+04
3.262426105829895823e+04
3.217806044998587458e+04
3.309428615447808988e+04
3.300697100036995835e+04
3.377740348638748401e+04
