3.665705252280865534e+04
3.342443527672704658e+04
2.744259158872260014e+04
2.737131942870782223e+04
1.569230574922337837e+04
4.157377811365929665e+05
2.920981251998330699e+05
3.327355363027335261e+05
1.400992919333371101e+05
3.538324400396389961e+08
3.976759245060501155e+06
1.074472532168778181e+09
1.719798577518837899e+07
4.807431405390374362e+07
2.472725612191900015e+08
9.137841071402957439e+08
2.404990992206153274e+07
5.138817197201620102e+09
1.357992416433151998e+07
2.038563244456611574e+07
2.311026593656018004e+07
1.712133950200750306e+07
9.691317151121620089e+06
1.995263592865586979e+06
1.419687123834916390e+07
1.437821416760021448e+07
3.401787919645793736e+06
7.808904940346966498e+06
1.597272800555333868e+07
3.192207860650588512e+09
1.120504617677700147e+07
1.421545148967691697e+07
1.084941193025692552e+07
3.246559020229659975e+06
1.630096051483044773e+07
1.243857450690221041e+07
3.177994703303096816e+06
3.672486552192900330e+07
2.741945892429348826e+08
1.900974647454569042e+08
4.321152099638673826e+04
4.450033194195889519e+04
4.374345688348170370e+04
4.478164981055408134e+04
4.657319677794189192e+04
4.519520420985762030e+04
4.349404436940030428e+04
4.395808236411330290e+04
4.419314152245275909e+04
