4.976344475774411694e+04
4.269665445734548848e+04
4.782613828075514175e+04
4.293343396800653136e+04
4.078267828055063728e+04
4.103567060283409955e+04
3.476576514452743868e+04
3.714229052368020348e+04
2.993573970882037975e+04
2.838995181443864567e+04
2.948844634920181852e+04
2.758669965681069152e+04
3.018778373397458199e+04
2.466810338050126302e+04
1.813811323010924389e+04
2.362192916226215311e+04
1.512692045900766971e+04
2.386860991295987333e+04
1.387921928089611174e+04
1.673859000826588453e+04
2.480409819316044741e+04
2.640014161278557731e+04
2.573252750501397531e+04
2.111646048346065800e+04
2.637764538705378072e+04
2.416976010041832342e+04
1.225252440708709182e+05
5.105159002160586533e+04
6.091719628732788260e+04
1.186390582627851982e+05
6.421579470633869641e+04
8.138031262993768905e+04
4.418288162668328732e+04
4.680771865718532354e+04
4.331500999817418051e+04
4.630835470986741711e+04
4.669681394161502249e+04
4.404320930497895461e+04
4.685877686267244280e+04
