6.386256778818376188e+04
6.086853976065867755e+04
5.494810963702606387e+04
4.154422408906406781e+04
4.384716829082078766e+04
3.895374922070206958e+04
4.179678423012272106e+04
3.622544100604784762e+04
3.294991132831290452e+04
4.141880209619865491e+04
-2.125171695358853685e+04
4.352068643545668456e+05
8.115325137280336348e+05
1.431593176905044587e+06
7.826946687873789342e+05
5.534565672929127468e+05
1.196516396021394292e+06
2.265055702379122376e+07
1.558091000043779798e+07
6.430510779186387081e+05
1.277711511597112287e+06
5.758404233763337880e+07
2.913049542516487241e+08
6.018531146401711740e+05
4.724460518873194885e+10
1.254878495766366366e+06
1.022580245265148929e+06
-3.693500291240583465e+03
1.405770999211500166e+06
1.362572799474980915e+06
1.754177082735676668e+05
8.571394219697410008e+05
1.575283146552220278e+05
6.186529727340294048e+05
4.238971556583706290e+06
1.136617360597993806e+07
5.671529756421519071e+07
1.940626306807438959e+05
3.584955993219974041e+09
7.492256404648337048e+05
1.293162987250563601e+05
3.957153513101547360e+08
1.380975640170743465e+08
2.813673782574188709e+08
4.737083260084916838e+05
1.879500205677372932e+09
7.471681412170270924e+05
6.093068358242552495e+04
5.796612403743504547e+04
6.042294960510672536e+04
6.065284810721443500e+04
5.915390441396989627e+04
5.931903834750602255e+04
5.703949551450918079e+04
5.771426134596226620e+04
5.796226313383845263e+04
