5.733141449255347834e+04
5.248897216657077661e+04
4.862326861925535195e+04
4.788767479220907262e+04
4.383607740418166941e+04
4.506208118170117086e+04
5.613407231674085051e+04
1.257275156344432035e+05
1.895087370636074338e+06
2.802857789501287509e+06
1.020399148607481085e+07
-2.390721435159526300e+04
1.816427651099785464e+06
1.146278477769057825e+07
1.908924972639926672e+09
8.034223975180507660e+09
1.069274750006116480e+08
4.872207320413233829e+05
2.225193618834997177e+09
1.003647458213451691e+07
6.713043188615575433e+06
4.853778575716606903e+10
3.244077559570823796e+05
1.293427409461793303e+08
4.736587463422553847e+05
2.311473732657480240e+09
1.448411820156475343e+07
2.002214145483983913e+06
2.779767673763018101e+06
2.799608438922834117e+06
7.376189213767801523e+08
7.810187749235352501e+06
3.822585809318950400e+06
2.573722144296490122e+06
7.665430286996508837e+08
2.870879247575949878e+06
7.238368831059433520e+07
3.620434935931783915e+07
9.465620814932136564e+05
6.163111468174678739e+05
2.992293646496112645e+07
4.384551547975657880e+07
4.318857562852703035e+07
7.218752888451875746e+07
2.089296133261621871e+05
3.935343074964817613e+07
5.711919589545950294e+04
6.177035853732348187e+04
5.775197338990110438e+04
6.035266268852254143e+04
6.039060390414771973e+04
5.657039465322866454e+04
5.649420855554836453e+04
6.087423539225326385e+04
5.980377302474193857e+04
5.826796127795852954e+04
