8.328159229663622682e+04
7.950251479943952290e+04
7.294836318317547557e+04
7.759566575410851510e+04
7.378565694634284591e+04
6.930034319228911772e+04
7.261034174536817591e+04
7.156280170746143267e+04
6.911917528565830435e+04
7.220867584424096276e+04
6.453474655285273911e+04
6.907129341360092803e+04
6.404888692760271078e+04
6.646618024812634394e+04
6.124795074800260045e+04
6.400098559607529023e+04
5.711737725044163381e+04
6.439487380262227089e+04
5.762696359674139967e+04
5.590390614541524701e+04
5.868782497189877176e+04
5.588721647423668765e+04
5.499678651189609081e+04
5.854683176184152398e+04
6.028274981642189960e+04
5.671576119594913325e+04
5.089432602822159970e+04
5.770807385276334389e+04
5.265769755933371198e+04
5.719613202197566716e+04
5.753085939101511758e+04
2.552192738001555670e+06
3.518635238069015089e+06
2.003224252688752487e+06
1.515767205591080245e+06
6.223132811750565656e+06
9.348013464725416154e+06
8.019727525823813630e+04
7.566802509354715585e+04
7.642035602684889454e+04
7.676018596630843240e+04
7.725855611250648508e+04
8.112246612907393137e+04
8.166664861253381241e+04
