8.042387567630683770e+04
8.396183491875558684e+04
7.868603531110605400e+04
8.045189464181085350e+04
7.810622993939893786e+04
7.833797619011122151e+04
7.041810196000710130e+04
6.548164954180494533e+04
6.922189564001713006e+04
6.387581809943697590e+04
6.377321235187315324e+04
6.261958397284588864e+04
6.479434281726538029e+04
6.228451681696182641e+04
5.794630101812577050e+04
6.344114144090487389e+04
6.308559904909259785e+04
5.927277096232728945e+04
5.546484314265741705e+04
5.852467112489767169e+04
5.922107013606294640e+04
5.380056242971563188e+04
5.855924263651671936e+04
5.560094760578357091e+04
4.349179415292193880e+05
9.564952238307835069e+05
3.909601392919659265e+05
1.129706147105183220e+06
1.507652769454451045e+05
-6.723380682860540401e+04
-3.213156124044839817e+04
1.062134828940500156e+05
1.118737617232001619e+06
4.162302999780125101e+05
3.947933773981743725e+05
-9.540914844668822479e+04
1.097825256509252358e+06
2.537773559524556696e+08
6.123766841174855232e+08
3.462016013892215252e+09
2.528912015949360430e+08
1.103793656332466125e+09
2.346761541536276817e+09
2.911494188365525723e+09
1.762144248067330170e+10
-2.083755540008599928e+04
8.067013014305016259e+04
8.144905135212995810e+04
7.957736624115298036e+04
7.830992822336417157e+04
7.658709966865897877e+04
7.489621081694390159e+04
7.840323335106018931e+04
7.946275622436072445e+04
7.499795014360314235e+04
