1.372981824082112580e+05
1.461027213617984089e+05
1.408194804619855131e+05
1.343781561143397121e+05
1.290835507103552809e+05
1.364206736488059687e+05
1.366597421227526793e+05
1.292007208308895933e+05
1.244529072457067668e+05
1.332223564234989171e+05
1.260212941390094784e+05
1.294166013154948014e+05
1.293302352010921313e+05
1.295109727243302041e+05
1.164455991747816879e+05
1.261554911707146093e+05
1.249710056142875692e+05
1.211951632201615139e+05
1.174687511182731687e+05
1.222896248017637554e+05
1.290491870784591883e+05
1.124751294328707154e+05
1.155308172416913003e+05
1.207502165655057761e+05
1.133800498934086645e+05
1.230478794698293641e+05
1.257669363406086632e+05
1.124472781162288593e+05
1.174751340662678704e+05
1.117204769744464720e+05
1.144043107003334444e+05
1.087502748108053638e+05
1.220294866238245741e+05
1.179402309348362178e+05
1.146999779910346842e+05
1.174256407634515635e+05
1.149185496445047029e+05
1.381580346315337811e+05
1.346058970539140282e+05
1.307234911256940104e+05
1.293478557053357363e+05
1.279004379425375955e+05
1.375586863764128648e+05
1.392727489000360947e+05
1.316156696876570350e+05
