1.328321878106938384e+05
1.328802525475755683e+05
6.811165061078354483e+05
3.579596087041015853e+05
9.323553154526636936e+05
2.370157125164049864e+08
4.872288010682457243e+05
7.006704616063490976e+05
8.296003392632882111e+06
2.440351697188782692e+07
4.132572122650100500e+05
1.563966455029879231e+06
2.280199040981191024e+07
6.422551891302488744e+06
6.020346095736796968e+06
7.700249252792948391e+05
2.643902816542434216e+09
3.207425025274838209e+08
2.535478051218255423e+06
8.486834618143726140e+06
1.272493901183256879e+07
5.705541853644041345e+06
1.097881004364743643e+07
1.341077317473340780e+06
7.259942874045057688e+05
2.089760622792934533e+06
2.367618660013420703e+13
2.034122465667749196e+07
-2.081103231847727729e+05
8.994565838317114394e+05
6.246358461576354457e+05
2.350580844421793893e+07
3.405301294391160488e+09
3.336961904122326523e+06
1.647992315470086670e+10
6.622931170468822122e+06
-3.836666922193909064e+06
5.409100477100512944e+04
-2.235500799199552741e+06
-1.776993867147173733e+06
-1.724100537806525826e+05
3.043002861810661852e+04
-2.220768218872209545e+05
-2.794832832443453837e+06
-3.814530159294943325e+06
-1.183940807700111996e+06
-9.035925091646516230e+05
1.051341502117059566e+07
5.907515441149659455e+04
-3.251061080674233381e+06
-7.360406233521897811e+05
