1.895239722697979887e+05
1.825125163494995795e+05
1.872463595649126219e+05
1.762477464296445251e+05
1.717233639165653149e+05
1.719219721221508808e+05
1.765085325199694198e+05
1.786082468302849156e+05
1.578629829495597514e+05
1.654230530451518716e+05
1.747945503472252167e+05
1.677733441644990526e+05
1.632562754993763228e+05
1.582269000102666323e+05
1.670821320134404523e+05
2.125040062203855487e+05
2.081467479133901070e+05
2.081243302280268690e+05
2.472773459429984505e+05
1.845623416697771172e+05
1.681584297661042365e+05
6.618807326940948842e+05
8.453317726547075436e+05
1.261955178272024961e+06
1.019888247126557864e+06
1.812709332230755128e+06
8.697919554314196575e+05
1.019316381460996578e+06
3.491186770968363620e+06
1.118038818498887122e+06
5.965268463067873381e+04
1.268470154806328937e+06
9.847258087419598596e+05
3.915543892149826279e+05
1.096323161922143074e+06
2.597409713165761903e+06
-1.463910981298506958e+05
5.538905583039640915e+05
4.497054424085869687e+05
1.455717888049981790e+06
