1.819892498641898273e+05
1.826172944710195006e+05
1.747981196833422291e+05
1.826403112588346121e+05
1.770066734981627087e+05
1.747911262845922029e+05
1.792180704013195937e+05
1.814137435612010886e+05
1.881100057630913216e+05
1.838414714642340550e+05
1.691989248031611787e+05
1.740335621317645418e+05
1.659833301593296346e+05
1.608780926622409024e+05
1.667831855709998053e+05
1.595350736088207632e+05
1.694193080198713578e+05
1.715228273276742257e+05
1.678655749285262136e+05
1.623673654361225781e+05
1.734757787306849787e+05
1.853645042008169985e+05
1.707335523422850529e+05
1.708181656133320357e+05
1.539892057049029390e+05
1.679185013829955715e+05
1.633665663881098735e+05
1.684295240651931381e+05
1.722716444093584723e+05
1.607011474496513256e+05
1.565356603072148282e+05
1.647912725788992830e+05
2.032504118900002213e+05
1.610201781926029362e+05
2.018717422515098006e+05
2.155176478828652762e+05
2.613813244063945021e+05
2.600434676237022504e+05
2.206329729455000488e+05
2.146125807386860251e+05
2.629741881718352670e+05
1.991156995659074746e+05
2.306469663529507816e+05
