1.687587392535154941e+05
1.837395562295530108e+05
1.822804491403728898e+05
1.811838734054588713e+05
1.681678305579004227e+05
1.722410052898770373e+05
1.714854314737447130e+05
1.677745869272431009e+05
1.792894547537903418e+05
5.015343970049197087e+05
6.638607642459298950e+05
9.902576333874549018e+05
3.270534199243426556e+05
2.393778836949339602e+06
3.126701595887466101e+05
-1.248931342103456991e+05
5.821707440375888837e+03
1.886832750276586739e+05
6.981043608225871576e+05
6.412348575433157384e+04
2.578045347497228533e+07
2.631700002191363648e+07
2.396090628234267700e+06
2.890748219351963489e+05
8.943388042137165321e+05
2.064908785830880806e+05
1.615372667021109462e+08
1.725247447775920033e+08
3.837667945372470468e+07
2.900708870611218736e+07
3.749494956910774231e+09
7.031207421842510998e+07
2.655350637672463804e+07
5.333443997503537685e+06
4.437954907088694163e+06
2.279607920500412583e+08
1.435401941688208580e+08
5.916110030803836584e+08
2.033331007731868923e+08
4.301190956683352590e+06
9.116636495816681534e+06
3.088115519865565374e+07
1.000495093790259329e+06
7.608556469771611691e+07
8.438901100009049987e+05
6.974002407435599715e+06
5.138934937363564968e+06
1.651193094711362076e+10
7.202972100405746140e+06
1.050978799200919457e+06
-2.033846895450424636e+05
2.891821202982426155e+06
7.218186455010485649e+07
3.914469730646713078e+07
