1.797256196467915142e+05
1.864622819709685282e+05
1.764580994369395194e+05
1.718215517965444596e+05
1.816473888742920535e+05
1.699429446773485397e+05
1.660532594848812441e+05
1.458453707154480799e+05
1.475174128520405211e+05
3.722148904605034622e+05
2.411454693139019073e+05
2.527581614143112965e+05
3.590512984197038459e+05
3.731668429152354365e+05
4.941156873882481159e+04
1.264623428699369106e+05
3.590061213128459058e+05
5.129500830923697795e+05
5.317308281539046438e+05
1.589543957562786236e+05
3.187514629059642926e+07
5.384890210697144270e+06
3.754431572686625719e+08
4.505445406320136786e+07
7.769593453877023458e+08
5.183757676249185562e+09
2.882507929907930851e+09
3.028283533175974846e+09
2.445677762723684788e+09
7.692261714801900089e+07
8.596399517265480042e+09
1.278828723204259761e+07
3.110447998229031451e+06
3.803256029013365507e+06
3.130785567892278671e+10
1.206550686928620329e+06
1.909550916949212318e+06
5.313616867556478977e+08
