1.844787783701490844e+05
1.743010838558740797e+05
1.731311143845895131e+05
1.767426384340820659e+05
1.748977514944536088e+05
1.687104858968556218e+05
1.742544352898150391e+05
1.831335850173587096e+05
1.802084767263753747e+05
1.760127231275597296e+05
1.803909154735997145e+05
1.623801597427011293e+05
1.777329269606069429e+05
1.801671728448511276e+05
1.735068764052209735e+05
1.730416151560804574e+05
1.638958008250665735e+05
1.685709662430788158e+05
1.646283895777642028e+05
1.655656301473821804e+05
1.664037058758304047e+05
1.590135395951475948e+05
1.702357276807456510e+05
1.596419957825349120e+05
1.467670749327172525e+05
1.483812987354193465e+05
1.455628661672589369e+05
1.537842691405889054e+05
1.613955734414572071e+05
1.786167989856539352e+05
1.628450994978121598e+05
1.521238648233845597e+05
1.586254122759730672e+05
1.842178244070413639e+05
1.801700770904286765e+05
1.736983473589356290e+05
1.757562568456253503e+05
1.783987973329535453e+05
1.659660484237824567e+05
1.738968326074847719e+05
1.753410277763095219e+05
1.764337436348013580e+05
