1.784670195839680382e+05
1.848543420406150981e+05
1.855448542419321602e+05
1.799867154075159342e+05
1.727696161684281833e+05
1.789613541224095970e+05
1.710226510087106144e+05
1.868226233642066072e+05
1.822732969492160482e+05
1.692992016460800660e+05
1.606429230096326792e+05
1.662561949803838506e+05
1.519812993054158287e+05
1.632319581988456193e+05
1.747422603960517736e+05
1.705684146633719211e+05
1.424243025043221132e+05
3.745365542962874169e+05
2.962970493542658514e+05
2.687939223113065236e+05
1.903965385758133780e+05
2.429702598498640582e+06
2.013876144828155811e+05
1.597759295773391495e+05
2.400449899569561239e+05
2.534600290854823252e+05
3.062933116462297039e+05
2.807868646282194532e+05
2.059501349900178902e+05
2.025856280262407672e+05
3.363166019686694490e+05
1.549424293826894369e+06
2.704775452416026499e+06
1.530399627756458707e+06
1.948485359166435897e+06
3.386422983439296018e+06
2.386998824685647152e+06
3.512391518323737662e+06
