2.339230664918265829e+05
2.429383487794178363e+05
2.326838193418370502e+05
2.520328062222065055e+05
2.473289547396832204e+05
2.433547403566025314e+05
2.307245216647050984e+05
2.337370568530089804e+05
2.401397604869431816e+05
2.418648932355421130e+05
2.458368570466293895e+05
2.306348474409290939e+05
2.333121055184098368e+05
2.401416929036897200e+05
2.283119724368662282e+05
2.355828558138558583e+05
2.422515110717183270e+05
2.292340198420962843e+05
2.485434882077920192e+05
2.482739640580168925e+05
2.332433874129530159e+05
2.389492385456816992e+05
2.399514707925667753e+05
2.410408270517315832e+05
2.436799129267038952e+05
2.348755189997362322e+05
2.356066419792133092e+05
2.325660122013888031e+05
2.276044652859063935e+05
2.399607255795529636e+05
2.452024234005790204e+05
2.325941013417732902e+05
2.339811905249563861e+05
2.377141808961301576e+05
2.373227510906346724e+05
2.397328022139788372e+05
2.438570990841411985e+05
2.300077037221740466e+05
2.437024709224356920e+05
2.372864534279869404e+05
2.381830487075356650e+05
2.455970846591124428e+05
2.380336940114107565e+05
2.410010066109000472e+05
2.355848944183546118e+05
